/*--------------------------------*- C++ -*----------------------------------*\
| =========                 |                                                 |
| \\      /  F ield         | OpenFOAM: The Open Source CFD Toolbox           |
|  \\    /   O peration     | Version:  2506                                  |
|   \\  /    A nd           | Website:  www.openfoam.com                      |
|    \\/     M anipulation  |                                                 |
\*---------------------------------------------------------------------------*/
FoamFile
{
    version     2.0;
    format      ascii;
    arch        "LSB;label=32;scalar=64";
    class       volScalarField;
    location    "2500/air";
    object      qprimaryRad_0;
}
// * * * * * * * * * * * * * * * * * * * * * * * * * * * * * * * * * * * * * //

dimensions      [1 0 -3 0 0 0 0];

internalField   uniform 0;

boundaryField
{
    maxY
    {
        type            calculated;
        value           uniform 0;
    }
    minX
    {
        type            calculated;
        value           uniform 0;
    }
    maxX
    {
        type            calculated;
        value           uniform 0;
    }
    minY
    {
        type            calculated;
        value           uniform 0;
    }
    maxZ
    {
        type            calculated;
        value           uniform 0;
    }
    air_to_solid
    {
        type            calculated;
        value           nonuniform List<scalar> 
1536
(
0
0
0
0
0
0
0
0
0
0
0
0
0
0
0
0
0
0
0
0
0
0
0
0
0
0
0
0
0
0
0
0
0
0
0
0
8.060283
23.79614
19.17406
5.545837
15.30698
5.545837
15.30698
5.545837
15.30698
5.545837
15.30698
5.545837
15.30698
0
25.09911
21.11428
15.86297
15.86297
15.86297
15.86297
15.86297
0
25.09911
21.11428
15.86297
15.86297
15.86297
15.86297
15.86297
0
25.09911
21.11428
15.86297
15.86297
15.86297
15.86297
15.86297
0
25.09911
21.11428
15.86297
15.86297
15.86297
15.86297
15.86297
0
25.09911
21.11428
15.86297
15.86297
15.86297
15.86297
15.86297
0
7.524124
5.015103
5.015103
5.015103
5.015103
5.015103
6.751765
1.272737
1.272737
1.272737
1.272737
1.272737
1.272737
1.272737
1.272737
1.272737
1.272737
0
20.41186
21.96803
0
0
0
0
0
0
0
0
0
0
0
0
0
0
0
0
0
0
0
0
21.96803
21.96803
0
0
0
0
0
0
0
0
0
0
0
0
0
0
0
0
0
0
0
0
21.96803
21.96803
0
0
0
0
0
0
0
0
0
0
0
0
0
0
0
0
0
0
0
0
21.96803
21.96803
0
0
0
0
0
0
0
0
0
0
0
0
0
0
0
0
0
0
0
0
21.96803
21.96803
0
0
0
0
0
0
0
0
0
0
0
0
0
0
0
0
0
0
0
0
21.96803
20.24514
0
0
0
6.214269
0.711006
0
0
0
0.711006
0.711006
0
0
0
0.711006
0.711006
0
0
0
0.711006
0.711006
0
0
0
0.711006
0.711006
0
0
0
0
0.711006
0
0
5.545837
15.30698
25.09911
21.11428
15.86297
5.545837
15.30698
15.86297
15.86297
5.545837
15.30698
15.86297
15.86297
5.545837
15.30698
15.86297
15.86297
5.545837
15.30698
15.86297
15.86297
0
11.60812
15.86297
0
9.342052
15.86297
25.09911
21.11428
15.86297
15.86297
15.86297
15.86297
15.86297
15.86297
15.86297
15.86297
15.86297
15.86297
15.86297
15.86297
15.86297
9.342052
15.86297
0
9.342052
15.86297
25.09911
21.11428
15.86297
15.86297
15.86297
15.86297
15.86297
15.86297
15.86297
15.86297
15.86297
15.86297
15.86297
15.86297
15.86297
9.342052
15.86297
0
9.342052
15.86297
25.09911
21.11428
15.86297
15.86297
15.86297
15.86297
15.86297
15.86297
15.86297
15.86297
15.86297
15.86297
15.86297
15.86297
15.86297
9.342052
15.86297
0
9.342052
15.86297
25.09911
21.11428
15.86297
15.86297
15.86297
15.86297
15.86297
15.86297
15.86297
15.86297
15.86297
15.86297
15.86297
15.86297
15.86297
9.342052
15.86297
0
9.342052
15.86297
23.6871
19.07276
5.015103
15.14935
15.86297
15.14935
5.015103
15.14935
15.86297
15.14935
5.015103
15.14935
15.86297
15.14935
5.015103
15.14935
15.86297
15.14935
5.015103
15.14935
9.342052
15.14935
0
0
11.50682
0
0
0
0.6194581
16.35526
0
14.84229
0
0
0
0
0
0
0
0
0
0
0
0
0
0
0
0
0
0
0
0
0
0
0
0
0
0
0
0
0
0
14.53817
14.53817
0
0
0
0
0
0
0
0
0
0
0
0
0
0
0
0
0
0
0
0
14.53817
14.53817
0
0
0
0
0
0
0
0
0
0
0
0
0
0
0
0
0
0
0
0
14.53817
14.53817
0
0
0
0
0
0
0
0
0
0
0
0
0
0
0
0
0
0
0
0
14.53817
14.53817
0
0
0
0
0
0
0
0
0
0
0
0
0
0
0
0
0
0
0
0
14.53817
14.5599
0
0
0
0
0
0
0
0
0
0
0
0
0
0
0
0
0
0.08330006
0
0
0
0
0
0
0
0
0
0
0
16.90055
16.11258
6.169561
20.9148
24.9771
15.85302
15.30698
5.545837
15.85302
15.85302
15.30698
5.545837
15.85302
15.85302
15.30698
5.545837
15.85302
15.85302
15.30698
5.545837
15.85302
15.75116
15.23376
5.446008
15.85302
17.04152
17.04152
21.11428
25.09911
15.86297
15.86297
15.86297
15.86297
15.86297
15.86297
15.86297
15.86297
15.86297
15.86297
15.86297
15.86297
15.74369
15.74369
15.86297
17.04152
17.04152
21.11428
25.09911
15.86297
15.86297
15.86297
15.86297
15.86297
15.86297
15.86297
15.86297
15.86297
15.86297
15.86297
15.86297
15.74369
15.74369
15.86297
17.04152
17.04152
21.11428
25.09911
15.86297
15.86297
15.86297
15.86297
15.86297
15.86297
15.86297
15.86297
15.86297
15.86297
15.86297
15.86297
15.74369
15.74369
15.86297
17.04152
17.04152
21.11428
25.09911
15.86297
15.86297
15.86297
15.86297
15.86297
15.86297
15.86297
15.86297
15.86297
15.86297
15.86297
15.86297
15.74369
15.74369
15.86297
17.02836
17.04152
21.09884
25.08944
15.86112
15.86297
15.86112
15.86112
15.86297
15.86112
15.86112
15.86297
15.86112
15.86112
15.86297
15.86112
15.74467
15.74369
15.86112
0
0
6.23706
2.322402
0.5761127
0
1.374908
0
0
0
0
1.272737
0
0
1.272737
0
0
0
0
1.272737
0
0
1.272737
0
0
0
0
1.272737
0
0
1.272737
0
0
0
0
1.272737
0
0
1.272737
0
0
0
0
1.153538
0
0
0
0
14.53817
14.56215
19.89715
21.84164
20.09535
19.98427
21.9614
19.99469
0
0
0
0
0
0
0
0
0
0
0
0
0
0
0
0
0
0
0
0
0
0
0
0
0
0
0
0
0
0
0
0
0
0
0
0
0
0
0
0
0
0
0
0
0
0
0
0
0
0
0
0
0
0
0
0
0
0
0
0
0
0
14.53817
14.53817
19.98427
21.96803
19.98427
19.98427
21.96803
19.98427
0
0
0
0
0
0
0
0
0
0
0
0
0
0
0
0
0
0
0
0
0
0
0
0
0
0
0
0
0
0
0
0
0
0
0
0
0
0
0
0
0
0
0
0
0
0
0
0
0
0
0
0
0
0
0
0
0
0
0
0
0
0
14.53817
14.53817
19.98427
21.96803
19.98427
19.98427
21.96803
19.98427
0
0
0
0
0
0
0
0
0
0
0
0
0
0
0
0
0
0
0
0
0
0
0
0
0
0
0
0
0
0
0
0
0
0
0
0
0
0
0
0
0
0
0
0
0
0
0
0
0
0
0
0
0
0
0
0
0
0
0
0
0
0
14.53817
14.53817
19.98427
21.96803
19.98427
19.98427
21.96803
19.98427
0
0
0
0
0
0
0
0
0
0
0
0
0
0
0
0
0
0
0
0
0
0
0
0
0
0
0
0
0
0
0
0
0
0
0
0
0
0
0
0
0
0
0
0
0
0
0
0
0
0
0
0
0
0
0
0
0
0
0
0
0
0
14.53817
14.53817
19.98427
21.96803
19.98427
19.98427
21.96803
19.98427
0
0
0
0
0
0
0
0
0
0
0
0
0
0
0
0
0
0
0
0
0
0
0
0
0
0
0
0
0
0
0
0
0
0
0
0
0
0
0
0
0
0
0
0
0
0
0
0
0
0
0
0
0
0
0
0
0
0
0
0
0
0
16.24622
14.81991
19.98427
21.95844
19.99172
19.73043
21.81034
20.06406
0
0
0
0
0
0
0
0
0
0
0
5.699565
1.761294
0.01500528
0
0.8131656
0
0
0
0
0
0
0
0
0
0
0
0
0
0.711006
0
0
0.711006
0
0
0
0
0
0
0
0
0
0
0
0
0
0.711006
0
0
0.711006
0
0
0
0
0
0
0
0
0
0
0
0
0
0.711006
0
0
0.711006
0
0
0
0
0
0
0
0
0
0
0
0
0
0.711006
0
0
0.711006
0
0
0
0
0
0
0
0
0
0
0
0
0
0
0
0
0
0
0.5917955
0
0
0
0
0
0
0
15.95523
15.38755
5.614456
15.85302
17.03109
21.1009
25.09169
17.04152
15.98029
15.86431
15.98173
15.85302
15.30698
5.545837
15.85302
15.86431
15.86431
15.86297
15.86431
15.86431
15.86297
15.85302
15.30698
5.545837
15.85302
15.86431
15.86431
15.86297
15.86431
15.86431
15.86297
15.85302
15.30698
5.545837
15.85302
15.86431
15.86431
15.86297
15.86431
15.86431
15.86297
15.85302
15.30698
5.545837
15.85302
15.86431
15.86431
15.86297
15.86431
15.86431
15.86297
14.77245
14.5817
4.498119
9.649127
0
15.74779
15.86431
15.74369
14.64609
9.365328
0
14.63226
15.98173
15.98173
15.86297
17.04152
21.11428
25.09911
17.04152
15.98173
15.86297
15.98173
15.86297
15.86297
15.86297
15.86297
15.86297
15.86297
15.86297
15.86297
15.86297
15.86297
15.86297
15.86297
15.86297
15.86297
15.86297
15.86297
15.86297
15.86297
15.86297
15.86297
15.86297
15.86297
15.86297
15.86297
15.86297
15.86297
15.86297
15.86297
15.86297
15.86297
15.86297
15.86297
15.86297
15.86297
15.86297
15.86297
14.63226
14.63226
9.342052
0
15.74369
15.86297
15.74369
14.63226
9.342052
0
14.63226
15.98173
15.98173
15.86297
17.04152
21.11428
25.09911
17.04152
15.98173
15.86297
15.98173
15.86297
15.86297
15.86297
15.86297
15.86297
15.86297
15.86297
15.86297
15.86297
15.86297
15.86297
15.86297
15.86297
15.86297
15.86297
15.86297
15.86297
15.86297
15.86297
15.86297
15.86297
15.86297
15.86297
15.86297
15.86297
15.86297
15.86297
15.86297
15.86297
15.86297
15.86297
15.86297
15.86297
15.86297
15.86297
15.86297
14.63226
14.63226
9.342052
0
15.74369
15.86297
15.74369
14.63226
9.342052
0
14.63226
15.98173
15.98173
15.86297
17.04152
21.11428
25.09911
17.04152
15.98173
15.86297
15.98173
15.86297
15.86297
15.86297
15.86297
15.86297
15.86297
15.86297
15.86297
15.86297
15.86297
15.86297
15.86297
15.86297
15.86297
15.86297
15.86297
15.86297
15.86297
15.86297
15.86297
15.86297
15.86297
15.86297
15.86297
15.86297
15.86297
15.86297
15.86297
15.86297
15.86297
15.86297
15.86297
15.86297
15.86297
15.86297
15.86297
14.63226
14.63226
9.342052
0
15.74369
15.86297
15.74369
14.63226
9.342052
0
14.63226
15.98173
15.98173
15.86297
17.04152
21.11428
25.09911
17.04152
15.98173
15.86297
15.98173
15.86297
15.86297
15.86297
15.86297
15.86297
15.86297
15.86297
15.86297
15.86297
15.86297
15.86297
15.86297
15.86297
15.86297
15.86297
15.86297
15.86297
15.86297
15.86297
15.86297
15.86297
15.86297
15.86297
15.86297
15.86297
15.86297
15.86297
15.86297
15.86297
15.86297
15.86297
15.86297
15.86297
15.86297
15.86297
15.86297
14.63226
14.63226
9.342052
0
15.74369
15.86297
15.74369
14.63226
9.342052
0
14.63226
15.97718
15.98173
15.86112
16.87206
20.89431
24.95472
15.96173
5.636688
15.92329
15.82076
15.23042
5.08353
15.86112
15.86297
15.86112
15.82076
15.82076
15.14935
5.015103
15.82076
15.82076
15.14935
5.015103
15.86112
15.86297
15.86112
15.82076
15.82076
15.14935
5.015103
15.82076
15.82076
15.14935
5.015103
15.86112
15.86297
15.86112
15.82076
15.82076
15.14935
5.015103
15.82076
15.82076
15.14935
5.015103
15.86112
15.86297
15.86112
15.82076
15.82076
15.14935
5.015103
15.82076
15.82076
15.14935
5.015103
14.64336
14.63226
9.363269
0
15.71922
15.82076
15.07662
4.915082
14.74396
9.628629
0
14.43086
3.965246
)
;
    }
    air_to_floor
    {
        type            calculated;
        value           nonuniform List<scalar> 
900
(
47.5889
47.5889
47.5889
47.5889
47.5889
47.5889
47.5889
47.5889
47.5889
47.5889
47.5889
47.5889
47.5889
47.5889
47.5889
47.5889
47.5889
47.5889
47.5889
47.5889
47.5889
47.5889
47.5889
47.5889
47.5889
47.5889
47.5889
47.5889
47.5889
47.5889
47.5889
47.5889
47.5889
47.5889
47.5889
47.5889
47.5889
47.5889
47.5889
47.5889
47.5889
47.5889
47.5889
47.5889
47.5889
47.5889
47.5889
47.5889
47.5889
47.5889
47.5889
47.5889
47.5889
47.5889
47.5889
47.5889
47.5889
47.5889
47.5889
47.5889
47.5889
47.5889
47.5889
47.5889
47.5889
47.5889
47.5889
47.5889
47.5889
47.5889
47.5889
47.5889
47.5889
47.5889
47.5889
47.5889
47.5889
47.5889
47.5889
47.5889
47.5889
47.5889
47.5889
47.5889
47.5889
47.5889
47.5889
47.5889
47.5889
47.5889
47.5889
47.5889
47.5889
47.5889
47.5889
47.5889
47.5889
47.5889
47.5889
47.5889
47.5889
47.5889
47.5889
47.5889
47.5889
47.5889
47.5889
47.5889
47.5889
47.5889
47.5889
47.5889
47.5889
47.5889
47.5889
47.5889
47.5889
47.5889
47.5889
47.5889
47.5889
47.5889
47.5889
47.5889
47.5889
47.5889
47.5889
47.5889
47.5889
47.5889
47.5889
47.5889
47.5889
47.5889
47.5889
47.5889
47.5889
47.5889
47.5889
47.5889
47.5889
47.5889
47.5889
47.5889
47.5889
47.5889
47.5889
47.5889
47.5889
47.5889
47.5889
47.5889
47.5889
47.5889
47.5889
47.5889
47.5889
47.5889
47.5889
47.5889
47.5889
47.5889
47.5889
47.5889
47.5889
47.5889
47.5889
47.5889
47.5889
47.5889
47.5889
47.5889
47.5889
47.5889
47.5889
47.5889
47.5889
47.5889
47.5889
47.5889
47.5889
47.5889
47.5889
47.5889
47.5889
47.5889
47.5889
47.5889
47.5889
47.5889
47.5889
47.5889
47.5889
47.5889
47.5889
47.5889
47.5889
47.5889
47.5889
47.5889
47.5889
47.5889
47.5889
47.5889
47.5889
47.5889
47.5889
47.5889
47.5889
47.5889
47.5889
47.5889
47.5889
47.5889
47.5889
47.5889
47.5889
47.5889
47.5889
47.5889
47.5889
47.5889
47.5889
47.5889
47.5889
47.5889
47.5889
47.5889
47.5889
47.5889
47.5889
47.5889
47.5889
47.5889
47.5889
47.5889
47.5889
47.5889
47.5889
47.5889
47.5889
47.5889
47.5889
47.5889
47.5889
47.5889
47.5889
47.5889
47.5889
47.5889
47.5889
47.5889
47.5889
47.5889
47.5889
47.5889
47.5889
47.5889
47.5889
47.5889
47.5889
47.5889
47.5889
47.5889
47.5889
47.5889
47.5889
47.5889
47.5889
47.5889
47.5889
47.5889
47.5889
47.5889
47.5889
47.5889
47.5889
47.5889
47.5889
47.5889
47.5889
47.5889
47.5889
47.5889
47.5889
47.5889
47.5889
47.5889
47.5889
47.5889
47.5889
47.5889
47.5889
47.5889
47.5889
47.5889
47.5889
47.5889
47.5889
47.5889
47.5889
47.5889
47.5889
47.5889
47.5889
47.5889
47.5889
47.5889
47.5889
47.5889
47.5889
47.5889
47.5889
47.5889
47.5889
47.5889
47.5889
47.5889
47.5889
47.5889
47.5889
47.5889
47.5889
47.5889
47.5889
47.5889
47.5889
47.5889
47.5889
47.5889
47.5889
47.5889
47.5889
47.5889
47.5889
47.5889
47.5889
47.5889
47.5889
47.5889
47.5889
47.5889
47.5889
47.5889
47.5889
47.5889
47.5889
47.5889
47.5889
47.5889
47.5889
47.5889
47.5889
47.5889
47.5889
47.5889
47.5889
47.5889
47.5889
47.5889
47.5889
47.5889
47.5889
47.5889
47.5889
47.5889
47.5889
47.5889
47.5889
47.5889
47.5889
47.5889
47.5889
47.5889
47.5889
47.5889
47.5889
47.5889
47.5889
47.5889
47.5889
47.5889
47.5889
47.5889
47.5889
47.5889
47.5889
0
0
0
47.5889
47.5889
47.5889
47.5889
47.5889
47.5889
47.5889
47.5889
47.5889
47.5889
47.5889
47.5889
47.5889
47.5889
47.5889
47.5889
47.5889
47.5889
47.5889
47.5889
47.5889
47.5889
47.5889
47.5889
47.5889
47.5889
47.5889
0
0
0
47.5889
47.5889
47.5889
47.5889
47.5889
47.5889
47.5889
47.5889
47.5889
47.5889
47.5889
47.5889
47.5889
47.5889
47.5889
47.5889
47.5889
47.5889
47.5889
47.5889
47.5889
47.5889
47.5889
47.5889
47.5889
47.5889
47.5889
0
0
0
47.5889
47.5889
47.5889
47.5889
47.5889
47.5889
47.5889
47.5889
47.5889
47.5889
47.5889
47.5889
47.5889
47.5889
47.5889
47.5889
47.5889
47.5889
47.5889
47.5889
47.5889
47.5889
47.5889
47.5889
47.5889
47.5889
47.5889
0
0
0
47.5889
47.5889
47.5889
47.5889
47.5889
47.5889
47.5889
47.5889
47.5889
47.5889
47.5889
47.5889
47.5889
47.5889
47.5889
47.5889
47.5889
47.5889
47.5889
47.5889
47.5889
47.5889
47.5889
47.5889
47.5889
47.5889
47.5889
0
0
0
47.5889
47.5889
47.5889
47.5889
47.5889
47.5889
47.5889
47.5889
47.5889
47.5889
47.5889
47.5889
47.5889
47.5889
47.5889
47.5889
47.5889
47.5889
47.5889
47.5889
47.5889
47.5889
47.5889
47.5889
47.5889
47.5889
47.5889
0
0
0
47.5889
47.5889
47.5889
47.5889
47.5889
47.5889
47.5889
47.5889
47.5889
47.5889
47.5889
47.5889
47.5889
47.5889
47.5889
47.5889
47.5889
47.5889
47.5889
47.5889
47.5889
47.5889
47.5889
47.5889
47.5889
47.5889
47.5889
47.5889
47.5889
47.5889
47.5889
47.5889
47.5889
47.5889
47.5889
47.5889
47.5889
47.5889
47.5889
47.5889
47.5889
47.5889
47.5889
47.5889
47.5889
47.5889
47.5889
47.5889
47.5889
47.5889
47.5889
47.5889
47.5889
47.5889
47.5889
47.5889
47.5889
47.5889
47.5889
47.5889
47.5889
47.5889
47.5889
47.5889
47.5889
47.5889
47.5889
47.5889
47.5889
47.5889
47.5889
47.5889
47.5889
47.5889
47.5889
47.5889
47.5889
47.5889
47.5889
47.5889
47.5889
47.5889
47.5889
47.5889
47.5889
47.5889
47.5889
47.5889
47.5889
47.5889
47.5889
47.5889
47.5889
47.5889
47.5889
47.5889
47.5889
47.5889
47.5889
47.5889
47.5889
47.5889
47.5889
47.5889
47.5889
47.5889
47.5889
47.5889
47.5889
47.5889
47.5889
47.5889
47.5889
47.5889
47.5889
47.5889
47.5889
47.5889
47.5889
47.5889
47.5889
47.5889
47.5889
47.5889
47.5889
47.5889
47.5889
47.5889
47.5889
47.5889
47.5889
47.5889
47.5889
47.5889
47.5889
47.5889
47.5889
47.5889
47.5889
47.5889
47.5889
47.5889
47.5889
47.5889
47.5889
47.5889
47.5889
47.5889
47.5889
47.5889
47.5889
47.5889
47.5889
47.5889
47.5889
47.5889
47.5889
47.5889
47.5889
47.5889
47.5889
47.5889
47.5889
47.5889
47.5889
47.5889
47.5889
47.5889
47.5889
47.5889
47.5889
47.5889
47.5889
47.5889
47.5889
47.5889
47.5889
47.5889
47.5889
47.5889
47.5889
47.5889
47.5889
47.5889
47.5889
47.5889
47.5889
47.5889
47.5889
47.5889
47.5889
47.5889
47.5889
47.5889
47.5889
47.5889
47.5889
47.5889
47.5889
47.5889
47.5889
47.5889
47.5889
47.5889
47.5889
47.5889
47.5889
47.5889
47.5889
47.5889
47.5889
47.5889
47.5889
47.5889
47.5889
47.5889
47.5889
47.5889
47.5889
47.5889
47.5889
47.5889
47.5889
47.5889
47.5889
47.5889
47.5889
47.5889
47.5889
47.5889
47.5889
47.5889
47.5889
47.5889
47.5889
47.5889
47.5889
47.5889
47.5889
47.5889
47.5889
47.5889
47.5889
47.5889
47.5889
47.5889
47.5889
47.5889
47.5889
47.5889
47.5889
47.5889
47.5889
47.5889
47.5889
47.5889
47.5889
47.5889
47.5889
47.5889
47.5889
47.5889
47.5889
47.5889
47.5889
47.5889
47.5889
47.5889
47.5889
47.5889
47.5889
47.5889
47.5889
47.5889
47.5889
47.5889
47.5889
47.5889
47.5889
47.5889
47.5889
47.5889
47.5889
47.5889
47.5889
47.5889
47.5889
47.5889
47.5889
47.5889
47.5889
47.5889
47.5889
47.5889
47.5889
47.5889
47.5889
47.5889
47.5889
47.5889
47.5889
47.5889
47.5889
47.5889
47.5889
47.5889
47.5889
47.5889
47.5889
47.5889
47.5889
47.5889
47.5889
47.5889
47.5889
47.5889
47.5889
47.5889
47.5889
47.5889
47.5889
47.5889
47.5889
47.5889
47.5889
47.5889
47.5889
47.5889
47.5889
47.5889
47.5889
47.5889
47.5889
47.5889
47.5889
47.5889
47.5889
47.5889
47.5889
47.5889
47.5889
47.5889
47.5889
47.5889
47.5889
47.5889
47.5889
47.5889
47.5889
47.5889
47.5889
47.5889
47.5889
47.5889
47.5889
47.5889
47.5889
47.5889
47.5889
47.5889
)
;
    }
}


// ************************************************************************* //
