/*--------------------------------*- C++ -*----------------------------------*\
| =========                 |                                                 |
| \\      /  F ield         | OpenFOAM: The Open Source CFD Toolbox           |
|  \\    /   O peration     | Version:  2506                                  |
|   \\  /    A nd           | Website:  www.openfoam.com                      |
|    \\/     M anipulation  |                                                 |
\*---------------------------------------------------------------------------*/
FoamFile
{
    version     2.0;
    format      ascii;
    arch        "LSB;label=32;scalar=64";
    class       labelList;
    location    "constant/solid/polyMesh";
    object      faceRegionAddressing;
}
// * * * * * * * * * * * * * * * * * * * * * * * * * * * * * * * * * * * * * //


7680
(
37239
37242
37243
37245
37246
37248
37249
37251
37252
37254
37255
37257
37258
37260
37261
37263
37264
37266
37267
37269
37270
37272
37273
37361
37362
37364
37365
37367
37368
37369
37370
37371
37373
37374
37375
37376
37377
37379
37380
37381
37382
37383
37385
37386
37387
37388
37389
37391
37392
37393
37394
37395
37483
37484
37486
37487
37489
37490
37491
37492
37493
37495
37496
37497
37498
37499
37501
37502
37503
37504
37505
37507
37508
37509
37510
37511
37513
37514
37515
37516
37517
37605
37606
37608
37609
37611
37612
37613
37614
37615
37617
37618
37619
37620
37621
37623
37624
37625
37626
37627
37629
37630
37631
37632
37633
37635
37636
37637
37638
37639
37727
37728
37730
37731
37733
37734
37735
37736
37737
37739
37740
37741
37742
37743
37745
37746
37747
37748
37749
37751
37752
37753
37754
37755
37757
37758
37759
37760
37761
37849
37850
37852
37853
37855
37856
37857
37858
37859
37861
37862
37863
37864
37865
37867
37868
37869
37870
37871
37873
37874
37875
37876
37877
37879
37880
37881
37882
37883
97148
97149
97150
97151
97152
97153
97154
97155
97156
97157
97158
97159
97160
97161
97162
97163
97164
97165
97166
97178
97179
97180
97181
97182
97183
97184
97185
97186
97187
97188
97189
97190
97191
97192
97193
97194
97195
97196
97208
97209
97210
97211
97212
97213
97214
97215
97216
97217
97218
97219
97220
97221
97222
97223
97224
97225
97226
97238
97239
97240
97241
97242
97243
97244
97245
97246
97247
97248
97249
97250
97251
97252
97253
97254
97255
97256
97268
97269
97270
97271
97272
97273
97274
97275
97276
97277
97278
97279
97280
97281
97282
97283
97284
97285
97286
97298
97299
97300
97302
97303
97304
97305
97306
97307
97308
97309
97310
97312
97313
97314
97315
97316
97407
97408
97409
97410
97411
97412
97413
97414
97415
97416
97417
97418
97419
97420
97421
97422
97423
97424
97425
97437
97438
97439
97440
97441
97442
97443
97444
97445
97446
97447
97448
97449
97450
97451
97452
97453
97454
97455
97467
97468
97469
97470
97471
97472
97473
97474
97475
97476
97477
97478
97479
97480
97481
97482
97483
97484
97485
97497
97498
97499
97500
97501
97502
97503
97504
97505
97506
97507
97508
97509
97510
97511
97512
97513
97514
97515
97527
97528
97529
97530
97531
97532
97533
97534
97535
97536
97537
97538
97539
97540
97541
97542
97543
97544
97545
97557
97558
97559
97561
97562
97563
97564
97565
97566
97567
97568
97569
97571
97572
97573
97574
97575
97663
97664
97665
97666
97667
97668
97669
97670
97671
97672
97673
97674
97675
97676
97677
97678
97679
97680
97681
97693
97694
97695
97696
97697
97698
97699
97700
97701
97702
97703
97704
97705
97706
97707
97708
97709
97710
97711
97723
97724
97725
97726
97727
97728
97729
97730
97731
97732
97733
97734
97735
97736
97737
97738
97739
97740
97741
97753
97754
97755
97756
97757
97758
97759
97760
97761
97762
97763
97764
97765
97766
97767
97768
97769
97770
97771
97783
97784
97785
97786
97787
97788
97789
97790
97791
97792
97793
97794
97795
97796
97797
97798
97799
97800
97801
97813
97814
97815
97817
97818
97819
97820
97821
97822
97823
97824
97825
97827
97828
97829
97830
97831
97919
97920
97921
97922
97923
97924
97925
97926
97927
97928
97929
97930
97931
97932
97933
97934
97935
97936
97937
97949
97950
97951
97952
97953
97954
97955
97956
97957
97958
97959
97960
97961
97962
97963
97964
97965
97966
97967
97979
97980
97981
97982
97983
97984
97985
97986
97987
97988
97989
97990
97991
97992
97993
97994
97995
97996
97997
98009
98010
98011
98012
98013
98014
98015
98016
98017
98018
98019
98020
98021
98022
98023
98024
98025
98026
98027
98039
98040
98041
98042
98043
98044
98045
98046
98047
98048
98049
98050
98051
98052
98053
98054
98055
98056
98057
98069
98070
98071
98073
98074
98075
98076
98077
98078
98079
98080
98081
98083
98084
98085
98086
98087
98175
98176
98177
98178
98179
98180
98181
98182
98183
98184
98185
98186
98187
98188
98189
98190
98191
98192
98193
98205
98206
98207
98208
98209
98210
98211
98212
98213
98214
98215
98216
98217
98218
98219
98220
98221
98222
98223
98235
98236
98237
98238
98239
98240
98241
98242
98243
98244
98245
98246
98247
98248
98249
98250
98251
98252
98253
98265
98266
98267
98268
98269
98270
98271
98272
98273
98274
98275
98276
98277
98278
98279
98280
98281
98282
98283
98295
98296
98297
98298
98299
98300
98301
98302
98303
98304
98305
98306
98307
98308
98309
98310
98311
98312
98313
98325
98326
98327
98329
98330
98331
98332
98333
98334
98335
98336
98337
98339
98340
98341
98342
98343
98431
98432
98433
98434
98435
98436
98437
98438
98440
98441
98442
98443
98444
98446
98447
98448
98449
98461
98462
98463
98464
98465
98466
98467
98468
98470
98471
98472
98473
98474
98476
98477
98478
98479
98491
98492
98493
98494
98495
98496
98497
98498
98500
98501
98502
98503
98504
98506
98507
98508
98509
98521
98522
98523
98524
98525
98526
98527
98528
98530
98531
98532
98533
98534
98536
98537
98538
98539
98551
98552
98553
98554
98555
98556
98557
98558
98560
98561
98562
98563
98564
98566
98567
98568
98569
98581
98582
98583
98585
98586
98587
98588
98590
98591
98592
98593
98596
98597
98598
98599
98870
98871
98874
98875
98877
98878
98879
98880
98911
98912
98914
98915
98917
98918
98919
98920
98949
98950
98952
98953
98955
98956
98957
98958
98987
98988
98990
98991
98993
98994
98995
98996
99025
99026
99028
99029
99031
99032
99033
99034
99063
99064
99066
99067
99069
99071
99072
99100
99101
99104
99105
99107
99108
99109
99110
99138
99139
99141
99142
99144
99145
99146
99147
99173
99174
99176
99177
99179
99180
99181
99182
99208
99209
99211
99212
99214
99215
99216
99217
99243
99244
99246
99247
99249
99250
99251
99252
99278
99279
99281
99282
99284
99286
99287
99313
99314
99317
99318
99320
99321
99322
99323
99351
99352
99354
99355
99357
99358
99359
99360
99386
99387
99389
99390
99392
99393
99394
99395
99421
99422
99424
99425
99427
99428
99429
99430
99456
99457
99459
99460
99462
99463
99464
99465
99491
99492
99494
99495
99497
99499
99500
99526
99527
99530
99531
99533
99534
99535
99536
99564
99565
99567
99568
99570
99571
99572
99573
99599
99600
99602
99603
99605
99606
99607
99608
99634
99635
99637
99638
99640
99641
99642
99643
99669
99670
99672
99673
99675
99676
99677
99678
99704
99705
99707
99708
99710
99712
99713
99739
99740
99743
99744
99746
99747
99748
99749
99777
99778
99780
99781
99783
99784
99785
99786
99812
99813
99815
99816
99818
99819
99820
99821
99847
99848
99850
99851
99853
99854
99855
99856
99882
99883
99885
99886
99888
99889
99890
99891
99917
99918
99920
99921
99923
99925
99926
99952
99953
99956
99957
99959
99961
99962
99990
99991
99993
99994
99996
99998
99999
100025
100026
100028
100029
100031
100033
100034
100060
100061
100063
100064
100066
100068
100069
100095
100096
100098
100099
100101
100103
100104
100130
100131
100133
100134
100138
100139
100778
100779
100780
100781
100782
100793
100794
100797
100802
100803
100805
100806
100808
100809
100810
100811
100812
100823
100824
100826
100827
100832
100833
100834
100835
100836
100838
100839
100840
100841
100842
100853
100854
100856
100857
100862
100863
100864
100865
100866
100868
100869
100870
100871
100872
100883
100884
100886
100887
100892
100893
100894
100895
100896
100898
100899
100900
100901
100902
100913
100914
100916
100917
100922
100923
100924
100925
100926
100928
100929
100930
100931
100932
100943
100944
100946
100947
100952
100953
100954
100955
100956
100978
100979
100980
100981
100982
100993
100994
100995
100997
101001
101002
101003
101005
101006
101008
101009
101010
101011
101012
101023
101024
101025
101026
101027
101031
101032
101033
101034
101035
101036
101038
101039
101040
101041
101042
101053
101054
101055
101056
101057
101061
101062
101063
101064
101065
101066
101068
101069
101070
101071
101072
101083
101084
101085
101086
101087
101091
101092
101093
101094
101095
101096
101098
101099
101100
101101
101102
101113
101114
101115
101116
101117
101121
101122
101123
101124
101125
101126
101128
101129
101130
101131
101132
101143
101144
101145
101146
101147
101151
101152
101153
101154
101155
101156
101181
101182
101183
101184
101185
101196
101197
101198
101200
101204
101205
101206
101208
101209
101211
101212
101213
101214
101215
101226
101227
101228
101229
101230
101234
101235
101236
101237
101238
101239
101241
101242
101243
101244
101245
101256
101257
101258
101259
101260
101264
101265
101266
101267
101268
101269
101271
101272
101273
101274
101275
101286
101287
101288
101289
101290
101294
101295
101296
101297
101298
101299
101301
101302
101303
101304
101305
101316
101317
101318
101319
101320
101324
101325
101326
101327
101328
101329
101331
101332
101333
101334
101335
101346
101347
101348
101349
101350
101354
101355
101356
101357
101358
101359
101384
101385
101386
101387
101388
101399
101400
101401
101403
101407
101408
101409
101411
101412
101414
101415
101416
101417
101418
101429
101430
101431
101432
101433
101437
101438
101439
101440
101441
101442
101444
101445
101446
101447
101448
101459
101460
101461
101462
101463
101467
101468
101469
101470
101471
101472
101474
101475
101476
101477
101478
101489
101490
101491
101492
101493
101497
101498
101499
101500
101501
101502
101504
101505
101506
101507
101508
101519
101520
101521
101522
101523
101527
101528
101529
101530
101531
101532
101534
101535
101536
101537
101538
101549
101550
101551
101552
101553
101557
101558
101559
101560
101561
101562
101587
101588
101589
101590
101591
101602
101603
101604
101606
101610
101611
101612
101614
101615
101617
101618
101619
101620
101621
101632
101633
101634
101635
101636
101640
101641
101642
101643
101644
101645
101647
101648
101649
101650
101651
101662
101663
101664
101665
101666
101670
101671
101672
101673
101674
101675
101677
101678
101679
101680
101681
101692
101693
101694
101695
101696
101700
101701
101702
101703
101704
101705
101707
101708
101709
101710
101711
101722
101723
101724
101725
101726
101730
101731
101732
101733
101734
101735
101737
101738
101739
101740
101741
101752
101753
101754
101755
101756
101760
101761
101762
101763
101764
101765
101790
101791
101792
101793
101794
101805
101806
101807
101809
101813
101814
101815
101817
101818
101820
101821
101822
101823
101824
101835
101836
101837
101838
101839
101843
101844
101845
101846
101847
101848
101850
101851
101852
101853
101854
101865
101866
101867
101868
101869
101873
101874
101875
101876
101877
101878
101880
101881
101882
101883
101884
101895
101896
101897
101898
101899
101903
101904
101905
101906
101907
101908
101910
101911
101912
101913
101914
101925
101926
101927
101928
101929
101933
101934
101935
101936
101937
101938
101940
101941
101942
101943
101944
101955
101956
101957
101958
101959
101963
101964
101965
101966
101967
101968
102362
102364
102365
102367
102369
102370
102376
102377
102378
102388
102390
102391
102393
102395
102396
102397
102402
102403
102404
102414
102416
102417
102419
102421
102422
102423
102428
102429
102430
102440
102442
102443
102445
102447
102448
102449
102454
102455
102456
102466
102468
102469
102471
102473
102474
102475
102480
102481
102482
102492
102494
102495
102497
102499
102500
102501
102506
102507
102508
102576
102578
102579
102580
102581
102583
102584
102590
102591
102592
102602
102604
102605
102606
102607
102609
102610
102611
102616
102617
102618
102628
102630
102631
102632
102633
102635
102636
102637
102642
102643
102644
102654
102656
102657
102658
102659
102661
102662
102663
102668
102669
102670
102680
102682
102683
102684
102685
102687
102688
102689
102694
102695
102696
102706
102708
102709
102710
102711
102713
102714
102715
102720
102721
102722
102787
102789
102790
102791
102792
102794
102795
102801
102802
102803
102813
102815
102816
102817
102818
102820
102821
102822
102827
102828
102829
102839
102841
102842
102843
102844
102846
102847
102848
102853
102854
102855
102865
102867
102868
102869
102870
102872
102873
102874
102879
102880
102881
102891
102893
102894
102895
102896
102898
102899
102900
102905
102906
102907
102917
102919
102920
102921
102922
102924
102925
102926
102931
102932
102933
102998
103000
103001
103002
103003
103005
103006
103012
103013
103014
103024
103026
103027
103028
103029
103031
103032
103033
103038
103039
103040
103050
103052
103053
103054
103055
103057
103058
103059
103064
103065
103066
103076
103078
103079
103080
103081
103083
103084
103085
103090
103091
103092
103102
103104
103105
103106
103107
103109
103110
103111
103116
103117
103118
103128
103130
103131
103132
103133
103135
103136
103137
103142
103143
103144
103209
103211
103212
103213
103214
103216
103217
103223
103224
103225
103235
103237
103238
103239
103240
103242
103243
103244
103249
103250
103251
103261
103263
103264
103265
103266
103268
103269
103270
103275
103276
103277
103287
103289
103290
103291
103292
103294
103295
103296
103301
103302
103303
103313
103315
103316
103317
103318
103320
103321
103322
103327
103328
103329
103339
103341
103342
103343
103344
103346
103347
103348
103353
103354
103355
103420
103422
103423
103424
103425
103427
103428
103434
103435
103436
103446
103448
103449
103450
103451
103453
103454
103455
103460
103461
103462
103472
103474
103475
103476
103477
103479
103480
103481
103486
103487
103488
103498
103500
103501
103502
103503
103505
103506
103507
103512
103513
103514
103524
103526
103527
103528
103529
103531
103532
103533
103538
103539
103540
103550
103552
103553
103554
103555
103557
103558
103559
103564
103565
103566
106839
106840
106841
106842
106848
106849
106850
106852
106853
106854
106856
106857
106858
106859
106865
106866
106867
106869
106870
106871
106873
106874
106875
106882
106883
106884
106885
106886
106887
106888
106889
106890
106891
106892
106893
106894
106895
106896
106897
106898
106899
106900
106901
106902
106903
106904
106905
106906
106907
106908
106909
106910
106911
106912
106913
106914
106915
106916
106917
106918
106919
106920
106921
106922
106923
106924
106925
106926
106927
106928
106929
106930
106931
106932
106933
106934
106935
106936
106937
106938
106939
106940
106941
106942
106943
106944
106945
106946
106947
106948
106949
106950
106951
106952
106953
106954
106955
106956
106957
106958
106959
106960
106961
106962
106963
106965
106966
106967
106968
106974
106975
106976
106978
106979
106980
106982
106983
106984
106985
106991
106992
106993
106995
106996
106997
106999
107000
107001
107008
107009
107010
107011
107012
107013
107014
107015
107016
107017
107018
107019
107020
107021
107022
107023
107024
107025
107026
107027
107028
107029
107030
107031
107032
107033
107034
107035
107036
107037
107038
107039
107040
107041
107042
107043
107044
107045
107046
107047
107048
107049
107050
107051
107052
107053
107054
107055
107056
107057
107058
107059
107060
107061
107062
107063
107064
107065
107066
107067
107068
107069
107070
107071
107072
107073
107074
107075
107076
107077
107078
107079
107080
107081
107082
107083
107084
107085
107086
107087
107088
107089
107091
107092
107093
107094
107100
107101
107102
107104
107105
107106
107108
107109
107110
107111
107117
107118
107119
107121
107122
107123
107125
107126
107127
107134
107135
107136
107137
107138
107139
107140
107141
107142
107143
107144
107145
107146
107147
107148
107149
107150
107151
107152
107153
107154
107155
107156
107157
107158
107159
107160
107161
107162
107163
107164
107165
107166
107167
107168
107169
107170
107171
107172
107173
107174
107175
107176
107177
107178
107179
107180
107181
107182
107183
107184
107185
107186
107187
107188
107189
107190
107191
107192
107193
107194
107195
107196
107197
107198
107199
107200
107201
107202
107203
107204
107205
107206
107207
107208
107209
107210
107211
107212
107213
107214
107215
107217
107218
107219
107220
107226
107227
107228
107230
107231
107232
107234
107235
107236
107237
107243
107244
107245
107247
107248
107249
107251
107252
107253
107260
107261
107262
107263
107264
107265
107266
107267
107268
107269
107270
107271
107272
107273
107274
107275
107276
107277
107278
107279
107280
107281
107282
107283
107284
107285
107286
107287
107288
107289
107290
107291
107292
107293
107294
107295
107296
107297
107298
107299
107300
107301
107302
107303
107304
107305
107306
107307
107308
107309
107310
107311
107312
107313
107314
107315
107316
107317
107318
107319
107320
107321
107322
107323
107324
107325
107326
107327
107328
107329
107330
107331
107332
107333
107334
107335
107336
107337
107338
107339
107340
107341
107343
107344
107345
107346
107352
107353
107354
107356
107357
107358
107360
107361
107362
107363
107369
107370
107371
107373
107374
107375
107377
107378
107379
107386
107387
107388
107389
107390
107391
107392
107393
107394
107395
107396
107397
107398
107399
107400
107401
107402
107403
107404
107405
107406
107407
107408
107409
107410
107411
107412
107413
107414
107415
107416
107417
107418
107419
107420
107421
107422
107423
107424
107425
107426
107427
107428
107429
107430
107431
107432
107433
107434
107435
107436
107437
107438
107439
107440
107441
107442
107443
107444
107445
107446
107447
107448
107449
107450
107451
107452
107453
107454
107455
107456
107457
107458
107459
107460
107461
107462
107463
107464
107465
107466
107467
107469
107470
107471
107472
107478
107479
107480
107482
107483
107484
107486
107487
107488
107489
107495
107496
107497
107499
107500
107501
107503
107504
107505
107512
107513
107514
107516
107517
107519
107520
107521
107522
107523
107524
107525
107526
107527
107528
107529
107530
107531
107532
107533
107534
107535
107536
107537
107538
107539
107540
107541
107542
107543
107545
107546
107547
107548
107549
107550
107552
107553
107555
107556
107557
107558
107559
107560
107561
107562
107563
107564
107565
107566
107567
107568
107569
107570
107571
107572
107573
107574
107575
107576
107577
107578
107579
107580
107582
107583
107584
107586
107587
107588
107589
107590
107592
107593
107712
107713
107714
107715
107721
107722
107723
107725
107726
107727
107729
107730
107731
107732
107738
107739
107740
107742
107743
107744
107746
107747
107748
107755
107756
107757
107758
107759
107760
107761
107762
107763
107764
107765
107766
107767
107768
107769
107770
107771
107772
107773
107774
107775
107776
107777
107778
107779
107780
107781
107782
107783
107784
107785
107786
107787
107788
107789
107790
107791
107792
107793
107794
107795
107796
107797
107798
107799
107800
107801
107802
107803
107804
107805
107806
107807
107808
107809
107810
107811
107812
107813
107814
107815
107816
107817
107818
107819
107820
107821
107822
107823
107824
107825
107826
107827
107828
107829
107830
107831
107832
107833
107834
107835
107836
107838
107839
107840
107841
107847
107848
107849
107851
107852
107853
107855
107856
107857
107858
107864
107865
107866
107868
107869
107870
107872
107873
107874
107881
107882
107883
107884
107885
107886
107887
107888
107889
107890
107891
107892
107893
107894
107895
107896
107897
107898
107899
107900
107901
107902
107903
107904
107905
107906
107907
107908
107909
107910
107911
107912
107913
107914
107915
107916
107917
107918
107919
107920
107921
107922
107923
107924
107925
107926
107927
107928
107929
107930
107931
107932
107933
107934
107935
107936
107937
107938
107939
107940
107941
107942
107943
107944
107945
107946
107947
107948
107949
107950
107951
107952
107953
107954
107955
107956
107957
107958
107959
107960
107961
107962
107964
107965
107966
107967
107973
107974
107975
107977
107978
107979
107981
107982
107983
107984
107990
107991
107992
107994
107995
107996
107998
107999
108000
108007
108008
108009
108010
108011
108012
108013
108014
108015
108016
108017
108018
108019
108020
108021
108022
108023
108024
108025
108026
108027
108028
108029
108030
108031
108032
108033
108034
108035
108036
108037
108038
108039
108040
108041
108042
108043
108044
108045
108046
108047
108048
108049
108050
108051
108052
108053
108054
108055
108056
108057
108058
108059
108060
108061
108062
108063
108064
108065
108066
108067
108068
108069
108070
108071
108072
108073
108074
108075
108076
108077
108078
108079
108080
108081
108082
108083
108084
108085
108086
108087
108088
108090
108091
108092
108093
108099
108100
108101
108103
108104
108105
108107
108108
108109
108110
108116
108117
108118
108120
108121
108122
108124
108125
108126
108133
108134
108135
108136
108137
108138
108139
108140
108141
108142
108143
108144
108145
108146
108147
108148
108149
108150
108151
108152
108153
108154
108155
108156
108157
108158
108159
108160
108161
108162
108163
108164
108165
108166
108167
108168
108169
108170
108171
108172
108173
108174
108175
108176
108177
108178
108179
108180
108181
108182
108183
108184
108185
108186
108187
108188
108189
108190
108191
108192
108193
108194
108195
108196
108197
108198
108199
108200
108201
108202
108203
108204
108205
108206
108207
108208
108209
108210
108211
108212
108213
108214
108216
108217
108218
108219
108225
108226
108227
108229
108230
108231
108233
108234
108235
108236
108242
108243
108244
108246
108247
108248
108250
108251
108252
108259
108260
108261
108262
108263
108264
108265
108266
108267
108268
108269
108270
108271
108272
108273
108274
108275
108276
108277
108278
108279
108280
108281
108282
108283
108284
108285
108286
108287
108288
108289
108290
108291
108292
108293
108294
108295
108296
108297
108298
108299
108300
108301
108302
108303
108304
108305
108306
108307
108308
108309
108310
108311
108312
108313
108314
108315
108316
108317
108318
108319
108320
108321
108322
108323
108324
108325
108326
108327
108328
108329
108330
108331
108332
108333
108334
108335
108336
108337
108338
108339
108340
108342
108343
108344
108345
108351
108352
108353
108355
108356
108357
108359
108360
108361
108362
108368
108369
108370
108372
108373
108374
108376
108377
108378
108385
108386
108387
108389
108390
108392
108393
108394
108395
108396
108397
108398
108399
108400
108401
108402
108403
108404
108405
108406
108407
108408
108409
108410
108411
108412
108413
108414
108415
108416
108418
108419
108420
108421
108422
108423
108425
108426
108428
108429
108430
108431
108432
108433
108434
108435
108436
108437
108438
108439
108440
108441
108442
108443
108444
108445
108446
108447
108448
108449
108450
108451
108452
108453
108455
108456
108457
108459
108460
108461
108462
108463
108465
108466
108585
108586
108587
108588
108594
108595
108596
108598
108599
108600
108602
108603
108604
108605
108611
108612
108613
108615
108616
108617
108619
108620
108621
108628
108629
108630
108631
108632
108633
108634
108635
108636
108637
108638
108639
108640
108641
108642
108643
108644
108645
108646
108647
108648
108649
108650
108651
108652
108653
108654
108655
108656
108657
108658
108659
108660
108661
108662
108663
108664
108665
108666
108667
108668
108669
108670
108671
108672
108673
108674
108675
108676
108677
108678
108679
108680
108681
108682
108683
108684
108685
108686
108687
108688
108689
108690
108691
108692
108693
108694
108695
108696
108697
108698
108699
108700
108701
108702
108703
108704
108705
108706
108707
108708
108709
108711
108712
108713
108714
108720
108721
108722
108724
108725
108726
108728
108729
108730
108731
108737
108738
108739
108741
108742
108743
108745
108746
108747
108754
108755
108756
108757
108758
108759
108760
108761
108762
108763
108764
108765
108766
108767
108768
108769
108770
108771
108772
108773
108774
108775
108776
108777
108778
108779
108780
108781
108782
108783
108784
108785
108786
108787
108788
108789
108790
108791
108792
108793
108794
108795
108796
108797
108798
108799
108800
108801
108802
108803
108804
108805
108806
108807
108808
108809
108810
108811
108812
108813
108814
108815
108816
108817
108818
108819
108820
108821
108822
108823
108824
108825
108826
108827
108828
108829
108830
108831
108832
108833
108834
108835
108837
108838
108839
108840
108846
108847
108848
108850
108851
108852
108854
108855
108856
108857
108863
108864
108865
108867
108868
108869
108871
108872
108873
108880
108881
108882
108883
108884
108885
108886
108887
108888
108889
108890
108891
108892
108893
108894
108895
108896
108897
108898
108899
108900
108901
108902
108903
108904
108905
108906
108907
108908
108909
108910
108911
108912
108913
108914
108915
108916
108917
108918
108919
108920
108921
108922
108923
108924
108925
108926
108927
108928
108929
108930
108931
108932
108933
108934
108935
108936
108937
108938
108939
108940
108941
108942
108943
108944
108945
108946
108947
108948
108949
108950
108951
108952
108953
108954
108955
108956
108957
108958
108959
108960
108961
108963
108964
108965
108966
108972
108973
108974
108976
108977
108978
108980
108981
108982
108983
108989
108990
108991
108993
108994
108995
108997
108998
108999
109006
109007
109008
109009
109010
109011
109012
109013
109014
109015
109016
109017
109018
109019
109020
109021
109022
109023
109024
109025
109026
109027
109028
109029
109030
109031
109032
109033
109034
109035
109036
109037
109038
109039
109040
109041
109042
109043
109044
109045
109046
109047
109048
109049
109050
109051
109052
109053
109054
109055
109056
109057
109058
109059
109060
109061
109062
109063
109064
109065
109066
109067
109068
109069
109070
109071
109072
109073
109074
109075
109076
109077
109078
109079
109080
109081
109082
109083
109084
109085
109086
109087
109089
109090
109091
109092
109098
109099
109100
109102
109103
109104
109106
109107
109108
109109
109115
109116
109117
109119
109120
109121
109123
109124
109125
109132
109133
109134
109135
109136
109137
109138
109139
109140
109141
109142
109143
109144
109145
109146
109147
109148
109149
109150
109151
109152
109153
109154
109155
109156
109157
109158
109159
109160
109161
109162
109163
109164
109165
109166
109167
109168
109169
109170
109171
109172
109173
109174
109175
109176
109177
109178
109179
109180
109181
109182
109183
109184
109185
109186
109187
109188
109189
109190
109191
109192
109193
109194
109195
109196
109197
109198
109199
109200
109201
109202
109203
109204
109205
109206
109207
109208
109209
109210
109211
109212
109213
109215
109216
109217
109218
109224
109225
109226
109228
109229
109230
109232
109233
109234
109235
109241
109242
109243
109245
109246
109247
109249
109250
109251
109258
109259
109260
109262
109263
109265
109266
109267
109268
109269
109270
109271
109272
109273
109274
109275
109276
109277
109278
109279
109280
109281
109282
109283
109284
109285
109286
109287
109288
109289
109291
109292
109293
109294
109295
109296
109298
109299
109301
109302
109303
109304
109305
109306
109307
109308
109309
109310
109311
109312
109313
109314
109315
109316
109317
109318
109319
109320
109321
109322
109323
109324
109325
109326
109328
109329
109330
109332
109333
109334
109335
109336
109338
109339
109458
109459
109460
109461
109467
109468
109469
109471
109472
109473
109475
109476
109477
109478
109484
109485
109486
109488
109489
109490
109492
109493
109494
109501
109502
109503
109504
109505
109506
109507
109508
109509
109510
109511
109512
109513
109514
109515
109516
109517
109518
109519
109520
109521
109522
109523
109524
109525
109526
109527
109528
109529
109530
109531
109532
109533
109534
109535
109536
109537
109538
109539
109540
109541
109542
109543
109544
109545
109546
109547
109548
109549
109550
109551
109552
109553
109554
109555
109556
109557
109558
109559
109560
109561
109562
109563
109564
109565
109566
109567
109568
109569
109570
109571
109572
109573
109574
109575
109576
109577
109578
109579
109580
109581
109582
109584
109585
109586
109587
109593
109594
109595
109597
109598
109599
109601
109602
109603
109604
109610
109611
109612
109614
109615
109616
109618
109619
109620
109627
109628
109629
109630
109631
109632
109633
109634
109635
109636
109637
109638
109639
109640
109641
109642
109643
109644
109645
109646
109647
109648
109649
109650
109651
109652
109653
109654
109655
109656
109657
109658
109659
109660
109661
109662
109663
109664
109665
109666
109667
109668
109669
109670
109671
109672
109673
109674
109675
109676
109677
109678
109679
109680
109681
109682
109683
109684
109685
109686
109687
109688
109689
109690
109691
109692
109693
109694
109695
109696
109697
109698
109699
109700
109701
109702
109703
109704
109705
109706
109707
109708
109710
109711
109712
109713
109719
109720
109721
109723
109724
109725
109727
109728
109729
109730
109736
109737
109738
109740
109741
109742
109744
109745
109746
109753
109754
109755
109756
109757
109758
109759
109760
109761
109762
109763
109764
109765
109766
109767
109768
109769
109770
109771
109772
109773
109774
109775
109776
109777
109778
109779
109780
109781
109782
109783
109784
109785
109786
109787
109788
109789
109790
109791
109792
109793
109794
109795
109796
109797
109798
109799
109800
109801
109802
109803
109804
109805
109806
109807
109808
109809
109810
109811
109812
109813
109814
109815
109816
109817
109818
109819
109820
109821
109822
109823
109824
109825
109826
109827
109828
109829
109830
109831
109832
109833
109834
109836
109837
109838
109839
109845
109846
109847
109849
109850
109851
109853
109854
109855
109856
109862
109863
109864
109866
109867
109868
109870
109871
109872
109879
109880
109881
109882
109883
109884
109885
109886
109887
109888
109889
109890
109891
109892
109893
109894
109895
109896
109897
109898
109899
109900
109901
109902
109903
109904
109905
109906
109907
109908
109909
109910
109911
109912
109913
109914
109915
109916
109917
109918
109919
109920
109921
109922
109923
109924
109925
109926
109927
109928
109929
109930
109931
109932
109933
109934
109935
109936
109937
109938
109939
109940
109941
109942
109943
109944
109945
109946
109947
109948
109949
109950
109951
109952
109953
109954
109955
109956
109957
109958
109959
109960
109962
109963
109964
109965
109971
109972
109973
109975
109976
109977
109979
109980
109981
109982
109988
109989
109990
109992
109993
109994
109996
109997
109998
110005
110006
110007
110008
110009
110010
110011
110012
110013
110014
110015
110016
110017
110018
110019
110020
110021
110022
110023
110024
110025
110026
110027
110028
110029
110030
110031
110032
110033
110034
110035
110036
110037
110038
110039
110040
110041
110042
110043
110044
110045
110046
110047
110048
110049
110050
110051
110052
110053
110054
110055
110056
110057
110058
110059
110060
110061
110062
110063
110064
110065
110066
110067
110068
110069
110070
110071
110072
110073
110074
110075
110076
110077
110078
110079
110080
110081
110082
110083
110084
110085
110086
110088
110089
110090
110091
110097
110098
110099
110101
110102
110103
110105
110106
110107
110108
110114
110115
110116
110118
110119
110120
110122
110123
110124
110131
110132
110133
110135
110136
110138
110139
110140
110141
110142
110143
110144
110145
110146
110147
110148
110149
110150
110151
110152
110153
110154
110155
110156
110157
110158
110159
110160
110161
110162
110164
110165
110166
110167
110168
110169
110171
110172
110174
110175
110176
110177
110178
110179
110180
110181
110182
110183
110184
110185
110186
110187
110188
110189
110190
110191
110192
110193
110194
110195
110196
110197
110198
110199
110201
110202
110203
110205
110206
110207
110208
110209
110211
110212
110331
110332
110333
110334
110340
110341
110342
110344
110345
110346
110348
110349
110350
110351
110357
110358
110359
110361
110362
110363
110365
110366
110367
110374
110375
110376
110377
110378
110379
110380
110381
110382
110383
110384
110385
110386
110387
110388
110389
110390
110391
110392
110393
110394
110395
110396
110397
110398
110399
110400
110401
110402
110403
110404
110405
110406
110407
110408
110409
110410
110411
110412
110413
110414
110415
110416
110417
110418
110419
110420
110421
110422
110423
110424
110425
110426
110427
110428
110429
110430
110431
110432
110433
110434
110435
110436
110437
110438
110439
110440
110441
110442
110443
110444
110445
110446
110447
110448
110449
110450
110451
110452
110453
110454
110455
110457
110458
110459
110460
110466
110467
110468
110470
110471
110472
110474
110475
110476
110477
110483
110484
110485
110487
110488
110489
110491
110492
110493
110500
110501
110502
110503
110504
110505
110506
110507
110508
110509
110510
110511
110512
110513
110514
110515
110516
110517
110518
110519
110520
110521
110522
110523
110524
110525
110526
110527
110528
110529
110530
110531
110532
110533
110534
110535
110536
110537
110538
110539
110540
110541
110542
110543
110544
110545
110546
110547
110548
110549
110550
110551
110552
110553
110554
110555
110556
110557
110558
110559
110560
110561
110562
110563
110564
110565
110566
110567
110568
110569
110570
110571
110572
110573
110574
110575
110576
110577
110578
110579
110580
110581
110583
110584
110585
110586
110592
110593
110594
110596
110597
110598
110600
110601
110602
110603
110609
110610
110611
110613
110614
110615
110617
110618
110619
110626
110627
110628
110629
110630
110631
110632
110633
110634
110635
110636
110637
110638
110639
110640
110641
110642
110643
110644
110645
110646
110647
110648
110649
110650
110651
110652
110653
110654
110655
110656
110657
110658
110659
110660
110661
110662
110663
110664
110665
110666
110667
110668
110669
110670
110671
110672
110673
110674
110675
110676
110677
110678
110679
110680
110681
110682
110683
110684
110685
110686
110687
110688
110689
110690
110691
110692
110693
110694
110695
110696
110697
110698
110699
110700
110701
110702
110703
110704
110705
110706
110707
110709
110710
110711
110712
110718
110719
110720
110722
110723
110724
110726
110727
110728
110729
110735
110736
110737
110739
110740
110741
110743
110744
110745
110752
110753
110754
110755
110756
110757
110758
110759
110760
110761
110762
110763
110764
110765
110766
110767
110768
110769
110770
110771
110772
110773
110774
110775
110776
110777
110778
110779
110780
110781
110782
110783
110784
110785
110786
110787
110788
110789
110790
110791
110792
110793
110794
110795
110796
110797
110798
110799
110800
110801
110802
110803
110804
110805
110806
110807
110808
110809
110810
110811
110812
110813
110814
110815
110816
110817
110818
110819
110820
110821
110822
110823
110824
110825
110826
110827
110828
110829
110830
110831
110832
110833
110835
110836
110837
110838
110844
110845
110846
110848
110849
110850
110852
110853
110854
110855
110861
110862
110863
110865
110866
110867
110869
110870
110871
110878
110879
110880
110881
110882
110883
110884
110885
110886
110887
110888
110889
110890
110891
110892
110893
110894
110895
110896
110897
110898
110899
110900
110901
110902
110903
110904
110905
110906
110907
110908
110909
110910
110911
110912
110913
110914
110915
110916
110917
110918
110919
110920
110921
110922
110923
110924
110925
110926
110927
110928
110929
110930
110931
110932
110933
110934
110935
110936
110937
110938
110939
110940
110941
110942
110943
110944
110945
110946
110947
110948
110949
110950
110951
110952
110953
110954
110955
110956
110957
110958
110959
110961
110962
110963
110964
110970
110971
110972
110974
110975
110976
110978
110979
110980
110981
110987
110988
110989
110991
110992
110993
110995
110996
110997
111004
111005
111006
111008
111009
111011
111012
111013
111014
111015
111016
111017
111018
111019
111020
111021
111022
111023
111024
111025
111026
111027
111028
111029
111030
111031
111032
111033
111034
111035
111037
111038
111039
111040
111041
111042
111044
111045
111047
111048
111049
111050
111051
111052
111053
111054
111055
111056
111057
111058
111059
111060
111061
111062
111063
111064
111065
111066
111067
111068
111069
111070
111071
111072
111074
111075
111076
111078
111079
111080
111081
111082
111084
111085
111198
111199
111200
111201
111207
111208
111209
111211
111212
111213
111215
111216
111217
111218
111224
111225
111226
111228
111229
111230
111232
111233
111234
111241
111242
111243
111244
111246
111247
111248
111250
111251
111252
111253
111254
111255
111256
111257
111258
111259
111260
111261
111262
111263
111264
111265
111266
111267
111268
111269
111270
111271
111272
111273
111274
111275
111276
111277
111278
111279
111280
111281
111282
111283
111284
111285
111286
111287
111288
111289
111290
111291
111293
111294
111295
111296
111297
111298
111300
111301
111303
111304
111305
111306
111307
111308
111309
111310
111312
111313
111314
111315
111316
111317
111319
111320
111322
111324
111325
111326
111327
111333
111334
111335
111337
111338
111339
111341
111342
111343
111344
111350
111351
111352
111354
111355
111356
111358
111359
111360
111367
111368
111369
111370
111372
111373
111374
111376
111377
111378
111379
111380
111381
111382
111383
111384
111385
111386
111387
111388
111389
111390
111391
111392
111393
111394
111395
111396
111397
111398
111399
111400
111401
111402
111403
111404
111405
111406
111407
111408
111409
111410
111411
111412
111413
111414
111415
111416
111417
111419
111420
111421
111422
111423
111424
111426
111427
111429
111430
111431
111432
111433
111434
111435
111436
111438
111439
111440
111441
111442
111443
111445
111446
111448
111450
111451
111452
111453
111459
111460
111461
111463
111464
111465
111467
111468
111469
111470
111476
111477
111478
111480
111481
111482
111484
111485
111486
111493
111494
111495
111496
111498
111499
111500
111502
111503
111504
111505
111506
111507
111508
111509
111510
111511
111512
111513
111514
111515
111516
111517
111518
111519
111520
111521
111522
111523
111524
111525
111526
111527
111528
111529
111530
111531
111532
111533
111534
111535
111536
111537
111538
111539
111540
111541
111542
111543
111545
111546
111547
111548
111549
111550
111552
111553
111555
111556
111557
111558
111559
111560
111561
111562
111564
111565
111566
111567
111568
111569
111571
111572
111574
111576
111577
111578
111579
111585
111586
111587
111589
111590
111591
111593
111594
111595
111596
111602
111603
111604
111606
111607
111608
111610
111611
111612
111619
111620
111621
111622
111624
111625
111626
111628
111629
111630
111631
111632
111633
111634
111635
111636
111637
111638
111639
111640
111641
111642
111643
111644
111645
111646
111647
111648
111649
111650
111651
111652
111653
111654
111655
111656
111657
111658
111659
111660
111661
111662
111663
111664
111665
111666
111667
111668
111669
111671
111672
111673
111674
111675
111676
111678
111679
111681
111682
111683
111684
111685
111686
111687
111688
111690
111691
111692
111693
111694
111695
111697
111698
111700
111702
111703
111704
111705
111711
111712
111713
111715
111716
111717
111719
111720
111721
111722
111728
111729
111730
111732
111733
111734
111736
111737
111738
111745
111746
111747
111748
111750
111751
111752
111754
111755
111756
111757
111758
111759
111760
111761
111762
111763
111764
111765
111766
111767
111768
111769
111770
111771
111772
111773
111774
111775
111776
111777
111778
111779
111780
111781
111782
111783
111784
111785
111786
111787
111788
111789
111790
111791
111792
111793
111794
111795
111797
111798
111799
111800
111801
111802
111804
111805
111807
111808
111809
111810
111811
111812
111813
111814
111816
111817
111818
111819
111820
111821
111823
111824
111826
111828
111829
111830
111831
111837
111838
111839
111841
111842
111843
111845
111846
111847
111848
111854
111855
111856
111858
111859
111860
111862
111863
111864
111871
111872
111873
111876
111878
111880
111881
111882
111883
111884
111885
111886
111887
111888
111889
111890
111891
111892
111893
111894
111895
111896
111897
111898
111899
111900
111901
111902
111904
111905
111906
111907
111908
111909
111911
111912
111914
111915
111916
111917
111918
111919
111920
111921
111923
111924
111925
111926
111927
111928
111930
111931
111933
111934
111935
111936
111937
111938
111939
111942
111943
111945
111946
111947
111949
111952
112259
112262
112264
112268
112275
112278
112280
112284
112290
112292
112293
112295
112306
112309
112311
112315
112322
112324
112326
112329
112334
112336
112337
112339
112350
112353
112355
112359
112366
112368
112370
112373
112378
112380
112381
112383
112394
112397
112399
112403
112410
112412
112414
112417
112422
112424
112425
112427
112438
112441
112443
112447
112454
112456
112458
112461
112466
112468
112469
112471
112482
112485
112487
112493
112501
112503
112505
112508
112513
112516
112518
112529
112531
112533
112536
112542
112545
112547
112551
112557
112559
112560
112562
112573
112575
112577
112580
112586
112588
112590
112593
112598
112600
112601
112603
112614
112616
112618
112621
112627
112629
112631
112634
112639
112641
112642
112644
112655
112657
112659
112662
112668
112670
112672
112675
112680
112682
112683
112685
112696
112698
112700
112703
112709
112711
112713
112716
112721
112723
112724
112726
112737
112739
112741
112746
112753
112755
112757
112760
112765
112768
112770
112781
112783
112785
112788
112794
112797
112799
112803
112809
112811
112812
112814
112825
112827
112829
112832
112838
112840
112842
112845
112850
112852
112853
112855
112866
112868
112870
112873
112879
112881
112883
112886
112891
112893
112894
112896
112907
112909
112911
112914
112920
112922
112924
112927
112932
112934
112935
112937
112948
112950
112952
112955
112961
112963
112965
112968
112973
112975
112976
112978
112989
112991
112993
112998
113005
113007
113009
113012
113017
113020
113022
113033
113035
113037
113040
113046
113049
113051
113055
113061
113063
113064
113066
113077
113079
113081
113084
113090
113092
113094
113097
113102
113104
113105
113107
113118
113120
113122
113125
113131
113133
113135
113138
113143
113145
113146
113148
113159
113161
113163
113166
113172
113174
113176
113179
113184
113186
113187
113189
113200
113202
113204
113207
113213
113215
113217
113220
113225
113227
113228
113230
113241
113243
113245
113250
113257
113259
113261
113264
113269
113272
113274
113285
113287
113289
113292
113298
113301
113303
113307
113313
113315
113316
113318
113329
113331
113333
113336
113342
113344
113346
113349
113354
113356
113357
113359
113370
113372
113374
113377
113383
113385
113387
113390
113395
113397
113398
113400
113411
113413
113415
113418
113424
113426
113428
113431
113436
113438
113439
113441
113452
113454
113456
113459
113465
113467
113469
113472
113477
113479
113480
113482
113493
113495
113497
113502
113509
113511
113513
113516
113521
113524
113526
113537
113539
113541
113544
113550
113553
113555
113561
113568
113570
113571
113584
113586
113588
113591
113597
113599
113601
113606
113612
113614
113615
113628
113630
113632
113635
113641
113643
113645
113650
113656
113658
113659
113672
113674
113676
113679
113685
113687
113689
113694
113700
113702
113703
113716
113718
113720
113723
113729
113731
113733
113738
113744
113746
113747
113760
113762
113764
113769
113776
113778
113780
113785
113791
113794
-34276
-34282
-34288
-34294
-34300
-34306
-34398
-34404
-34410
-34416
-34422
-34428
-34520
-34526
-34532
-34538
-34544
-34550
-34642
-34648
-34654
-34660
-34666
-34672
-34764
-34770
-34776
-34782
-34788
-34794
-34886
-34892
-34898
-34904
-34910
-34916
37240
37241
37244
37247
37250
37253
37256
37259
37262
37265
37268
37271
37274
-37276
37363
37366
37372
37378
37384
37390
37396
-37398
37485
37488
37494
37500
37506
37512
37518
-37520
37607
37610
37616
37622
37628
37634
37640
-37642
37729
37732
37738
37744
37750
37756
37762
-37764
37851
37854
37860
37866
37872
37878
37884
-37886
-37969
-37975
-37981
-37987
-37993
-37999
-96894
-96901
-96933
-96939
-96971
-96977
-97009
-97015
-97047
-97053
-97085
-97090
-97119
-97131
-97139
-97142
-97147
-97169
-97172
-97177
-97199
-97202
-97207
-97229
-97232
-97237
-97259
-97262
-97267
-97289
-97292
-97297
97301
97311
-97379
-97390
-97398
-97401
-97406
-97428
-97431
-97436
-97458
-97461
-97466
-97488
-97491
-97496
-97518
-97521
-97526
-97548
-97551
-97556
97560
97570
-97635
-97646
-97654
-97657
-97662
-97684
-97687
-97692
-97714
-97717
-97722
-97744
-97747
-97752
-97774
-97777
-97782
-97804
-97807
-97812
97816
97826
-97891
-97902
-97910
-97913
-97918
-97940
-97943
-97948
-97970
-97973
-97978
-98000
-98003
-98008
-98030
-98033
-98038
-98060
-98063
-98068
98072
98082
-98147
-98158
-98166
-98169
-98174
-98196
-98199
-98204
-98226
-98229
-98234
-98256
-98259
-98264
-98286
-98289
-98294
-98316
-98319
-98324
98328
98338
-98403
-98414
-98422
-98425
-98430
98439
98445
-98452
-98455
-98460
98469
98475
-98482
-98485
-98490
98499
98505
-98512
-98515
-98520
98529
98535
-98542
-98545
-98550
98559
98565
-98572
-98575
-98580
98584
98589
98594
98595
98869
98872
98873
98876
98881
98910
98913
98916
98921
98948
98951
98954
98959
98986
98989
98992
98997
99024
99027
99030
99035
99062
99065
99068
99070
99073
99102
99103
99106
99111
99140
99143
99148
99175
99178
99183
99210
99213
99218
99245
99248
99253
99280
99283
99285
99288
99315
99316
99319
99324
99353
99356
99361
99388
99391
99396
99423
99426
99431
99458
99461
99466
99493
99496
99498
99501
99528
99529
99532
99537
99566
99569
99574
99601
99604
99609
99636
99639
99644
99671
99674
99679
99706
99709
99711
99714
99741
99742
99745
99750
99779
99782
99787
99814
99817
99822
99849
99852
99857
99884
99887
99892
99919
99922
99924
99927
99954
99955
99958
99960
99963
99992
99995
99997
100000
100027
100030
100032
100035
100062
100065
100067
100070
100097
100100
100102
100105
100132
100135
100136
100137
100140
100777
-100784
-100789
100795
100796
100801
100804
100807
-100814
-100819
100825
100831
100837
-100844
-100849
100855
100861
100867
-100874
-100879
100885
100891
100897
-100904
-100909
100915
100921
100927
-100934
-100939
100945
100951
-100970
-100974
100977
-100984
-100989
100996
101004
101007
-101014
-101019
101037
-101044
-101049
101067
-101074
-101079
101097
-101104
-101109
101127
-101134
-101139
-101172
-101177
101180
-101187
-101192
101199
101207
101210
-101217
-101222
101240
-101247
-101252
101270
-101277
-101282
101300
-101307
-101312
101330
-101337
-101342
-101375
-101380
101383
-101390
-101395
101402
101410
101413
-101420
-101425
101443
-101450
-101455
101473
-101480
-101485
101503
-101510
-101515
101533
-101540
-101545
-101578
-101583
101586
-101593
-101598
101605
101613
101616
-101623
-101628
101646
-101653
-101658
101676
-101683
-101688
101706
-101713
-101718
101736
-101743
-101748
-101781
-101786
101789
-101796
-101801
101808
101816
101819
-101826
-101831
101849
-101856
-101861
101879
-101886
-101891
101909
-101916
-101921
101939
-101946
-101951
-101984
-101989
-102029
-102032
-102050
-102054
-102073
-102077
-102096
-102100
-102119
-102123
-102142
-102146
-102357
102363
102366
102368
102371
-102383
102389
102392
102394
-102409
102415
102418
102420
-102435
102441
102444
102446
-102461
102467
102470
102472
-102487
102493
102496
102498
-102571
102577
102582
102585
-102597
102603
102608
-102623
102629
102634
-102649
102655
102660
-102675
102681
102686
-102701
102707
102712
-102782
102788
102793
102796
-102808
102814
102819
-102834
102840
102845
-102860
102866
102871
-102886
102892
102897
-102912
102918
102923
-102993
102999
103004
103007
-103019
103025
103030
-103045
103051
103056
-103071
103077
103082
-103097
103103
103108
-103123
103129
103134
-103204
103210
103215
103218
-103230
103236
103241
-103256
103262
103267
-103282
103288
103293
-103308
103314
103319
-103334
103340
103345
-103415
103421
103426
103429
-103441
103447
103452
-103467
103473
103478
-103493
103499
103504
-103519
103525
103530
-103545
103551
103556
-106364
-106368
-106375
-106382
-106385
-106394
-106401
-106404
-106437
-106441
-106448
-106455
-106458
-106467
-106474
-106477
-106510
-106514
-106521
-106528
-106531
-106540
-106547
-106550
-106583
-106587
-106594
-106601
-106604
-106613
-106620
-106623
-106656
-106660
-106667
-106674
-106677
-106686
-106693
-106696
-106727
-106730
-106737
-106744
-106747
-106755
-106761
-106763
-106795
-106798
-106807
-106814
-106817
-106825
-106829
-106835
106838
-106844
-106846
106855
-106861
-106863
106872
-106877
-106880
106964
-106970
-106972
106981
-106987
-106989
106998
-107003
-107006
107090
-107096
-107098
107107
-107113
-107115
107124
-107129
-107132
107216
-107222
-107224
107233
-107239
-107241
107250
-107255
-107258
107342
-107348
-107350
107359
-107365
-107367
107376
-107381
-107384
107468
-107474
-107476
107485
-107491
-107493
107502
-107507
-107510
107515
107518
107544
107551
107554
107581
107585
107591
-107668
-107671
-107680
-107687
-107690
-107698
-107702
-107708
107711
-107717
-107719
107728
-107734
-107736
107745
-107750
-107753
107837
-107843
-107845
107854
-107860
-107862
107871
-107876
-107879
107963
-107969
-107971
107980
-107986
-107988
107997
-108002
-108005
108089
-108095
-108097
108106
-108112
-108114
108123
-108128
-108131
108215
-108221
-108223
108232
-108238
-108240
108249
-108254
-108257
108341
-108347
-108349
108358
-108364
-108366
108375
-108380
-108383
108388
108391
108417
108424
108427
108454
108458
108464
-108541
-108544
-108553
-108560
-108563
-108571
-108575
-108581
108584
-108590
-108592
108601
-108607
-108609
108618
-108623
-108626
108710
-108716
-108718
108727
-108733
-108735
108744
-108749
-108752
108836
-108842
-108844
108853
-108859
-108861
108870
-108875
-108878
108962
-108968
-108970
108979
-108985
-108987
108996
-109001
-109004
109088
-109094
-109096
109105
-109111
-109113
109122
-109127
-109130
109214
-109220
-109222
109231
-109237
-109239
109248
-109253
-109256
109261
109264
109290
109297
109300
109327
109331
109337
-109414
-109417
-109426
-109433
-109436
-109444
-109448
-109454
109457
-109463
-109465
109474
-109480
-109482
109491
-109496
-109499
109583
-109589
-109591
109600
-109606
-109608
109617
-109622
-109625
109709
-109715
-109717
109726
-109732
-109734
109743
-109748
-109751
109835
-109841
-109843
109852
-109858
-109860
109869
-109874
-109877
109961
-109967
-109969
109978
-109984
-109986
109995
-110000
-110003
110087
-110093
-110095
110104
-110110
-110112
110121
-110126
-110129
110134
110137
110163
110170
110173
110200
110204
110210
-110287
-110290
-110299
-110306
-110309
-110317
-110321
-110327
110330
-110336
-110338
110347
-110353
-110355
110364
-110369
-110372
110456
-110462
-110464
110473
-110479
-110481
110490
-110495
-110498
110582
-110588
-110590
110599
-110605
-110607
110616
-110621
-110624
110708
-110714
-110716
110725
-110731
-110733
110742
-110747
-110750
110834
-110840
-110842
110851
-110857
-110859
110868
-110873
-110876
110960
-110966
-110968
110977
-110983
-110985
110994
-110999
-111002
111007
111010
111036
111043
111046
111073
111077
111083
-111159
-111161
-111169
-111176
-111179
-111187
-111190
-111195
111197
-111203
-111205
111214
-111220
-111222
111231
-111236
-111239
111245
111249
111292
111299
111302
111311
111318
111321
111323
-111329
-111331
111340
-111346
-111348
111357
-111362
-111365
111371
111375
111418
111425
111428
111437
111444
111447
111449
-111455
-111457
111466
-111472
-111474
111483
-111488
-111491
111497
111501
111544
111551
111554
111563
111570
111573
111575
-111581
-111583
111592
-111598
-111600
111609
-111614
-111617
111623
111627
111670
111677
111680
111689
111696
111699
111701
-111707
-111709
111718
-111724
-111726
111735
-111740
-111743
111749
111753
111796
111803
111806
111815
111822
111825
111827
-111833
-111835
111844
-111850
-111852
111861
-111866
-111869
111874
111875
111877
111879
111903
111910
111913
111922
111929
111932
111940
111941
111944
111948
111950
111951
-112255
112260
112261
112263
-112271
112276
112277
112279
-112287
112291
112294
-112302
112307
112308
112310
-112318
112323
112325
-112331
112335
112338
-112346
112351
112352
112354
-112362
112367
112369
-112375
112379
112382
-112390
112395
112396
112398
-112406
112411
112413
-112419
112423
112426
-112434
112439
112440
112442
-112450
112455
112457
-112463
112467
112470
-112478
112483
112484
112486
112488
-112497
112502
112504
-112510
112514
112515
112517
-112525
112530
112532
-112538
112543
112544
112546
-112554
112558
112561
-112569
112574
112576
-112582
112587
112589
-112595
112599
112602
-112610
112615
112617
-112623
112628
112630
-112636
112640
112643
-112651
112656
112658
-112664
112669
112671
-112677
112681
112684
-112692
112697
112699
-112705
112710
112712
-112718
112722
112725
-112733
112738
112740
112742
-112749
112754
112756
-112762
112766
112767
112769
-112777
112782
112784
-112790
112795
112796
112798
-112806
112810
112813
-112821
112826
112828
-112834
112839
112841
-112847
112851
112854
-112862
112867
112869
-112875
112880
112882
-112888
112892
112895
-112903
112908
112910
-112916
112921
112923
-112929
112933
112936
-112944
112949
112951
-112957
112962
112964
-112970
112974
112977
-112985
112990
112992
112994
-113001
113006
113008
-113014
113018
113019
113021
-113029
113034
113036
-113042
113047
113048
113050
-113058
113062
113065
-113073
113078
113080
-113086
113091
113093
-113099
113103
113106
-113114
113119
113121
-113127
113132
113134
-113140
113144
113147
-113155
113160
113162
-113168
113173
113175
-113181
113185
113188
-113196
113201
113203
-113209
113214
113216
-113222
113226
113229
-113237
113242
113244
113246
-113253
113258
113260
-113266
113270
113271
113273
-113281
113286
113288
-113294
113299
113300
113302
-113310
113314
113317
-113325
113330
113332
-113338
113343
113345
-113351
113355
113358
-113366
113371
113373
-113379
113384
113386
-113392
113396
113399
-113407
113412
113414
-113420
113425
113427
-113433
113437
113440
-113448
113453
113455
-113461
113466
113468
-113474
113478
113481
-113489
113494
113496
113498
-113505
113510
113512
-113518
113522
113523
113525
-113533
113538
113540
-113546
113551
113552
113554
113556
-113565
113569
113572
113573
-113580
113585
113587
-113593
113598
113600
113602
-113609
113613
113616
113617
-113624
113629
113631
-113637
113642
113644
113646
-113653
113657
113660
113661
-113668
113673
113675
-113681
113686
113688
113690
-113697
113701
113704
113705
-113712
113717
113719
-113725
113730
113732
113734
-113741
113745
113748
113749
-113756
113761
113763
113765
-113772
113777
113779
113781
-113788
113792
113793
113795
113796
)


// ************************************************************************* //
