/*--------------------------------*- C++ -*----------------------------------*\
| =========                 |                                                 |
| \\      /  F ield         | OpenFOAM: The Open Source CFD Toolbox           |
|  \\    /   O peration     | Version:  2506                                  |
|   \\  /    A nd           | Website:  www.openfoam.com                      |
|    \\/     M anipulation  |                                                 |
\*---------------------------------------------------------------------------*/
FoamFile
{
    version     2.0;
    format      ascii;
    arch        "LSB;label=32;scalar=64";
    note        "nPoints:3125  nCells:2304  nFaces:7680  nInternalFaces:6144";
    class       labelList;
    location    "constant/solid/polyMesh";
    object      neighbour;
}
// * * * * * * * * * * * * * * * * * * * * * * * * * * * * * * * * * * * * * //


6144
(
36
432
433
40
180
435
436
44
183
438
439
48
186
441
442
52
189
444
445
56
192
447
448
60
181
450
451
64
184
198
453
454
68
187
201
456
457
72
190
204
459
460
76
193
207
462
463
80
196
210
465
466
84
199
468
469
88
202
216
471
472
92
205
219
474
475
96
208
222
477
478
100
211
225
480
481
104
214
228
483
484
108
217
486
487
112
220
234
489
490
116
223
237
492
493
120
226
240
495
496
124
229
243
498
499
128
232
246
501
502
132
235
504
505
136
238
252
507
508
140
241
255
510
511
144
244
258
513
514
148
247
261
516
517
152
250
264
519
520
156
253
522
523
160
256
270
525
526
164
259
273
528
529
168
262
276
531
532
172
265
279
534
535
176
268
282
537
538
553
554
555
40
180
560
561
562
60
181
567
568
569
42
61
182
574
575
576
593
594
595
44
183
600
601
602
64
184
607
608
609
46
65
185
614
615
616
633
634
635
48
186
640
641
642
68
187
647
648
649
50
69
188
654
655
656
673
674
675
52
189
680
681
682
72
190
687
688
689
54
73
191
694
695
696
713
714
715
56
192
720
721
722
76
193
727
728
729
58
77
194
734
735
736
753
754
755
195
760
761
762
80
196
767
768
769
81
197
774
775
776
793
794
795
64
198
800
801
802
84
199
807
808
809
66
85
200
814
815
816
833
834
835
68
201
840
841
842
88
202
847
848
849
70
89
203
854
855
856
873
874
875
72
204
880
881
882
92
205
887
888
889
74
93
206
894
895
896
913
914
915
76
207
920
921
922
96
208
927
928
929
78
97
209
934
935
936
953
954
955
80
210
960
961
962
100
211
967
968
969
82
101
212
974
975
976
993
994
995
213
1000
1001
1002
104
214
1007
1008
1009
105
215
1014
1015
1016
1033
1034
1035
88
216
1040
1041
1042
108
217
1047
1048
1049
90
109
218
1054
1055
1056
1073
1074
1075
92
219
1080
1081
1082
112
220
1087
1088
1089
94
113
221
1094
1095
1096
1113
1114
1115
96
222
1120
1121
1122
116
223
1127
1128
1129
98
117
224
1134
1135
1136
1153
1154
1155
100
225
1160
1161
1162
120
226
1167
1168
1169
102
121
227
1174
1175
1176
1193
1194
1195
104
228
1200
1201
1202
124
229
1207
1208
1209
106
125
230
1214
1215
1216
1233
1234
1235
231
1240
1241
1242
128
232
1247
1248
1249
129
233
1254
1255
1256
1273
1274
1275
112
234
1280
1281
1282
132
235
1287
1288
1289
114
133
236
1294
1295
1296
1313
1314
1315
116
237
1320
1321
1322
136
238
1327
1328
1329
118
137
239
1334
1335
1336
1353
1354
1355
120
240
1360
1361
1362
140
241
1367
1368
1369
122
141
242
1374
1375
1376
1393
1394
1395
124
243
1400
1401
1402
144
244
1407
1408
1409
126
145
245
1414
1415
1416
1433
1434
1435
128
246
1440
1441
1442
148
247
1447
1448
1449
130
149
248
1454
1455
1456
1473
1474
1475
249
1480
1481
1482
152
250
1487
1488
1489
153
251
1494
1495
1496
1513
1514
1515
136
252
1520
1521
1522
156
253
1527
1528
1529
138
157
254
1534
1535
1536
1553
1554
1555
140
255
1560
1561
1562
160
256
1567
1568
1569
142
161
257
1574
1575
1576
1593
1594
1595
144
258
1600
1601
1602
164
259
1607
1608
1609
146
165
260
1614
1615
1616
1633
1634
1635
148
261
1640
1641
1642
168
262
1647
1648
1649
150
169
263
1654
1655
1656
1673
1674
1675
152
264
1680
1681
1682
172
265
1687
1688
1689
154
173
266
1694
1695
1696
1713
1714
1715
267
1720
1721
1722
176
268
1727
1728
1729
177
269
1734
1735
1736
1753
1754
1755
160
270
1760
1761
1762
271
1767
1768
1769
162
272
1774
1775
1776
1793
1794
1795
164
273
1800
1801
1802
274
1807
1808
1809
166
275
1814
1815
1816
1833
1834
1835
168
276
1840
1841
1842
277
1847
1848
1849
170
278
1854
1855
1856
1873
1874
1875
172
279
1880
1881
1882
280
1887
1888
1889
174
281
1894
1895
1896
1913
1914
1915
176
282
1920
1921
1922
283
1927
1928
1929
178
284
1934
1935
1936
1953
1954
1955
285
1960
1961
1962
286
1967
1968
1969
287
1974
1975
1976
1980
1981
1983
1984
184
198
1986
1987
1989
1990
1992
1993
187
201
1995
1996
1998
1999
2001
2002
190
204
2004
2005
2007
2008
2010
2011
193
207
2013
2014
2016
2017
2019
2020
196
210
2022
2023
2025
2026
2028
2029
213
2031
2032
2034
2035
2037
2038
202
216
2040
2041
2043
2044
2046
2047
205
219
2049
2050
2052
2053
2055
2056
208
222
2058
2059
2061
2062
2064
2065
211
225
2067
2068
2070
2071
2073
2074
214
228
2076
2077
2079
2080
2082
2083
231
2085
2086
2088
2089
2091
2092
220
234
2094
2095
2097
2098
2100
2101
223
237
2103
2104
2106
2107
2109
2110
226
240
2112
2113
2115
2116
2118
2119
229
243
2121
2122
2124
2125
2127
2128
232
246
2130
2131
2133
2134
2136
2137
249
2139
2140
2142
2143
2145
2146
238
252
2148
2149
2151
2152
2154
2155
241
255
2157
2158
2160
2161
2163
2164
244
258
2166
2167
2169
2170
2172
2173
247
261
2175
2176
2178
2179
2181
2182
250
264
2184
2185
2187
2188
2190
2191
267
2193
2194
2196
2197
2199
2200
256
270
2202
2203
2205
2206
2208
2209
259
273
2211
2212
2214
2215
2217
2218
262
276
2220
2221
2223
2224
2226
2227
265
279
2229
2230
2232
2233
2235
2236
268
282
2238
2239
2241
2242
2244
2245
285
2247
2248
2250
2251
2253
2254
274
2256
2257
2259
2260
2262
2263
277
2265
2266
2268
2269
2271
2272
280
2274
2275
2277
2278
2280
2281
283
2283
2284
2286
2287
2289
2290
286
2292
2293
2295
2296
2298
2299
2301
2302
290
291
540
544
552
290
291
553
542
556
546
557
294
295
580
584
592
294
295
541
593
582
596
543
586
597
298
299
620
624
632
298
299
581
633
622
636
583
626
637
302
303
660
664
672
302
303
621
673
662
676
623
666
677
306
307
700
704
712
306
307
661
713
702
716
663
706
717
310
311
740
744
752
310
311
701
753
742
756
703
746
757
314
315
780
784
792
314
315
545
793
547
782
796
786
797
318
319
820
824
832
318
319
585
781
833
587
822
836
783
826
837
322
323
860
864
872
322
323
625
821
873
627
862
876
823
866
877
326
327
900
904
912
326
327
665
861
913
667
902
916
863
906
917
330
331
940
944
952
330
331
705
901
953
707
942
956
903
946
957
334
335
980
984
992
334
335
745
941
993
747
982
996
943
986
997
338
339
1020
1024
1032
338
339
785
1033
787
1022
1036
1026
1037
342
343
1060
1064
1072
342
343
825
1021
1073
827
1062
1076
1023
1066
1077
346
347
1100
1104
1112
346
347
865
1061
1113
867
1102
1116
1063
1106
1117
350
351
1140
1144
1152
350
351
905
1101
1153
907
1142
1156
1103
1146
1157
354
355
1180
1184
1192
354
355
945
1141
1193
947
1182
1196
1143
1186
1197
358
359
1220
1224
1232
358
359
985
1181
1233
987
1222
1236
1183
1226
1237
362
363
1260
1264
1272
362
363
1025
1273
1027
1262
1276
1266
1277
366
367
1300
1304
1312
366
367
1065
1261
1313
1067
1302
1316
1263
1306
1317
370
371
1340
1344
1352
370
371
1105
1301
1353
1107
1342
1356
1303
1346
1357
374
375
1380
1384
1392
374
375
1145
1341
1393
1147
1382
1396
1343
1386
1397
378
379
1420
1424
1432
378
379
1185
1381
1433
1187
1422
1436
1383
1426
1437
382
383
1460
1464
1472
382
383
1225
1421
1473
1227
1462
1476
1423
1466
1477
386
387
1500
1504
1512
386
387
1265
1513
1267
1502
1516
1506
1517
390
391
1540
1544
1552
390
391
1305
1501
1553
1307
1542
1556
1503
1546
1557
394
395
1580
1584
1592
394
395
1345
1541
1593
1347
1582
1596
1543
1586
1597
398
399
1620
1624
1632
398
399
1385
1581
1633
1387
1622
1636
1583
1626
1637
402
403
1660
1664
1672
402
403
1425
1621
1673
1427
1662
1676
1623
1666
1677
406
407
1700
1704
1712
406
407
1465
1661
1713
1467
1702
1716
1663
1706
1717
410
411
1740
1744
1752
410
411
1505
1753
1507
1742
1756
1746
1757
414
415
1780
1784
1792
414
415
1545
1741
1793
1547
1782
1796
1743
1786
1797
418
419
1820
1824
1832
418
419
1585
1781
1833
1587
1822
1836
1783
1826
1837
422
423
1860
1864
1872
422
423
1625
1821
1873
1627
1862
1876
1823
1866
1877
426
427
1900
1904
1912
426
427
1665
1861
1913
1667
1902
1916
1863
1906
1917
430
431
1940
1944
1952
430
431
1705
1901
1953
1707
1942
1956
1903
1946
1957
434
554
1980
434
555
1983
558
1982
1985
437
594
1989
437
595
1981
1992
598
1991
1994
440
634
1998
440
635
1990
2001
638
2000
2003
443
674
2007
443
675
1999
2010
678
2009
2012
446
714
2016
446
715
2008
2019
718
2018
2021
449
754
2025
449
755
2017
2028
758
2027
2030
452
794
1984
2034
452
795
2037
798
2036
2039
455
834
1993
2043
455
835
2035
2046
838
2045
2048
458
874
2002
2052
458
875
2044
2055
878
2054
2057
461
914
2011
2061
461
915
2053
2064
918
2063
2066
464
954
2020
2070
464
955
2062
2073
958
2072
2075
467
994
2029
2079
467
995
2071
2082
998
2081
2084
470
1034
2038
2088
470
1035
2091
1038
2090
2093
473
1074
2047
2097
473
1075
2089
2100
1078
2099
2102
476
1114
2056
2106
476
1115
2098
2109
1118
2108
2111
479
1154
2065
2115
479
1155
2107
2118
1158
2117
2120
482
1194
2074
2124
482
1195
2116
2127
1198
2126
2129
485
1234
2083
2133
485
1235
2125
2136
1238
2135
2138
488
1274
2092
2142
488
1275
2145
1278
2144
2147
491
1314
2101
2151
491
1315
2143
2154
1318
2153
2156
494
1354
2110
2160
494
1355
2152
2163
1358
2162
2165
497
1394
2119
2169
497
1395
2161
2172
1398
2171
2174
500
1434
2128
2178
500
1435
2170
2181
1438
2180
2183
503
1474
2137
2187
503
1475
2179
2190
1478
2189
2192
506
1514
2146
2196
506
1515
2199
1518
2198
2201
509
1554
2155
2205
509
1555
2197
2208
1558
2207
2210
512
1594
2164
2214
512
1595
2206
2217
1598
2216
2219
515
1634
2173
2223
515
1635
2215
2226
1638
2225
2228
518
1674
2182
2232
518
1675
2224
2235
1678
2234
2237
521
1714
2191
2241
521
1715
2233
2244
1718
2243
2246
524
1754
2200
2250
524
1755
2253
1758
2252
2255
527
1794
2209
2259
527
1795
2251
2262
1798
2261
2264
530
1834
2218
2268
530
1835
2260
2271
1838
2270
2273
533
1874
2227
2277
533
1875
2269
2280
1878
2279
2282
536
1914
2236
2286
536
1915
2278
2289
1918
2288
2291
539
1954
2245
2295
539
1955
2287
2298
1958
2297
2300
542
543
548
559
542
543
560
563
550
564
546
547
548
566
546
547
567
570
551
571
550
551
573
550
551
574
585
781
577
586
578
782
556
557
558
559
566
556
557
556
558
561
557
558
568
563
570
565
572
563
564
565
573
563
564
593
563
565
1980
564
565
575
595
1981
577
597
579
1982
570
571
572
573
570
571
793
570
572
1983
571
572
576
794
1984
578
796
579
1985
577
578
579
577
578
607
800
577
579
608
1986
578
579
801
1987
610
803
1988
582
583
588
599
582
583
600
603
590
604
586
587
588
606
586
587
607
610
591
611
590
591
613
590
591
614
625
821
617
626
618
822
596
597
598
599
606
596
597
596
598
601
597
598
608
603
610
605
612
603
604
605
613
603
604
633
603
605
1989
604
605
615
635
1990
617
637
619
1991
610
611
612
613
610
611
833
610
612
1992
611
612
616
834
1993
618
836
619
1994
617
618
619
617
618
647
840
617
619
648
1995
618
619
841
1996
650
843
1997
622
623
628
639
622
623
640
643
630
644
626
627
628
646
626
627
647
650
631
651
630
631
653
630
631
654
665
861
657
666
658
862
636
637
638
639
646
636
637
636
638
641
637
638
648
643
650
645
652
643
644
645
653
643
644
673
643
645
1998
644
645
655
675
1999
657
677
659
2000
650
651
652
653
650
651
873
650
652
2001
651
652
656
874
2002
658
876
659
2003
657
658
659
657
658
687
880
657
659
688
2004
658
659
881
2005
690
883
2006
662
663
668
679
662
663
680
683
670
684
666
667
668
686
666
667
687
690
671
691
670
671
693
670
671
694
705
901
697
706
698
902
676
677
678
679
686
676
677
676
678
681
677
678
688
683
690
685
692
683
684
685
693
683
684
713
683
685
2007
684
685
695
715
2008
697
717
699
2009
690
691
692
693
690
691
913
690
692
2010
691
692
696
914
2011
698
916
699
2012
697
698
699
697
698
727
920
697
699
728
2013
698
699
921
2014
730
923
2015
702
703
708
719
702
703
720
723
710
724
706
707
708
726
706
707
727
730
711
731
710
711
733
710
711
734
745
941
737
746
738
942
716
717
718
719
726
716
717
716
718
721
717
718
728
723
730
725
732
723
724
725
733
723
724
753
723
725
2016
724
725
735
755
2017
737
757
739
2018
730
731
732
733
730
731
953
730
732
2019
731
732
736
954
2020
738
956
739
2021
737
738
739
737
738
767
960
737
739
768
2022
738
739
961
2023
770
963
2024
742
743
748
759
742
743
760
763
750
764
746
747
748
766
746
747
767
770
751
771
750
751
773
750
751
774
981
777
778
982
756
757
758
759
766
756
757
756
758
761
757
758
768
763
770
765
772
763
764
765
773
763
764
763
765
2025
764
765
775
2026
777
779
2027
770
771
772
773
770
771
993
770
772
2028
771
772
776
994
2029
778
996
779
2030
777
778
779
777
778
1000
777
779
2031
778
779
1001
2032
1003
2033
782
783
788
799
782
783
800
803
790
804
786
787
788
806
786
787
807
810
791
811
790
791
813
790
791
814
825
1021
817
826
818
1022
796
797
798
799
806
796
797
796
798
801
797
798
808
803
810
805
812
803
804
805
813
803
804
833
803
805
2034
804
805
815
835
2035
817
837
819
2036
810
811
812
813
810
811
1033
810
812
2037
811
812
816
1034
2038
818
1036
819
2039
817
818
819
817
818
847
1040
817
819
848
2040
818
819
1041
2041
850
1043
2042
822
823
828
839
822
823
840
843
830
844
826
827
828
846
826
827
847
850
831
851
830
831
853
830
831
854
865
1061
857
866
858
1062
836
837
838
839
846
836
837
836
838
841
837
838
848
843
850
845
852
843
844
845
853
843
844
873
843
845
2043
844
845
855
875
2044
857
877
859
2045
850
851
852
853
850
851
1073
850
852
2046
851
852
856
1074
2047
858
1076
859
2048
857
858
859
857
858
887
1080
857
859
888
2049
858
859
1081
2050
890
1083
2051
862
863
868
879
862
863
880
883
870
884
866
867
868
886
866
867
887
890
871
891
870
871
893
870
871
894
905
1101
897
906
898
1102
876
877
878
879
886
876
877
876
878
881
877
878
888
883
890
885
892
883
884
885
893
883
884
913
883
885
2052
884
885
895
915
2053
897
917
899
2054
890
891
892
893
890
891
1113
890
892
2055
891
892
896
1114
2056
898
1116
899
2057
897
898
899
897
898
927
1120
897
899
928
2058
898
899
1121
2059
930
1123
2060
902
903
908
919
902
903
920
923
910
924
906
907
908
926
906
907
927
930
911
931
910
911
933
910
911
934
945
1141
937
946
938
1142
916
917
918
919
926
916
917
916
918
921
917
918
928
923
930
925
932
923
924
925
933
923
924
953
923
925
2061
924
925
935
955
2062
937
957
939
2063
930
931
932
933
930
931
1153
930
932
2064
931
932
936
1154
2065
938
1156
939
2066
937
938
939
937
938
967
1160
937
939
968
2067
938
939
1161
2068
970
1163
2069
942
943
948
959
942
943
960
963
950
964
946
947
948
966
946
947
967
970
951
971
950
951
973
950
951
974
985
1181
977
986
978
1182
956
957
958
959
966
956
957
956
958
961
957
958
968
963
970
965
972
963
964
965
973
963
964
993
963
965
2070
964
965
975
995
2071
977
997
979
2072
970
971
972
973
970
971
1193
970
972
2073
971
972
976
1194
2074
978
1196
979
2075
977
978
979
977
978
1007
1200
977
979
1008
2076
978
979
1201
2077
1010
1203
2078
982
983
988
999
982
983
1000
1003
990
1004
986
987
988
1006
986
987
1007
1010
991
1011
990
991
1013
990
991
1014
1221
1017
1018
1222
996
997
998
999
1006
996
997
996
998
1001
997
998
1008
1003
1010
1005
1012
1003
1004
1005
1013
1003
1004
1003
1005
2079
1004
1005
1015
2080
1017
1019
2081
1010
1011
1012
1013
1010
1011
1233
1010
1012
2082
1011
1012
1016
1234
2083
1018
1236
1019
2084
1017
1018
1019
1017
1018
1240
1017
1019
2085
1018
1019
1241
2086
1243
2087
1022
1023
1028
1039
1022
1023
1040
1043
1030
1044
1026
1027
1028
1046
1026
1027
1047
1050
1031
1051
1030
1031
1053
1030
1031
1054
1065
1261
1057
1066
1058
1262
1036
1037
1038
1039
1046
1036
1037
1036
1038
1041
1037
1038
1048
1043
1050
1045
1052
1043
1044
1045
1053
1043
1044
1073
1043
1045
2088
1044
1045
1055
1075
2089
1057
1077
1059
2090
1050
1051
1052
1053
1050
1051
1273
1050
1052
2091
1051
1052
1056
1274
2092
1058
1276
1059
2093
1057
1058
1059
1057
1058
1087
1280
1057
1059
1088
2094
1058
1059
1281
2095
1090
1283
2096
1062
1063
1068
1079
1062
1063
1080
1083
1070
1084
1066
1067
1068
1086
1066
1067
1087
1090
1071
1091
1070
1071
1093
1070
1071
1094
1105
1301
1097
1106
1098
1302
1076
1077
1078
1079
1086
1076
1077
1076
1078
1081
1077
1078
1088
1083
1090
1085
1092
1083
1084
1085
1093
1083
1084
1113
1083
1085
2097
1084
1085
1095
1115
2098
1097
1117
1099
2099
1090
1091
1092
1093
1090
1091
1313
1090
1092
2100
1091
1092
1096
1314
2101
1098
1316
1099
2102
1097
1098
1099
1097
1098
1127
1320
1097
1099
1128
2103
1098
1099
1321
2104
1130
1323
2105
1102
1103
1108
1119
1102
1103
1120
1123
1110
1124
1106
1107
1108
1126
1106
1107
1127
1130
1111
1131
1110
1111
1133
1110
1111
1134
1145
1341
1137
1146
1138
1342
1116
1117
1118
1119
1126
1116
1117
1116
1118
1121
1117
1118
1128
1123
1130
1125
1132
1123
1124
1125
1133
1123
1124
1153
1123
1125
2106
1124
1125
1135
1155
2107
1137
1157
1139
2108
1130
1131
1132
1133
1130
1131
1353
1130
1132
2109
1131
1132
1136
1354
2110
1138
1356
1139
2111
1137
1138
1139
1137
1138
1167
1360
1137
1139
1168
2112
1138
1139
1361
2113
1170
1363
2114
1142
1143
1148
1159
1142
1143
1160
1163
1150
1164
1146
1147
1148
1166
1146
1147
1167
1170
1151
1171
1150
1151
1173
1150
1151
1174
1185
1381
1177
1186
1178
1382
1156
1157
1158
1159
1166
1156
1157
1156
1158
1161
1157
1158
1168
1163
1170
1165
1172
1163
1164
1165
1173
1163
1164
1193
1163
1165
2115
1164
1165
1175
1195
2116
1177
1197
1179
2117
1170
1171
1172
1173
1170
1171
1393
1170
1172
2118
1171
1172
1176
1394
2119
1178
1396
1179
2120
1177
1178
1179
1177
1178
1207
1400
1177
1179
1208
2121
1178
1179
1401
2122
1210
1403
2123
1182
1183
1188
1199
1182
1183
1200
1203
1190
1204
1186
1187
1188
1206
1186
1187
1207
1210
1191
1211
1190
1191
1213
1190
1191
1214
1225
1421
1217
1226
1218
1422
1196
1197
1198
1199
1206
1196
1197
1196
1198
1201
1197
1198
1208
1203
1210
1205
1212
1203
1204
1205
1213
1203
1204
1233
1203
1205
2124
1204
1205
1215
1235
2125
1217
1237
1219
2126
1210
1211
1212
1213
1210
1211
1433
1210
1212
2127
1211
1212
1216
1434
2128
1218
1436
1219
2129
1217
1218
1219
1217
1218
1247
1440
1217
1219
1248
2130
1218
1219
1441
2131
1250
1443
2132
1222
1223
1228
1239
1222
1223
1240
1243
1230
1244
1226
1227
1228
1246
1226
1227
1247
1250
1231
1251
1230
1231
1253
1230
1231
1254
1461
1257
1258
1462
1236
1237
1238
1239
1246
1236
1237
1236
1238
1241
1237
1238
1248
1243
1250
1245
1252
1243
1244
1245
1253
1243
1244
1243
1245
2133
1244
1245
1255
2134
1257
1259
2135
1250
1251
1252
1253
1250
1251
1473
1250
1252
2136
1251
1252
1256
1474
2137
1258
1476
1259
2138
1257
1258
1259
1257
1258
1480
1257
1259
2139
1258
1259
1481
2140
1483
2141
1262
1263
1268
1279
1262
1263
1280
1283
1270
1284
1266
1267
1268
1286
1266
1267
1287
1290
1271
1291
1270
1271
1293
1270
1271
1294
1305
1501
1297
1306
1298
1502
1276
1277
1278
1279
1286
1276
1277
1276
1278
1281
1277
1278
1288
1283
1290
1285
1292
1283
1284
1285
1293
1283
1284
1313
1283
1285
2142
1284
1285
1295
1315
2143
1297
1317
1299
2144
1290
1291
1292
1293
1290
1291
1513
1290
1292
2145
1291
1292
1296
1514
2146
1298
1516
1299
2147
1297
1298
1299
1297
1298
1327
1520
1297
1299
1328
2148
1298
1299
1521
2149
1330
1523
2150
1302
1303
1308
1319
1302
1303
1320
1323
1310
1324
1306
1307
1308
1326
1306
1307
1327
1330
1311
1331
1310
1311
1333
1310
1311
1334
1345
1541
1337
1346
1338
1542
1316
1317
1318
1319
1326
1316
1317
1316
1318
1321
1317
1318
1328
1323
1330
1325
1332
1323
1324
1325
1333
1323
1324
1353
1323
1325
2151
1324
1325
1335
1355
2152
1337
1357
1339
2153
1330
1331
1332
1333
1330
1331
1553
1330
1332
2154
1331
1332
1336
1554
2155
1338
1556
1339
2156
1337
1338
1339
1337
1338
1367
1560
1337
1339
1368
2157
1338
1339
1561
2158
1370
1563
2159
1342
1343
1348
1359
1342
1343
1360
1363
1350
1364
1346
1347
1348
1366
1346
1347
1367
1370
1351
1371
1350
1351
1373
1350
1351
1374
1385
1581
1377
1386
1378
1582
1356
1357
1358
1359
1366
1356
1357
1356
1358
1361
1357
1358
1368
1363
1370
1365
1372
1363
1364
1365
1373
1363
1364
1393
1363
1365
2160
1364
1365
1375
1395
2161
1377
1397
1379
2162
1370
1371
1372
1373
1370
1371
1593
1370
1372
2163
1371
1372
1376
1594
2164
1378
1596
1379
2165
1377
1378
1379
1377
1378
1407
1600
1377
1379
1408
2166
1378
1379
1601
2167
1410
1603
2168
1382
1383
1388
1399
1382
1383
1400
1403
1390
1404
1386
1387
1388
1406
1386
1387
1407
1410
1391
1411
1390
1391
1413
1390
1391
1414
1425
1621
1417
1426
1418
1622
1396
1397
1398
1399
1406
1396
1397
1396
1398
1401
1397
1398
1408
1403
1410
1405
1412
1403
1404
1405
1413
1403
1404
1433
1403
1405
2169
1404
1405
1415
1435
2170
1417
1437
1419
2171
1410
1411
1412
1413
1410
1411
1633
1410
1412
2172
1411
1412
1416
1634
2173
1418
1636
1419
2174
1417
1418
1419
1417
1418
1447
1640
1417
1419
1448
2175
1418
1419
1641
2176
1450
1643
2177
1422
1423
1428
1439
1422
1423
1440
1443
1430
1444
1426
1427
1428
1446
1426
1427
1447
1450
1431
1451
1430
1431
1453
1430
1431
1454
1465
1661
1457
1466
1458
1662
1436
1437
1438
1439
1446
1436
1437
1436
1438
1441
1437
1438
1448
1443
1450
1445
1452
1443
1444
1445
1453
1443
1444
1473
1443
1445
2178
1444
1445
1455
1475
2179
1457
1477
1459
2180
1450
1451
1452
1453
1450
1451
1673
1450
1452
2181
1451
1452
1456
1674
2182
1458
1676
1459
2183
1457
1458
1459
1457
1458
1487
1680
1457
1459
1488
2184
1458
1459
1681
2185
1490
1683
2186
1462
1463
1468
1479
1462
1463
1480
1483
1470
1484
1466
1467
1468
1486
1466
1467
1487
1490
1471
1491
1470
1471
1493
1470
1471
1494
1701
1497
1498
1702
1476
1477
1478
1479
1486
1476
1477
1476
1478
1481
1477
1478
1488
1483
1490
1485
1492
1483
1484
1485
1493
1483
1484
1483
1485
2187
1484
1485
1495
2188
1497
1499
2189
1490
1491
1492
1493
1490
1491
1713
1490
1492
2190
1491
1492
1496
1714
2191
1498
1716
1499
2192
1497
1498
1499
1497
1498
1720
1497
1499
2193
1498
1499
1721
2194
1723
2195
1502
1503
1508
1519
1502
1503
1520
1523
1510
1524
1506
1507
1508
1526
1506
1507
1527
1530
1511
1531
1510
1511
1533
1510
1511
1534
1545
1741
1537
1546
1538
1742
1516
1517
1518
1519
1526
1516
1517
1516
1518
1521
1517
1518
1528
1523
1530
1525
1532
1523
1524
1525
1533
1523
1524
1553
1523
1525
2196
1524
1525
1535
1555
2197
1537
1557
1539
2198
1530
1531
1532
1533
1530
1531
1753
1530
1532
2199
1531
1532
1536
1754
2200
1538
1756
1539
2201
1537
1538
1539
1537
1538
1567
1760
1537
1539
1568
2202
1538
1539
1761
2203
1570
1763
2204
1542
1543
1548
1559
1542
1543
1560
1563
1550
1564
1546
1547
1548
1566
1546
1547
1567
1570
1551
1571
1550
1551
1573
1550
1551
1574
1585
1781
1577
1586
1578
1782
1556
1557
1558
1559
1566
1556
1557
1556
1558
1561
1557
1558
1568
1563
1570
1565
1572
1563
1564
1565
1573
1563
1564
1593
1563
1565
2205
1564
1565
1575
1595
2206
1577
1597
1579
2207
1570
1571
1572
1573
1570
1571
1793
1570
1572
2208
1571
1572
1576
1794
2209
1578
1796
1579
2210
1577
1578
1579
1577
1578
1607
1800
1577
1579
1608
2211
1578
1579
1801
2212
1610
1803
2213
1582
1583
1588
1599
1582
1583
1600
1603
1590
1604
1586
1587
1588
1606
1586
1587
1607
1610
1591
1611
1590
1591
1613
1590
1591
1614
1625
1821
1617
1626
1618
1822
1596
1597
1598
1599
1606
1596
1597
1596
1598
1601
1597
1598
1608
1603
1610
1605
1612
1603
1604
1605
1613
1603
1604
1633
1603
1605
2214
1604
1605
1615
1635
2215
1617
1637
1619
2216
1610
1611
1612
1613
1610
1611
1833
1610
1612
2217
1611
1612
1616
1834
2218
1618
1836
1619
2219
1617
1618
1619
1617
1618
1647
1840
1617
1619
1648
2220
1618
1619
1841
2221
1650
1843
2222
1622
1623
1628
1639
1622
1623
1640
1643
1630
1644
1626
1627
1628
1646
1626
1627
1647
1650
1631
1651
1630
1631
1653
1630
1631
1654
1665
1861
1657
1666
1658
1862
1636
1637
1638
1639
1646
1636
1637
1636
1638
1641
1637
1638
1648
1643
1650
1645
1652
1643
1644
1645
1653
1643
1644
1673
1643
1645
2223
1644
1645
1655
1675
2224
1657
1677
1659
2225
1650
1651
1652
1653
1650
1651
1873
1650
1652
2226
1651
1652
1656
1874
2227
1658
1876
1659
2228
1657
1658
1659
1657
1658
1687
1880
1657
1659
1688
2229
1658
1659
1881
2230
1690
1883
2231
1662
1663
1668
1679
1662
1663
1680
1683
1670
1684
1666
1667
1668
1686
1666
1667
1687
1690
1671
1691
1670
1671
1693
1670
1671
1694
1705
1901
1697
1706
1698
1902
1676
1677
1678
1679
1686
1676
1677
1676
1678
1681
1677
1678
1688
1683
1690
1685
1692
1683
1684
1685
1693
1683
1684
1713
1683
1685
2232
1684
1685
1695
1715
2233
1697
1717
1699
2234
1690
1691
1692
1693
1690
1691
1913
1690
1692
2235
1691
1692
1696
1914
2236
1698
1916
1699
2237
1697
1698
1699
1697
1698
1727
1920
1697
1699
1728
2238
1698
1699
1921
2239
1730
1923
2240
1702
1703
1708
1719
1702
1703
1720
1723
1710
1724
1706
1707
1708
1726
1706
1707
1727
1730
1711
1731
1710
1711
1733
1710
1711
1734
1941
1737
1738
1942
1716
1717
1718
1719
1726
1716
1717
1716
1718
1721
1717
1718
1728
1723
1730
1725
1732
1723
1724
1725
1733
1723
1724
1723
1725
2241
1724
1725
1735
2242
1737
1739
2243
1730
1731
1732
1733
1730
1731
1953
1730
1732
2244
1731
1732
1736
1954
2245
1738
1956
1739
2246
1737
1738
1739
1737
1738
1960
1737
1739
2247
1738
1739
1961
2248
1963
2249
1742
1743
1748
1759
1742
1743
1760
1763
1750
1764
1746
1747
1748
1766
1746
1747
1767
1770
1751
1771
1750
1751
1773
1750
1751
1774
1785
1777
1786
1778
1756
1757
1758
1759
1766
1756
1757
1756
1758
1761
1757
1758
1768
1763
1770
1765
1772
1763
1764
1765
1773
1763
1764
1793
1763
1765
2250
1764
1765
1775
1795
2251
1777
1797
1779
2252
1770
1771
1772
1773
1770
1771
1770
1772
2253
1771
1772
1776
2254
1778
1779
2255
1777
1778
1779
1777
1778
1807
1777
1779
1808
2256
1778
1779
2257
1810
2258
1782
1783
1788
1799
1782
1783
1800
1803
1790
1804
1786
1787
1788
1806
1786
1787
1807
1810
1791
1811
1790
1791
1813
1790
1791
1814
1825
1817
1826
1818
1796
1797
1798
1799
1806
1796
1797
1796
1798
1801
1797
1798
1808
1803
1810
1805
1812
1803
1804
1805
1813
1803
1804
1833
1803
1805
2259
1804
1805
1815
1835
2260
1817
1837
1819
2261
1810
1811
1812
1813
1810
1811
1810
1812
2262
1811
1812
1816
2263
1818
1819
2264
1817
1818
1819
1817
1818
1847
1817
1819
1848
2265
1818
1819
2266
1850
2267
1822
1823
1828
1839
1822
1823
1840
1843
1830
1844
1826
1827
1828
1846
1826
1827
1847
1850
1831
1851
1830
1831
1853
1830
1831
1854
1865
1857
1866
1858
1836
1837
1838
1839
1846
1836
1837
1836
1838
1841
1837
1838
1848
1843
1850
1845
1852
1843
1844
1845
1853
1843
1844
1873
1843
1845
2268
1844
1845
1855
1875
2269
1857
1877
1859
2270
1850
1851
1852
1853
1850
1851
1850
1852
2271
1851
1852
1856
2272
1858
1859
2273
1857
1858
1859
1857
1858
1887
1857
1859
1888
2274
1858
1859
2275
1890
2276
1862
1863
1868
1879
1862
1863
1880
1883
1870
1884
1866
1867
1868
1886
1866
1867
1887
1890
1871
1891
1870
1871
1893
1870
1871
1894
1905
1897
1906
1898
1876
1877
1878
1879
1886
1876
1877
1876
1878
1881
1877
1878
1888
1883
1890
1885
1892
1883
1884
1885
1893
1883
1884
1913
1883
1885
2277
1884
1885
1895
1915
2278
1897
1917
1899
2279
1890
1891
1892
1893
1890
1891
1890
1892
2280
1891
1892
1896
2281
1898
1899
2282
1897
1898
1899
1897
1898
1927
1897
1899
1928
2283
1898
1899
2284
1930
2285
1902
1903
1908
1919
1902
1903
1920
1923
1910
1924
1906
1907
1908
1926
1906
1907
1927
1930
1911
1931
1910
1911
1933
1910
1911
1934
1945
1937
1946
1938
1916
1917
1918
1919
1926
1916
1917
1916
1918
1921
1917
1918
1928
1923
1930
1925
1932
1923
1924
1925
1933
1923
1924
1953
1923
1925
2286
1924
1925
1935
1955
2287
1937
1957
1939
2288
1930
1931
1932
1933
1930
1931
1930
1932
2289
1931
1932
1936
2290
1938
1939
2291
1937
1938
1939
1937
1938
1967
1937
1939
1968
2292
1938
1939
2293
1970
2294
1942
1943
1948
1959
1942
1943
1960
1963
1950
1964
1946
1947
1948
1966
1946
1947
1967
1970
1951
1971
1950
1951
1973
1950
1951
1974
1977
1978
1956
1957
1958
1959
1966
1956
1957
1956
1958
1961
1957
1958
1968
1963
1970
1965
1972
1963
1964
1965
1973
1963
1964
1963
1965
2295
1964
1965
1975
2296
1977
1979
2297
1970
1971
1972
1973
1970
1971
1970
1972
2298
1971
1972
1976
2299
1978
1979
2300
1977
1978
1979
1977
1978
1977
1979
2301
1978
1979
2302
2303
1982
1982
1986
1988
1985
1985
1987
1988
1988
1992
1988
2034
1991
1991
1995
1997
1994
1994
1996
1997
1997
2001
1997
2043
2000
2000
2004
2006
2003
2003
2005
2006
2006
2010
2006
2052
2009
2009
2013
2015
2012
2012
2014
2015
2015
2019
2015
2061
2018
2018
2022
2024
2021
2021
2023
2024
2024
2028
2024
2070
2027
2027
2031
2033
2030
2030
2032
2033
2033
2033
2079
2036
2036
2040
2042
2039
2039
2041
2042
2042
2046
2042
2088
2045
2045
2049
2051
2048
2048
2050
2051
2051
2055
2051
2097
2054
2054
2058
2060
2057
2057
2059
2060
2060
2064
2060
2106
2063
2063
2067
2069
2066
2066
2068
2069
2069
2073
2069
2115
2072
2072
2076
2078
2075
2075
2077
2078
2078
2082
2078
2124
2081
2081
2085
2087
2084
2084
2086
2087
2087
2087
2133
2090
2090
2094
2096
2093
2093
2095
2096
2096
2100
2096
2142
2099
2099
2103
2105
2102
2102
2104
2105
2105
2109
2105
2151
2108
2108
2112
2114
2111
2111
2113
2114
2114
2118
2114
2160
2117
2117
2121
2123
2120
2120
2122
2123
2123
2127
2123
2169
2126
2126
2130
2132
2129
2129
2131
2132
2132
2136
2132
2178
2135
2135
2139
2141
2138
2138
2140
2141
2141
2141
2187
2144
2144
2148
2150
2147
2147
2149
2150
2150
2154
2150
2196
2153
2153
2157
2159
2156
2156
2158
2159
2159
2163
2159
2205
2162
2162
2166
2168
2165
2165
2167
2168
2168
2172
2168
2214
2171
2171
2175
2177
2174
2174
2176
2177
2177
2181
2177
2223
2180
2180
2184
2186
2183
2183
2185
2186
2186
2190
2186
2232
2189
2189
2193
2195
2192
2192
2194
2195
2195
2195
2241
2198
2198
2202
2204
2201
2201
2203
2204
2204
2208
2204
2250
2207
2207
2211
2213
2210
2210
2212
2213
2213
2217
2213
2259
2216
2216
2220
2222
2219
2219
2221
2222
2222
2226
2222
2268
2225
2225
2229
2231
2228
2228
2230
2231
2231
2235
2231
2277
2234
2234
2238
2240
2237
2237
2239
2240
2240
2244
2240
2286
2243
2243
2247
2249
2246
2246
2248
2249
2249
2249
2295
2252
2252
2256
2258
2255
2255
2257
2258
2258
2262
2258
2261
2261
2265
2267
2264
2264
2266
2267
2267
2271
2267
2270
2270
2274
2276
2273
2273
2275
2276
2276
2280
2276
2279
2279
2283
2285
2282
2282
2284
2285
2285
2289
2285
2288
2288
2292
2294
2291
2291
2293
2294
2294
2298
2294
2297
2297
2301
2303
2300
2300
2302
2303
2303
2303
)


// ************************************************************************* //
