/*--------------------------------*- C++ -*----------------------------------*\
| =========                 |                                                 |
| \\      /  F ield         | OpenFOAM: The Open Source CFD Toolbox           |
|  \\    /   O peration     | Version:  2506                                  |
|   \\  /    A nd           | Website:  www.openfoam.com                      |
|    \\/     M anipulation  |                                                 |
\*---------------------------------------------------------------------------*/
FoamFile
{
    version     2.0;
    format      ascii;
    arch        "LSB;label=32;scalar=64";
    class       labelList;
    location    "constant/solid/polyMesh";
    object      pointRegionAddressing;
}
// * * * * * * * * * * * * * * * * * * * * * * * * * * * * * * * * * * * * * //


3125
(
12877
12878
12879
12880
12881
12882
12883
12908
12909
12910
12911
12912
12913
12914
12939
12940
12941
12942
12943
12944
12945
12970
12971
12972
12973
12974
12975
12976
13001
13002
13003
13004
13005
13006
13007
13032
13033
13034
13035
13036
13037
13038
13063
13064
13065
13066
13067
13068
13069
35600
35601
35602
35603
35604
35605
35608
35609
35610
35611
35612
35613
35616
35617
35618
35619
35620
35621
35624
35625
35626
35627
35628
35629
35632
35633
35634
35635
35636
35637
35640
35641
35642
35643
35644
35645
35847
35850
35853
35856
35859
35862
35865
35873
35876
35879
35882
35885
35888
35891
35899
35902
35905
35908
35911
35914
35917
35925
35928
35931
35934
35937
35940
35943
35951
35954
35957
35960
35963
35966
35969
35977
35980
35983
35986
35989
35992
35995
36002
36005
36008
36011
36014
36017
36020
36050
36051
36053
36054
36056
36057
36059
36060
36062
36063
36065
36066
36069
36074
36075
36077
36078
36080
36081
36083
36084
36086
36087
36089
36090
36093
36098
36099
36101
36102
36104
36105
36107
36108
36110
36111
36113
36114
36117
36122
36123
36125
36126
36128
36129
36131
36132
36134
36135
36137
36138
36141
36146
36147
36149
36150
36152
36153
36155
36156
36158
36159
36161
36162
36165
36170
36171
36173
36174
36176
36177
36179
36180
36182
36183
36185
36186
36189
36193
36196
36199
36202
36205
36208
36493
36496
36499
36502
36505
36508
36512
36515
36516
36517
36518
36519
36520
36521
36522
36523
36524
36525
36526
36527
36528
36529
36530
36531
36532
36537
36540
36541
36542
36543
36544
36545
36546
36547
36548
36549
36550
36551
36552
36553
36554
36555
36556
36557
36562
36565
36566
36567
36568
36569
36570
36571
36572
36573
36574
36575
36576
36577
36578
36579
36580
36581
36582
36587
36590
36591
36592
36593
36594
36595
36596
36597
36598
36599
36600
36601
36602
36603
36604
36605
36606
36607
36612
36615
36616
36617
36618
36619
36620
36621
36622
36623
36624
36625
36626
36627
36628
36629
36630
36631
36632
36637
36640
36641
36642
36643
36644
36645
36646
36647
36648
36649
36650
36651
36652
36653
36654
36655
36656
36657
36826
36827
36828
36829
36830
36831
36833
36834
36835
36836
36837
36838
36840
36841
36842
36843
36844
36845
36847
36848
36849
36850
36851
36852
36854
36855
36856
36857
36858
36859
36861
36862
36863
36864
36865
36866
36883
36884
36885
36886
36887
36888
36891
36892
36893
36894
36895
36896
36899
36900
36901
36902
36903
36904
36907
36908
36909
36910
36911
36912
36915
36916
36917
36918
36919
36920
36923
36924
36925
36926
36927
36928
37108
37109
37110
37111
37112
37113
37114
37115
37116
37117
37118
37119
37120
37121
37122
37123
37124
37125
37126
37127
37128
37129
37130
37131
37132
37133
37134
37135
37136
37137
37138
37139
37140
37141
37142
37143
37144
37145
37146
37147
37148
37149
37157
37158
37159
37160
37161
37162
37163
37164
37165
37166
37167
37168
37169
37170
37171
37172
37173
37174
37175
37176
37177
37178
37179
37180
37181
37182
37183
37184
37185
37186
37187
37188
37189
37190
37191
37192
37193
37194
37195
37196
37197
37198
37206
37207
37208
37209
37210
37211
37212
37213
37214
37215
37216
37217
37218
37219
37220
37221
37222
37223
37224
37225
37226
37227
37228
37229
37230
37231
37232
37233
37234
37235
37236
37237
37238
37239
37240
37241
37242
37243
37244
37245
37246
37247
37255
37256
37257
37258
37259
37260
37261
37262
37263
37264
37265
37266
37267
37268
37269
37270
37271
37272
37273
37274
37275
37276
37277
37278
37279
37280
37281
37282
37283
37284
37285
37286
37287
37288
37289
37290
37291
37292
37293
37294
37295
37296
37304
37305
37306
37307
37308
37309
37310
37311
37312
37313
37314
37315
37316
37317
37318
37319
37320
37321
37322
37323
37324
37325
37326
37327
37328
37329
37330
37331
37332
37333
37334
37335
37336
37337
37338
37339
37340
37341
37342
37343
37344
37345
37353
37354
37355
37356
37357
37358
37359
37360
37361
37362
37363
37364
37365
37366
37367
37368
37369
37370
37371
37372
37373
37374
37375
37376
37377
37378
37379
37380
37381
37382
37383
37384
37385
37386
37387
37388
37389
37390
37391
37392
37393
37394
37416
37417
37418
37419
37420
37421
37422
37423
37424
37425
37426
37427
37428
37429
37430
37431
37432
37433
37434
37435
37436
37437
37438
37439
37440
37441
37442
37443
37444
37445
37446
37447
37448
37449
37450
37451
37452
37453
37454
37455
37456
37457
37458
37459
37460
37461
37462
37463
37464
37465
37466
37467
37468
37469
37470
37471
37472
37473
37474
37475
37476
37477
37478
37479
37480
37481
37482
37483
37484
37485
37486
37487
37488
37489
37490
37491
37492
37493
37494
37495
37496
37497
37498
37499
37500
37501
37502
37503
37504
37505
37506
37507
37508
37509
37510
37511
37512
37513
37514
37515
37516
37517
37518
37519
37520
37521
37522
37523
37615
37621
37627
37633
37639
37645
37651
37657
37663
37669
37675
37681
37687
37693
37699
37705
37711
37717
37723
37729
37735
37741
37747
37753
37759
37765
37771
37777
37783
37789
37795
37801
37807
37813
37819
37825
37831
37837
37843
37849
37855
37861
37868
37874
37880
37886
37892
37898
37904
37922
37925
37926
37927
37928
37930
37931
37932
37933
37934
37936
37937
37938
37939
37940
37942
37943
37944
37945
37946
37948
37949
37950
37951
37952
37954
37955
37956
37957
37958
37960
37962
37963
37966
37967
37969
37970
37971
37972
37973
37974
37975
37976
37977
37978
37979
37980
37981
37982
37983
37984
37985
37986
37987
37988
37989
37990
37991
37992
37993
37994
37995
37996
37997
37998
37999
38000
38001
38002
38003
38004
38006
38007
38010
38011
38013
38014
38015
38016
38017
38018
38019
38020
38021
38022
38023
38024
38025
38026
38027
38028
38029
38030
38031
38032
38033
38034
38035
38036
38037
38038
38039
38040
38041
38042
38043
38044
38045
38046
38047
38048
38050
38051
38054
38055
38057
38058
38059
38060
38061
38062
38063
38064
38065
38066
38067
38068
38069
38070
38071
38072
38073
38074
38075
38076
38077
38078
38079
38080
38081
38082
38083
38084
38085
38086
38087
38088
38089
38090
38091
38092
38094
38095
38098
38099
38101
38102
38103
38104
38105
38106
38107
38108
38109
38110
38111
38112
38113
38114
38115
38116
38117
38118
38119
38120
38121
38122
38123
38124
38125
38126
38127
38128
38129
38130
38131
38132
38133
38134
38135
38136
38138
38139
38142
38143
38145
38146
38147
38148
38149
38150
38151
38152
38153
38154
38155
38156
38157
38158
38159
38160
38161
38162
38163
38164
38165
38166
38167
38168
38169
38170
38171
38172
38173
38174
38175
38176
38177
38178
38179
38180
38182
38183
38187
38188
38190
38192
38193
38194
38195
38196
38198
38199
38200
38201
38202
38204
38205
38206
38207
38208
38210
38211
38212
38213
38214
38216
38217
38218
38219
38220
38222
38223
38224
38225
38228
38507
38508
38509
38510
38511
38512
38513
38514
38515
38516
38517
38518
38519
38520
38521
38522
38523
38524
38525
38526
38527
38528
38529
38530
38531
38532
38533
38534
38535
38536
38537
38538
38539
38540
38541
38542
38553
38554
38555
38556
38557
38558
38559
38560
38561
38562
38563
38564
38565
38566
38567
38568
38569
38570
38571
38572
38573
38574
38575
38576
38577
38578
38579
38580
38581
38582
38583
38584
38585
38586
38587
38588
38599
38600
38601
38602
38603
38604
38605
38606
38607
38608
38609
38610
38611
38612
38613
38614
38615
38616
38617
38618
38619
38620
38621
38622
38623
38624
38625
38626
38627
38628
38629
38630
38631
38632
38633
38634
38645
38646
38647
38648
38649
38650
38651
38652
38653
38654
38655
38656
38657
38658
38659
38660
38661
38662
38663
38664
38665
38666
38667
38668
38669
38670
38671
38672
38673
38674
38675
38676
38677
38678
38679
38680
38691
38692
38693
38694
38695
38696
38697
38698
38699
38700
38701
38702
38703
38704
38705
38706
38707
38708
38709
38710
38711
38712
38713
38714
38715
38716
38717
38718
38719
38720
38721
38722
38723
38724
38725
38726
38737
38738
38739
38740
38741
38742
38743
38744
38745
38746
38747
38748
38749
38750
38751
38752
38753
38754
38755
38756
38757
38758
38759
38760
38761
38762
38763
38764
38765
38766
38767
38768
38769
38770
38771
38772
38808
38813
38818
38823
38828
38833
38838
38843
38848
38853
38858
38863
38868
38873
38878
38883
38888
38893
38898
38903
38908
38913
38918
38923
38928
38933
38938
38943
38948
38953
38958
38963
38968
38973
38978
38983
39180
39184
39187
39188
39192
39196
39198
39199
39200
39204
39208
39210
39211
39212
39216
39220
39222
39223
39224
39228
39232
39234
39235
39236
39240
39244
39246
39247
39248
39254
39256
39258
39265
39269
39270
39272
39273
39277
39281
39282
39283
39284
39285
39289
39293
39294
39295
39296
39297
39301
39305
39306
39307
39308
39309
39313
39317
39318
39319
39320
39321
39325
39329
39330
39331
39332
39333
39340
39341
39342
39344
39351
39355
39356
39358
39359
39363
39367
39368
39369
39370
39371
39375
39379
39380
39381
39382
39383
39387
39391
39392
39393
39394
39395
39399
39403
39404
39405
39406
39407
39411
39415
39416
39417
39418
39419
39426
39427
39428
39430
39437
39441
39442
39444
39445
39449
39453
39454
39455
39456
39457
39461
39465
39466
39467
39468
39469
39473
39477
39478
39479
39480
39481
39485
39489
39490
39491
39492
39493
39497
39501
39502
39503
39504
39505
39512
39513
39514
39516
39523
39527
39528
39530
39531
39535
39539
39540
39541
39542
39543
39547
39551
39552
39553
39554
39555
39559
39563
39564
39565
39566
39567
39571
39575
39576
39577
39578
39579
39583
39587
39588
39589
39590
39591
39598
39599
39600
39602
39609
39613
39614
39616
39617
39621
39625
39626
39627
39628
39629
39633
39637
39638
39639
39640
39641
39645
39649
39650
39651
39652
39653
39657
39661
39662
39663
39664
39665
39669
39673
39674
39675
39676
39677
39684
39685
39686
39688
39694
39697
39699
39704
39708
39709
39710
39715
39719
39720
39721
39726
39730
39731
39732
39737
39741
39742
39743
39748
39752
39753
39754
39760
39761
39785
39787
39788
39789
39791
39792
39795
39797
39798
39799
39800
39801
39802
39806
39808
39809
39810
39811
39812
39813
39817
39819
39820
39821
39822
39823
39824
39828
39830
39831
39832
39833
39834
39835
39839
39841
39842
39843
39844
39845
39846
39852
39853
39855
39861
39862
39863
39864
39865
39867
39868
39872
39873
39874
39875
39876
39877
39878
39879
39884
39885
39886
39887
39888
39889
39890
39891
39896
39897
39898
39899
39900
39901
39902
39903
39908
39909
39910
39911
39912
39913
39914
39915
39920
39921
39922
39923
39924
39925
39926
39927
39935
39936
39938
39945
39946
39947
39948
39949
39951
39952
39956
39957
39958
39959
39960
39961
39962
39963
39968
39969
39970
39971
39972
39973
39974
39975
39980
39981
39982
39983
39984
39985
39986
39987
39992
39993
39994
39995
39996
39997
39998
39999
40004
40005
40006
40007
40008
40009
40010
40011
40019
40020
40022
40029
40030
40031
40032
40033
40035
40036
40040
40041
40042
40043
40044
40045
40046
40047
40052
40053
40054
40055
40056
40057
40058
40059
40064
40065
40066
40067
40068
40069
40070
40071
40076
40077
40078
40079
40080
40081
40082
40083
40088
40089
40090
40091
40092
40093
40094
40095
40103
40104
40106
40113
40114
40115
40116
40117
40119
40120
40124
40125
40126
40127
40128
40129
40130
40131
40136
40137
40138
40139
40140
40141
40142
40143
40148
40149
40150
40151
40152
40153
40154
40155
40160
40161
40162
40163
40164
40165
40166
40167
40172
40173
40174
40175
40176
40177
40178
40179
40187
40188
40190
40197
40198
40199
40200
40201
40203
40204
40208
40209
40210
40211
40212
40213
40214
40215
40220
40221
40222
40223
40224
40225
40226
40227
40232
40233
40234
40235
40236
40237
40238
40239
40244
40245
40246
40247
40248
40249
40250
40251
40256
40257
40258
40259
40260
40261
40262
40263
40271
40272
40274
40280
40281
40283
40288
40289
40291
40298
40299
40301
40308
40309
40311
40318
40319
40321
40328
40329
40331
40578
40579
40580
40581
40582
40584
40585
40586
40587
40588
40590
40591
40592
40593
40594
40596
40597
40598
40599
40600
40602
40603
40604
40605
40606
40608
40609
40610
40611
40612
40613
40619
40620
40621
40622
40623
40625
40626
40627
40628
40629
40631
40632
40633
40634
40635
40637
40638
40639
40640
40641
40643
40644
40645
40646
40647
40649
40650
40651
40652
40653
40655
40661
40662
40663
40664
40665
40667
40668
40669
40670
40671
40673
40674
40675
40676
40677
40679
40680
40681
40682
40683
40685
40686
40687
40688
40689
40691
40692
40693
40694
40695
40697
40703
40704
40705
40706
40707
40709
40710
40711
40712
40713
40715
40716
40717
40718
40719
40721
40722
40723
40724
40725
40727
40728
40729
40730
40731
40733
40734
40735
40736
40737
40739
40745
40746
40747
40748
40749
40751
40752
40753
40754
40755
40757
40758
40759
40760
40761
40763
40764
40765
40766
40767
40769
40770
40771
40772
40773
40775
40776
40777
40778
40779
40781
40787
40788
40789
40790
40791
40793
40794
40795
40796
40797
40799
40800
40801
40802
40803
40805
40806
40807
40808
40809
40811
40812
40813
40814
40815
40817
40818
40819
40820
40821
40823
40834
40838
40843
40848
40853
40858
40879
40883
40885
40889
40891
40895
40897
40901
40903
40907
40909
40913
40916
40921
40922
40923
40924
40926
40927
40928
40929
40931
40932
40933
40934
40936
40937
40938
40939
40941
40942
40943
40944
40946
40947
40948
40949
40956
40957
40959
40964
40965
40966
40967
40968
40970
40971
40972
40973
40974
40976
40977
40978
40979
40980
40982
40983
40984
40985
40986
40988
40989
40990
40991
40992
40994
40995
40996
40997
40998
41005
41006
41008
41013
41014
41015
41016
41017
41019
41020
41021
41022
41023
41025
41026
41027
41028
41029
41031
41032
41033
41034
41035
41037
41038
41039
41040
41041
41043
41044
41045
41046
41047
41054
41055
41057
41062
41063
41064
41065
41066
41068
41069
41070
41071
41072
41074
41075
41076
41077
41078
41080
41081
41082
41083
41084
41086
41087
41088
41089
41090
41092
41093
41094
41095
41096
41103
41104
41106
41111
41112
41113
41114
41115
41117
41118
41119
41120
41121
41123
41124
41125
41126
41127
41129
41130
41131
41132
41133
41135
41136
41137
41138
41139
41141
41142
41143
41144
41145
41152
41153
41155
41160
41161
41162
41163
41164
41166
41167
41168
41169
41170
41172
41173
41174
41175
41176
41178
41179
41180
41181
41182
41184
41185
41186
41187
41188
41190
41191
41192
41193
41194
41201
41202
41209
41210
41216
41217
41223
41224
41230
41231
41237
41238
41244
41245
41731
41735
41737
41743
41747
41749
41755
41759
41761
41767
41771
41773
41779
41783
41785
41790
41794
41795
41800
41804
41806
41808
41809
41810
41811
41812
41813
41814
41815
41816
41817
41818
41819
41820
41821
41822
41823
41824
41825
41826
41827
41828
41829
41830
41831
41832
41833
41834
41835
41836
41837
41838
41839
41840
41841
41842
41843
41844
41845
41846
41847
41848
41849
41850
41851
41852
41853
41854
41855
41856
41857
41858
41859
41860
41861
41862
41863
41864
41865
41866
41867
41868
41869
41870
41871
41872
41873
41874
41875
41876
41877
41878
41879
41880
41881
41882
41883
41884
41885
41886
41887
41888
41889
41890
41891
41892
41893
41894
41895
41896
41897
41898
41899
41900
41901
41902
41903
41904
41905
41906
41907
41908
41909
41910
41911
41912
41913
41914
41915
41926
41930
41932
41934
41935
41936
41937
41938
41939
41940
41941
41942
41943
41944
41945
41946
41947
41948
41949
41950
41951
41952
41953
41954
41955
41956
41957
41958
41959
41960
41961
41962
41963
41964
41965
41966
41967
41968
41969
41970
41971
41972
41973
41974
41975
41976
41977
41978
41979
41980
41981
41982
41983
41984
41985
41986
41987
41988
41989
41990
41991
41992
41993
41994
41995
41996
41997
41998
41999
42000
42001
42002
42003
42004
42005
42006
42007
42008
42009
42010
42011
42012
42013
42014
42015
42016
42017
42018
42019
42020
42021
42022
42023
42024
42025
42026
42027
42028
42029
42030
42031
42032
42033
42034
42035
42036
42037
42038
42039
42040
42041
42052
42056
42058
42060
42061
42062
42063
42064
42065
42066
42067
42068
42069
42070
42071
42072
42073
42074
42075
42076
42077
42078
42079
42080
42081
42082
42083
42084
42085
42086
42087
42088
42089
42090
42091
42092
42093
42094
42095
42096
42097
42098
42099
42100
42101
42102
42103
42104
42105
42106
42107
42108
42109
42110
42111
42112
42113
42114
42115
42116
42117
42118
42119
42120
42121
42122
42123
42124
42125
42126
42127
42128
42129
42130
42131
42132
42133
42134
42135
42136
42137
42138
42139
42140
42141
42142
42143
42144
42145
42146
42147
42148
42149
42150
42151
42152
42153
42154
42155
42156
42157
42158
42159
42160
42161
42162
42163
42164
42165
42166
42167
42178
42182
42184
42186
42187
42188
42189
42190
42191
42192
42193
42194
42195
42196
42197
42198
42199
42200
42201
42202
42203
42204
42205
42206
42207
42208
42209
42210
42211
42212
42213
42214
42215
42216
42217
42218
42219
42220
42221
42222
42223
42224
42225
42226
42227
42228
42229
42230
42231
42232
42233
42234
42235
42236
42237
42238
42239
42240
42241
42242
42243
42244
42245
42246
42247
42248
42249
42250
42251
42252
42253
42254
42255
42256
42257
42258
42259
42260
42261
42262
42263
42264
42265
42266
42267
42268
42269
42270
42271
42272
42273
42274
42275
42276
42277
42278
42279
42280
42281
42282
42283
42284
42285
42286
42287
42288
42289
42290
42291
42292
42293
42304
42308
42310
42312
42313
42314
42315
42316
42317
42318
42319
42320
42321
42322
42323
42324
42325
42326
42327
42328
42329
42330
42331
42332
42333
42334
42335
42336
42337
42338
42339
42340
42341
42342
42343
42344
42345
42346
42347
42348
42349
42350
42351
42352
42353
42354
42355
42356
42357
42358
42359
42360
42361
42362
42363
42364
42365
42366
42367
42368
42369
42370
42371
42372
42373
42374
42375
42376
42377
42378
42379
42380
42381
42382
42383
42384
42385
42386
42387
42388
42389
42390
42391
42392
42393
42394
42395
42396
42397
42398
42399
42400
42401
42402
42403
42404
42405
42406
42407
42408
42409
42410
42411
42412
42413
42414
42415
42416
42417
42418
42419
42430
42433
42435
42436
42437
42438
42439
42440
42441
42442
42443
42444
42445
42446
42447
42448
42449
42450
42451
42452
42453
42454
42455
42456
42457
42458
42459
42460
42461
42462
42463
42464
42465
42466
42467
42468
42469
42470
42471
42472
42473
42474
42475
42476
42477
42478
42479
42480
42481
42482
42483
42484
42485
42486
42487
42488
42489
42490
42491
42492
42493
42494
42495
42496
42497
42498
42499
42500
42501
42502
42503
42504
42505
42506
42507
42508
42509
42510
42511
42512
42513
42514
42515
42516
42517
42518
42519
42520
42521
42522
42523
42524
42525
42526
42527
42528
42529
42530
42531
42532
42533
42534
42535
42536
42537
42538
42539
42540
42541
42542
42543
42584
42586
42589
42590
42591
42593
42596
42597
42598
42600
42603
42604
42605
42607
42610
42611
42612
42614
42617
42618
42619
42621
42624
42625
42627
42630
42631
42632
42634
42637
42638
42639
42641
42644
42645
42646
42648
42651
42652
42653
42655
42658
42659
42660
42662
42665
42666
42668
42671
42672
42673
42675
42678
42679
42680
42682
42685
42686
42687
42689
42692
42693
42694
42696
42699
42700
42701
42703
42706
42707
42709
42712
42713
42714
42716
42719
42720
42721
42723
42726
42727
42728
42730
42733
42734
42735
42737
42740
42741
42742
42744
42747
42748
42750
42753
42754
42755
42757
42760
42761
42762
42764
42767
42768
42769
42771
42774
42775
42776
42778
42781
42782
42783
42785
42788
42789
42791
42794
42795
42797
42800
42801
42803
42806
42807
42809
42812
42813
42815
42818
42819
42821
)


// ************************************************************************* //
