/*--------------------------------*- C++ -*----------------------------------*\
| =========                 |                                                 |
| \\      /  F ield         | OpenFOAM: The Open Source CFD Toolbox           |
|  \\    /   O peration     | Version:  2506                                  |
|   \\  /    A nd           | Website:  www.openfoam.com                      |
|    \\/     M anipulation  |                                                 |
\*---------------------------------------------------------------------------*/
FoamFile
{
    version     2.0;
    format      ascii;
    arch        "LSB;label=32;scalar=64";
    class       vectorField;
    location    "constant/solid/polyMesh";
    object      points;
}
// * * * * * * * * * * * * * * * * * * * * * * * * * * * * * * * * * * * * * //


3125
(
(4.026805 4.026805 3.933489)
(4.333333 4.005465 3.934426)
(4.666667 4.005465 3.934426)
(5 4.005465 3.934426)
(5.333333 4.005465 3.934426)
(5.666667 4.005465 3.934426)
(5.973195 4.026805 3.933489)
(4.005465 4.333333 3.934426)
(4.333333 4.333333 3.939394)
(4.666667 4.333333 3.939394)
(5 4.333333 3.939394)
(5.333333 4.333333 3.939394)
(5.666667 4.333333 3.939394)
(5.994535 4.333333 3.934426)
(4.005465 4.666667 3.934426)
(4.333333 4.666667 3.939394)
(4.666667 4.666667 3.939394)
(5 4.666667 3.939394)
(5.333333 4.666667 3.939394)
(5.666667 4.666667 3.939394)
(5.994535 4.666667 3.934426)
(4.005465 5 3.934426)
(4.333333 5 3.939394)
(4.666667 5 3.939394)
(5 5 3.939394)
(5.333333 5 3.939394)
(5.666667 5 3.939394)
(5.994535 5 3.934426)
(4.005465 5.333333 3.934426)
(4.333333 5.333333 3.939394)
(4.666667 5.333333 3.939394)
(5 5.333333 3.939394)
(5.333333 5.333333 3.939394)
(5.666667 5.333333 3.939394)
(5.994535 5.333333 3.934426)
(4.005465 5.666667 3.934426)
(4.333333 5.666667 3.939394)
(4.666667 5.666667 3.939394)
(5 5.666667 3.939394)
(5.333333 5.666667 3.939394)
(5.666667 5.666667 3.939394)
(5.994535 5.666667 3.934426)
(4.026805 5.973195 3.933489)
(4.333333 5.994535 3.934426)
(4.666667 5.994535 3.934426)
(5 5.994535 3.934426)
(5.333333 5.994535 3.934426)
(5.666667 5.994535 3.934426)
(5.973195 5.973195 3.933489)
(4.166667 4.166667 3.787879)
(4.5 4.166667 3.787879)
(4.833333 4.166667 3.787879)
(5.166667 4.166667 3.787879)
(5.5 4.166667 3.787879)
(5.833333 4.166667 3.787879)
(4.166667 4.5 3.787879)
(4.5 4.5 3.787879)
(4.833333 4.5 3.787879)
(5.166667 4.5 3.787879)
(5.5 4.5 3.787879)
(5.833333 4.5 3.787879)
(4.166667 4.833333 3.787879)
(4.5 4.833333 3.787879)
(4.833333 4.833333 3.787879)
(5.166667 4.833333 3.787879)
(5.5 4.833333 3.787879)
(5.833333 4.833333 3.787879)
(4.166667 5.166667 3.787879)
(4.5 5.166667 3.787879)
(4.833333 5.166667 3.787879)
(5.166667 5.166667 3.787879)
(5.5 5.166667 3.787879)
(5.833333 5.166667 3.787879)
(4.166667 5.5 3.787879)
(4.5 5.5 3.787879)
(4.833333 5.5 3.787879)
(5.166667 5.5 3.787879)
(5.5 5.5 3.787879)
(5.833333 5.5 3.787879)
(4.166667 5.833333 3.787879)
(4.5 5.833333 3.787879)
(4.833333 5.833333 3.787879)
(5.166667 5.833333 3.787879)
(5.5 5.833333 3.787879)
(5.833333 5.833333 3.787879)
(4.026805 4.026805 3.793783)
(4.333333 4.005465 3.792847)
(4.666667 4.005465 3.792847)
(5 4.005465 3.792847)
(5.333333 4.005465 3.792847)
(5.666667 4.005465 3.792847)
(5.973195 4.026805 3.793783)
(4.005465 4.333333 3.792847)
(4.333333 4.333333 3.787879)
(4.666667 4.333333 3.787879)
(5 4.333333 3.787879)
(5.333333 4.333333 3.787879)
(5.666667 4.333333 3.787879)
(5.994535 4.333333 3.792847)
(4.005465 4.666667 3.792847)
(4.333333 4.666667 3.787879)
(4.666667 4.666667 3.787879)
(5 4.666667 3.787879)
(5.333333 4.666667 3.787879)
(5.666667 4.666667 3.787879)
(5.994535 4.666667 3.792847)
(4.005465 5 3.792847)
(4.333333 5 3.787879)
(4.666667 5 3.787879)
(5 5 3.787879)
(5.333333 5 3.787879)
(5.666667 5 3.787879)
(5.994535 5 3.792847)
(4.005465 5.333333 3.792847)
(4.333333 5.333333 3.787879)
(4.666667 5.333333 3.787879)
(5 5.333333 3.787879)
(5.333333 5.333333 3.787879)
(5.666667 5.333333 3.787879)
(5.994535 5.333333 3.792847)
(4.005465 5.666667 3.792847)
(4.333333 5.666667 3.787879)
(4.666667 5.666667 3.787879)
(5 5.666667 3.787879)
(5.333333 5.666667 3.787879)
(5.666667 5.666667 3.787879)
(5.994535 5.666667 3.792847)
(4.026805 5.973195 3.793783)
(4.333333 5.994535 3.792847)
(4.666667 5.994535 3.792847)
(5 5.994535 3.792847)
(5.333333 5.994535 3.792847)
(5.666667 5.994535 3.792847)
(5.973195 5.973195 3.793783)
(4.167259 4.005859 3.934355)
(4.005859 4.167259 3.934355)
(4.5 4.005465 3.934426)
(4.333333 4.166667 3.939394)
(4.833333 4.005465 3.934426)
(4.666667 4.166667 3.939394)
(5.166667 4.005465 3.934426)
(5 4.166667 3.939394)
(5.5 4.005465 3.934426)
(5.333333 4.166667 3.939394)
(5.832741 4.005859 3.934355)
(5.666667 4.166667 3.939394)
(5.994141 4.167259 3.934355)
(4.166667 4.333333 3.939394)
(4.005465 4.5 3.934426)
(4.5 4.333333 3.939394)
(4.333333 4.5 3.939394)
(4.833333 4.333333 3.939394)
(4.666667 4.5 3.939394)
(5.166667 4.333333 3.939394)
(5 4.5 3.939394)
(5.5 4.333333 3.939394)
(5.333333 4.5 3.939394)
(5.833333 4.333333 3.939394)
(5.666667 4.5 3.939394)
(5.994535 4.5 3.934426)
(4.166667 4.666667 3.939394)
(4.005465 4.833333 3.934426)
(4.5 4.666667 3.939394)
(4.333333 4.833333 3.939394)
(4.833333 4.666667 3.939394)
(4.666667 4.833333 3.939394)
(5.166667 4.666667 3.939394)
(5 4.833333 3.939394)
(5.5 4.666667 3.939394)
(5.333333 4.833333 3.939394)
(5.833333 4.666667 3.939394)
(5.666667 4.833333 3.939394)
(5.994535 4.833333 3.934426)
(4.166667 5 3.939394)
(4.005465 5.166667 3.934426)
(4.5 5 3.939394)
(4.333333 5.166667 3.939394)
(4.833333 5 3.939394)
(4.666667 5.166667 3.939394)
(5.166667 5 3.939394)
(5 5.166667 3.939394)
(5.5 5 3.939394)
(5.333333 5.166667 3.939394)
(5.833333 5 3.939394)
(5.666667 5.166667 3.939394)
(5.994535 5.166667 3.934426)
(4.166667 5.333333 3.939394)
(4.005465 5.5 3.934426)
(4.5 5.333333 3.939394)
(4.333333 5.5 3.939394)
(4.833333 5.333333 3.939394)
(4.666667 5.5 3.939394)
(5.166667 5.333333 3.939394)
(5 5.5 3.939394)
(5.5 5.333333 3.939394)
(5.333333 5.5 3.939394)
(5.833333 5.333333 3.939394)
(5.666667 5.5 3.939394)
(5.994535 5.5 3.934426)
(4.166667 5.666667 3.939394)
(4.005859 5.832741 3.934355)
(4.5 5.666667 3.939394)
(4.333333 5.833333 3.939394)
(4.833333 5.666667 3.939394)
(4.666667 5.833333 3.939394)
(5.166667 5.666667 3.939394)
(5 5.833333 3.939394)
(5.5 5.666667 3.939394)
(5.333333 5.833333 3.939394)
(5.833333 5.666667 3.939394)
(5.666667 5.833333 3.939394)
(5.994141 5.832741 3.934355)
(4.167259 5.994141 3.934355)
(4.5 5.994535 3.934426)
(4.833333 5.994535 3.934426)
(5.166667 5.994535 3.934426)
(5.5 5.994535 3.934426)
(5.832741 5.994141 3.934355)
(4.167259 4.005859 3.792917)
(4.5 4.005465 3.792847)
(4.833333 4.005465 3.792847)
(5.166667 4.005465 3.792847)
(5.5 4.005465 3.792847)
(5.832741 4.005859 3.792917)
(4.005859 4.167259 3.792917)
(4.333333 4.166667 3.787879)
(4.166667 4.333333 3.787879)
(4.166667 4.166667 3.939394)
(4.666667 4.166667 3.787879)
(4.5 4.333333 3.787879)
(4.5 4.166667 3.939394)
(5 4.166667 3.787879)
(4.833333 4.333333 3.787879)
(4.833333 4.166667 3.939394)
(5.333333 4.166667 3.787879)
(5.166667 4.333333 3.787879)
(5.166667 4.166667 3.939394)
(5.666667 4.166667 3.787879)
(5.5 4.333333 3.787879)
(5.5 4.166667 3.939394)
(5.994141 4.167259 3.792917)
(5.833333 4.333333 3.787879)
(5.833333 4.166667 3.939394)
(4.005465 4.5 3.792847)
(4.333333 4.5 3.787879)
(4.166667 4.666667 3.787879)
(4.166667 4.5 3.939394)
(4.666667 4.5 3.787879)
(4.5 4.666667 3.787879)
(4.5 4.5 3.939394)
(5 4.5 3.787879)
(4.833333 4.666667 3.787879)
(4.833333 4.5 3.939394)
(5.333333 4.5 3.787879)
(5.166667 4.666667 3.787879)
(5.166667 4.5 3.939394)
(5.666667 4.5 3.787879)
(5.5 4.666667 3.787879)
(5.5 4.5 3.939394)
(5.994535 4.5 3.792847)
(5.833333 4.666667 3.787879)
(5.833333 4.5 3.939394)
(4.005465 4.833333 3.792847)
(4.333333 4.833333 3.787879)
(4.166667 5 3.787879)
(4.166667 4.833333 3.939394)
(4.666667 4.833333 3.787879)
(4.5 5 3.787879)
(4.5 4.833333 3.939394)
(5 4.833333 3.787879)
(4.833333 5 3.787879)
(4.833333 4.833333 3.939394)
(5.333333 4.833333 3.787879)
(5.166667 5 3.787879)
(5.166667 4.833333 3.939394)
(5.666667 4.833333 3.787879)
(5.5 5 3.787879)
(5.5 4.833333 3.939394)
(5.994535 4.833333 3.792847)
(5.833333 5 3.787879)
(5.833333 4.833333 3.939394)
(4.005465 5.166667 3.792847)
(4.333333 5.166667 3.787879)
(4.166667 5.333333 3.787879)
(4.166667 5.166667 3.939394)
(4.666667 5.166667 3.787879)
(4.5 5.333333 3.787879)
(4.5 5.166667 3.939394)
(5 5.166667 3.787879)
(4.833333 5.333333 3.787879)
(4.833333 5.166667 3.939394)
(5.333333 5.166667 3.787879)
(5.166667 5.333333 3.787879)
(5.166667 5.166667 3.939394)
(5.666667 5.166667 3.787879)
(5.5 5.333333 3.787879)
(5.5 5.166667 3.939394)
(5.994535 5.166667 3.792847)
(5.833333 5.333333 3.787879)
(5.833333 5.166667 3.939394)
(4.005465 5.5 3.792847)
(4.333333 5.5 3.787879)
(4.166667 5.666667 3.787879)
(4.166667 5.5 3.939394)
(4.666667 5.5 3.787879)
(4.5 5.666667 3.787879)
(4.5 5.5 3.939394)
(5 5.5 3.787879)
(4.833333 5.666667 3.787879)
(4.833333 5.5 3.939394)
(5.333333 5.5 3.787879)
(5.166667 5.666667 3.787879)
(5.166667 5.5 3.939394)
(5.666667 5.5 3.787879)
(5.5 5.666667 3.787879)
(5.5 5.5 3.939394)
(5.994535 5.5 3.792847)
(5.833333 5.666667 3.787879)
(5.833333 5.5 3.939394)
(4.005859 5.832741 3.792917)
(4.333333 5.833333 3.787879)
(4.167259 5.994141 3.792917)
(4.166667 5.833333 3.939394)
(4.666667 5.833333 3.787879)
(4.5 5.994535 3.792847)
(4.5 5.833333 3.939394)
(5 5.833333 3.787879)
(4.833333 5.994535 3.792847)
(4.833333 5.833333 3.939394)
(5.333333 5.833333 3.787879)
(5.166667 5.994535 3.792847)
(5.166667 5.833333 3.939394)
(5.666667 5.833333 3.787879)
(5.5 5.994535 3.792847)
(5.5 5.833333 3.939394)
(5.994141 5.832741 3.792917)
(5.832741 5.994141 3.792917)
(5.833333 5.833333 3.939394)
(4.089527 4.089527 3.720922)
(4.416667 4.088799 3.71709)
(4.75 4.088799 3.71709)
(5.083333 4.088799 3.71709)
(5.416667 4.088799 3.71709)
(5.75 4.088799 3.71709)
(4.088799 4.416667 3.71709)
(4.416667 4.416667 3.712121)
(4.75 4.416667 3.712121)
(5.083333 4.416667 3.712121)
(5.416667 4.416667 3.712121)
(5.75 4.416667 3.712121)
(4.088799 4.75 3.71709)
(4.416667 4.75 3.712121)
(4.75 4.75 3.712121)
(5.083333 4.75 3.712121)
(5.416667 4.75 3.712121)
(5.75 4.75 3.712121)
(4.088799 5.083333 3.71709)
(4.416667 5.083333 3.712121)
(4.75 5.083333 3.712121)
(5.083333 5.083333 3.712121)
(5.416667 5.083333 3.712121)
(5.75 5.083333 3.712121)
(4.088799 5.416667 3.71709)
(4.416667 5.416667 3.712121)
(4.75 5.416667 3.712121)
(5.083333 5.416667 3.712121)
(5.416667 5.416667 3.712121)
(5.75 5.416667 3.712121)
(4.088799 5.75 3.71709)
(4.416667 5.75 3.712121)
(4.75 5.75 3.712121)
(5.083333 5.75 3.712121)
(5.416667 5.75 3.712121)
(5.75 5.75 3.712121)
(4.089527 4.089527 4.006351)
(4.416667 4.088799 4.010183)
(4.75 4.088799 4.010183)
(5.083333 4.088799 4.010183)
(5.416667 4.088799 4.010183)
(5.75 4.088799 4.010183)
(4.088799 4.416667 4.010183)
(4.416667 4.416667 4.015152)
(4.75 4.416667 4.015152)
(5.083333 4.416667 4.015152)
(5.416667 4.416667 4.015152)
(5.75 4.416667 4.015152)
(4.088799 4.75 4.010183)
(4.416667 4.75 4.015152)
(4.75 4.75 4.015152)
(5.083333 4.75 4.015152)
(5.416667 4.75 4.015152)
(5.75 4.75 4.015152)
(4.088799 5.083333 4.010183)
(4.416667 5.083333 4.015152)
(4.75 5.083333 4.015152)
(5.083333 5.083333 4.015152)
(5.416667 5.083333 4.015152)
(5.75 5.083333 4.015152)
(4.088799 5.416667 4.010183)
(4.416667 5.416667 4.015152)
(4.75 5.416667 4.015152)
(5.083333 5.416667 4.015152)
(5.416667 5.416667 4.015152)
(5.75 5.416667 4.015152)
(4.088799 5.75 4.010183)
(4.416667 5.75 4.015152)
(4.75 5.75 4.015152)
(5.083333 5.75 4.015152)
(5.416667 5.75 4.015152)
(5.75 5.75 4.015152)
(4.25 4.088799 3.71709)
(4.088799 4.25 3.71709)
(4.25 4.25 3.712121)
(4.083333 4.083333 3.863636)
(4.25 4.083333 3.863636)
(4.083333 4.25 3.863636)
(4.25 4.25 3.863636)
(4.583333 4.088799 3.71709)
(4.416667 4.25 3.712121)
(4.583333 4.25 3.712121)
(4.416667 4.083333 3.863636)
(4.583333 4.083333 3.863636)
(4.416667 4.25 3.863636)
(4.583333 4.25 3.863636)
(4.916667 4.088799 3.71709)
(4.75 4.25 3.712121)
(4.916667 4.25 3.712121)
(4.75 4.083333 3.863636)
(4.916667 4.083333 3.863636)
(4.75 4.25 3.863636)
(4.916667 4.25 3.863636)
(5.25 4.088799 3.71709)
(5.083333 4.25 3.712121)
(5.25 4.25 3.712121)
(5.083333 4.083333 3.863636)
(5.25 4.083333 3.863636)
(5.083333 4.25 3.863636)
(5.25 4.25 3.863636)
(5.583333 4.088799 3.71709)
(5.416667 4.25 3.712121)
(5.583333 4.25 3.712121)
(5.416667 4.083333 3.863636)
(5.583333 4.083333 3.863636)
(5.416667 4.25 3.863636)
(5.583333 4.25 3.863636)
(5.910473 4.089527 3.720922)
(5.75 4.25 3.712121)
(5.911201 4.25 3.71709)
(5.75 4.083333 3.863636)
(5.916667 4.083333 3.863636)
(5.75 4.25 3.863636)
(5.916667 4.25 3.863636)
(4.25 4.416667 3.712121)
(4.088799 4.583333 3.71709)
(4.25 4.583333 3.712121)
(4.083333 4.416667 3.863636)
(4.25 4.416667 3.863636)
(4.083333 4.583333 3.863636)
(4.25 4.583333 3.863636)
(4.583333 4.416667 3.712121)
(4.416667 4.583333 3.712121)
(4.583333 4.583333 3.712121)
(4.416667 4.416667 3.863636)
(4.583333 4.416667 3.863636)
(4.416667 4.583333 3.863636)
(4.583333 4.583333 3.863636)
(4.916667 4.416667 3.712121)
(4.75 4.583333 3.712121)
(4.916667 4.583333 3.712121)
(4.75 4.416667 3.863636)
(4.916667 4.416667 3.863636)
(4.75 4.583333 3.863636)
(4.916667 4.583333 3.863636)
(5.25 4.416667 3.712121)
(5.083333 4.583333 3.712121)
(5.25 4.583333 3.712121)
(5.083333 4.416667 3.863636)
(5.25 4.416667 3.863636)
(5.083333 4.583333 3.863636)
(5.25 4.583333 3.863636)
(5.583333 4.416667 3.712121)
(5.416667 4.583333 3.712121)
(5.583333 4.583333 3.712121)
(5.416667 4.416667 3.863636)
(5.583333 4.416667 3.863636)
(5.416667 4.583333 3.863636)
(5.583333 4.583333 3.863636)
(5.911201 4.416667 3.71709)
(5.75 4.583333 3.712121)
(5.911201 4.583333 3.71709)
(5.75 4.416667 3.863636)
(5.916667 4.416667 3.863636)
(5.75 4.583333 3.863636)
(5.916667 4.583333 3.863636)
(4.25 4.75 3.712121)
(4.088799 4.916667 3.71709)
(4.25 4.916667 3.712121)
(4.083333 4.75 3.863636)
(4.25 4.75 3.863636)
(4.083333 4.916667 3.863636)
(4.25 4.916667 3.863636)
(4.583333 4.75 3.712121)
(4.416667 4.916667 3.712121)
(4.583333 4.916667 3.712121)
(4.416667 4.75 3.863636)
(4.583333 4.75 3.863636)
(4.416667 4.916667 3.863636)
(4.583333 4.916667 3.863636)
(4.916667 4.75 3.712121)
(4.75 4.916667 3.712121)
(4.916667 4.916667 3.712121)
(4.75 4.75 3.863636)
(4.916667 4.75 3.863636)
(4.75 4.916667 3.863636)
(4.916667 4.916667 3.863636)
(5.25 4.75 3.712121)
(5.083333 4.916667 3.712121)
(5.25 4.916667 3.712121)
(5.083333 4.75 3.863636)
(5.25 4.75 3.863636)
(5.083333 4.916667 3.863636)
(5.25 4.916667 3.863636)
(5.583333 4.75 3.712121)
(5.416667 4.916667 3.712121)
(5.583333 4.916667 3.712121)
(5.416667 4.75 3.863636)
(5.583333 4.75 3.863636)
(5.416667 4.916667 3.863636)
(5.583333 4.916667 3.863636)
(5.911201 4.75 3.71709)
(5.75 4.916667 3.712121)
(5.911201 4.916667 3.71709)
(5.75 4.75 3.863636)
(5.916667 4.75 3.863636)
(5.75 4.916667 3.863636)
(5.916667 4.916667 3.863636)
(4.25 5.083333 3.712121)
(4.088799 5.25 3.71709)
(4.25 5.25 3.712121)
(4.083333 5.083333 3.863636)
(4.25 5.083333 3.863636)
(4.083333 5.25 3.863636)
(4.25 5.25 3.863636)
(4.583333 5.083333 3.712121)
(4.416667 5.25 3.712121)
(4.583333 5.25 3.712121)
(4.416667 5.083333 3.863636)
(4.583333 5.083333 3.863636)
(4.416667 5.25 3.863636)
(4.583333 5.25 3.863636)
(4.916667 5.083333 3.712121)
(4.75 5.25 3.712121)
(4.916667 5.25 3.712121)
(4.75 5.083333 3.863636)
(4.916667 5.083333 3.863636)
(4.75 5.25 3.863636)
(4.916667 5.25 3.863636)
(5.25 5.083333 3.712121)
(5.083333 5.25 3.712121)
(5.25 5.25 3.712121)
(5.083333 5.083333 3.863636)
(5.25 5.083333 3.863636)
(5.083333 5.25 3.863636)
(5.25 5.25 3.863636)
(5.583333 5.083333 3.712121)
(5.416667 5.25 3.712121)
(5.583333 5.25 3.712121)
(5.416667 5.083333 3.863636)
(5.583333 5.083333 3.863636)
(5.416667 5.25 3.863636)
(5.583333 5.25 3.863636)
(5.911201 5.083333 3.71709)
(5.75 5.25 3.712121)
(5.911201 5.25 3.71709)
(5.75 5.083333 3.863636)
(5.916667 5.083333 3.863636)
(5.75 5.25 3.863636)
(5.916667 5.25 3.863636)
(4.25 5.416667 3.712121)
(4.088799 5.583333 3.71709)
(4.25 5.583333 3.712121)
(4.083333 5.416667 3.863636)
(4.25 5.416667 3.863636)
(4.083333 5.583333 3.863636)
(4.25 5.583333 3.863636)
(4.583333 5.416667 3.712121)
(4.416667 5.583333 3.712121)
(4.583333 5.583333 3.712121)
(4.416667 5.416667 3.863636)
(4.583333 5.416667 3.863636)
(4.416667 5.583333 3.863636)
(4.583333 5.583333 3.863636)
(4.916667 5.416667 3.712121)
(4.75 5.583333 3.712121)
(4.916667 5.583333 3.712121)
(4.75 5.416667 3.863636)
(4.916667 5.416667 3.863636)
(4.75 5.583333 3.863636)
(4.916667 5.583333 3.863636)
(5.25 5.416667 3.712121)
(5.083333 5.583333 3.712121)
(5.25 5.583333 3.712121)
(5.083333 5.416667 3.863636)
(5.25 5.416667 3.863636)
(5.083333 5.583333 3.863636)
(5.25 5.583333 3.863636)
(5.583333 5.416667 3.712121)
(5.416667 5.583333 3.712121)
(5.583333 5.583333 3.712121)
(5.416667 5.416667 3.863636)
(5.583333 5.416667 3.863636)
(5.416667 5.583333 3.863636)
(5.583333 5.583333 3.863636)
(5.911201 5.416667 3.71709)
(5.75 5.583333 3.712121)
(5.911201 5.583333 3.71709)
(5.75 5.416667 3.863636)
(5.916667 5.416667 3.863636)
(5.75 5.583333 3.863636)
(5.916667 5.583333 3.863636)
(4.25 5.75 3.712121)
(4.089527 5.910473 3.720922)
(4.25 5.911201 3.71709)
(4.083333 5.75 3.863636)
(4.25 5.75 3.863636)
(4.083333 5.916667 3.863636)
(4.25 5.916667 3.863636)
(4.583333 5.75 3.712121)
(4.416667 5.911201 3.71709)
(4.583333 5.911201 3.71709)
(4.416667 5.75 3.863636)
(4.583333 5.75 3.863636)
(4.416667 5.916667 3.863636)
(4.583333 5.916667 3.863636)
(4.916667 5.75 3.712121)
(4.75 5.911201 3.71709)
(4.916667 5.911201 3.71709)
(4.75 5.75 3.863636)
(4.916667 5.75 3.863636)
(4.75 5.916667 3.863636)
(4.916667 5.916667 3.863636)
(5.25 5.75 3.712121)
(5.083333 5.911201 3.71709)
(5.25 5.911201 3.71709)
(5.083333 5.75 3.863636)
(5.25 5.75 3.863636)
(5.083333 5.916667 3.863636)
(5.25 5.916667 3.863636)
(5.583333 5.75 3.712121)
(5.416667 5.911201 3.71709)
(5.583333 5.911201 3.71709)
(5.416667 5.75 3.863636)
(5.583333 5.75 3.863636)
(5.416667 5.916667 3.863636)
(5.583333 5.916667 3.863636)
(5.911201 5.75 3.71709)
(5.75 5.911201 3.71709)
(5.910473 5.910473 3.720922)
(5.75 5.75 3.863636)
(5.916667 5.75 3.863636)
(5.75 5.916667 3.863636)
(5.916667 5.916667 3.863636)
(4.25 4.088799 4.010183)
(4.088799 4.25 4.010183)
(4.25 4.25 4.015152)
(4.583333 4.088799 4.010183)
(4.416667 4.25 4.015152)
(4.583333 4.25 4.015152)
(4.916667 4.088799 4.010183)
(4.75 4.25 4.015152)
(4.916667 4.25 4.015152)
(5.25 4.088799 4.010183)
(5.083333 4.25 4.015152)
(5.25 4.25 4.015152)
(5.583333 4.088799 4.010183)
(5.416667 4.25 4.015152)
(5.583333 4.25 4.015152)
(5.910473 4.089527 4.006351)
(5.75 4.25 4.015152)
(5.911201 4.25 4.010183)
(4.25 4.416667 4.015152)
(4.088799 4.583333 4.010183)
(4.25 4.583333 4.015152)
(4.583333 4.416667 4.015152)
(4.416667 4.583333 4.015152)
(4.583333 4.583333 4.015152)
(4.916667 4.416667 4.015152)
(4.75 4.583333 4.015152)
(4.916667 4.583333 4.015152)
(5.25 4.416667 4.015152)
(5.083333 4.583333 4.015152)
(5.25 4.583333 4.015152)
(5.583333 4.416667 4.015152)
(5.416667 4.583333 4.015152)
(5.583333 4.583333 4.015152)
(5.911201 4.416667 4.010183)
(5.75 4.583333 4.015152)
(5.911201 4.583333 4.010183)
(4.25 4.75 4.015152)
(4.088799 4.916667 4.010183)
(4.25 4.916667 4.015152)
(4.583333 4.75 4.015152)
(4.416667 4.916667 4.015152)
(4.583333 4.916667 4.015152)
(4.916667 4.75 4.015152)
(4.75 4.916667 4.015152)
(4.916667 4.916667 4.015152)
(5.25 4.75 4.015152)
(5.083333 4.916667 4.015152)
(5.25 4.916667 4.015152)
(5.583333 4.75 4.015152)
(5.416667 4.916667 4.015152)
(5.583333 4.916667 4.015152)
(5.911201 4.75 4.010183)
(5.75 4.916667 4.015152)
(5.911201 4.916667 4.010183)
(4.25 5.083333 4.015152)
(4.088799 5.25 4.010183)
(4.25 5.25 4.015152)
(4.583333 5.083333 4.015152)
(4.416667 5.25 4.015152)
(4.583333 5.25 4.015152)
(4.916667 5.083333 4.015152)
(4.75 5.25 4.015152)
(4.916667 5.25 4.015152)
(5.25 5.083333 4.015152)
(5.083333 5.25 4.015152)
(5.25 5.25 4.015152)
(5.583333 5.083333 4.015152)
(5.416667 5.25 4.015152)
(5.583333 5.25 4.015152)
(5.911201 5.083333 4.010183)
(5.75 5.25 4.015152)
(5.911201 5.25 4.010183)
(4.25 5.416667 4.015152)
(4.088799 5.583333 4.010183)
(4.25 5.583333 4.015152)
(4.583333 5.416667 4.015152)
(4.416667 5.583333 4.015152)
(4.583333 5.583333 4.015152)
(4.916667 5.416667 4.015152)
(4.75 5.583333 4.015152)
(4.916667 5.583333 4.015152)
(5.25 5.416667 4.015152)
(5.083333 5.583333 4.015152)
(5.25 5.583333 4.015152)
(5.583333 5.416667 4.015152)
(5.416667 5.583333 4.015152)
(5.583333 5.583333 4.015152)
(5.911201 5.416667 4.010183)
(5.75 5.583333 4.015152)
(5.911201 5.583333 4.010183)
(4.25 5.75 4.015152)
(4.089527 5.910473 4.006351)
(4.25 5.911201 4.010183)
(4.583333 5.75 4.015152)
(4.416667 5.911201 4.010183)
(4.583333 5.911201 4.010183)
(4.916667 5.75 4.015152)
(4.75 5.911201 4.010183)
(4.916667 5.911201 4.010183)
(5.25 5.75 4.015152)
(5.083333 5.911201 4.010183)
(5.25 5.911201 4.010183)
(5.583333 5.75 4.015152)
(5.416667 5.911201 4.010183)
(5.583333 5.911201 4.010183)
(5.911201 5.75 4.010183)
(5.75 5.911201 4.010183)
(5.910473 5.910473 4.006351)
(4.033782 4.033782 3.741673)
(4.333333 4.025711 3.735495)
(4.666667 4.025711 3.735495)
(5 4.025711 3.735495)
(5.333333 4.025711 3.735495)
(5.666667 4.025711 3.735495)
(5.966218 4.033782 3.741673)
(4.025711 4.333333 3.735495)
(4.333333 4.333333 3.712121)
(4.666667 4.333333 3.712121)
(5 4.333333 3.712121)
(5.333333 4.333333 3.712121)
(5.666667 4.333333 3.712121)
(5.974289 4.333333 3.735495)
(4.025711 4.666667 3.735495)
(4.333333 4.666667 3.712121)
(4.666667 4.666667 3.712121)
(5 4.666667 3.712121)
(5.333333 4.666667 3.712121)
(5.666667 4.666667 3.712121)
(5.974289 4.666667 3.735495)
(4.025711 5 3.735495)
(4.333333 5 3.712121)
(4.666667 5 3.712121)
(5 5 3.712121)
(5.333333 5 3.712121)
(5.666667 5 3.712121)
(5.974289 5 3.735495)
(4.025711 5.333333 3.735495)
(4.333333 5.333333 3.712121)
(4.666667 5.333333 3.712121)
(5 5.333333 3.712121)
(5.333333 5.333333 3.712121)
(5.666667 5.333333 3.712121)
(5.974289 5.333333 3.735495)
(4.025711 5.666667 3.735495)
(4.333333 5.666667 3.712121)
(4.666667 5.666667 3.712121)
(5 5.666667 3.712121)
(5.333333 5.666667 3.712121)
(5.666667 5.666667 3.712121)
(5.974289 5.666667 3.735495)
(4.033782 5.966218 3.741673)
(4.333333 5.974289 3.735495)
(4.666667 5.974289 3.735495)
(5 5.974289 3.735495)
(5.333333 5.974289 3.735495)
(5.666667 5.974289 3.735495)
(5.966218 5.966218 3.741673)
(4.027688 4.027688 3.863636)
(4.089465 4.009719 3.93386)
(4.009719 4.089465 3.93386)
(4.033782 4.033782 3.9856)
(4.333333 4.00103 3.863636)
(4.25 4.005465 3.934426)
(4.416667 4.005465 3.934426)
(4.333333 4.083333 3.939394)
(4.333333 4.025711 3.991778)
(4.666667 4.00103 3.863636)
(4.583333 4.005465 3.934426)
(4.75 4.005465 3.934426)
(4.666667 4.083333 3.939394)
(4.666667 4.025711 3.991778)
(5 4.00103 3.863636)
(4.916667 4.005465 3.934426)
(5.083333 4.005465 3.934426)
(5 4.083333 3.939394)
(5 4.025711 3.991778)
(5.333333 4.00103 3.863636)
(5.25 4.005465 3.934426)
(5.416667 4.005465 3.934426)
(5.333333 4.083333 3.939394)
(5.333333 4.025711 3.991778)
(5.666667 4.00103 3.863636)
(5.583333 4.005465 3.934426)
(5.75 4.005465 3.934426)
(5.666667 4.083333 3.939394)
(5.666667 4.025711 3.991778)
(5.972312 4.027688 3.863636)
(5.910535 4.009719 3.93386)
(5.990281 4.089465 3.93386)
(5.966218 4.033782 3.9856)
(4.00103 4.333333 3.863636)
(4.005465 4.25 3.934426)
(4.083333 4.333333 3.939394)
(4.005465 4.416667 3.934426)
(4.025711 4.333333 3.991778)
(4.333333 4.333333 3.863636)
(4.333333 4.25 3.939394)
(4.25 4.333333 3.939394)
(4.416667 4.333333 3.939394)
(4.333333 4.416667 3.939394)
(4.333333 4.333333 4.015152)
(4.666667 4.333333 3.863636)
(4.666667 4.25 3.939394)
(4.583333 4.333333 3.939394)
(4.75 4.333333 3.939394)
(4.666667 4.416667 3.939394)
(4.666667 4.333333 4.015152)
(5 4.333333 3.863636)
(5 4.25 3.939394)
(4.916667 4.333333 3.939394)
(5.083333 4.333333 3.939394)
(5 4.416667 3.939394)
(5 4.333333 4.015152)
(5.333333 4.333333 3.863636)
(5.333333 4.25 3.939394)
(5.25 4.333333 3.939394)
(5.416667 4.333333 3.939394)
(5.333333 4.416667 3.939394)
(5.333333 4.333333 4.015152)
(5.666667 4.333333 3.863636)
(5.666667 4.25 3.939394)
(5.583333 4.333333 3.939394)
(5.75 4.333333 3.939394)
(5.666667 4.416667 3.939394)
(5.666667 4.333333 4.015152)
(5.99897 4.333333 3.863636)
(5.994535 4.25 3.934426)
(5.916667 4.333333 3.939394)
(5.994535 4.416667 3.934426)
(5.974289 4.333333 3.991778)
(4.00103 4.666667 3.863636)
(4.005465 4.583333 3.934426)
(4.083333 4.666667 3.939394)
(4.005465 4.75 3.934426)
(4.025711 4.666667 3.991778)
(4.333333 4.666667 3.863636)
(4.333333 4.583333 3.939394)
(4.25 4.666667 3.939394)
(4.416667 4.666667 3.939394)
(4.333333 4.75 3.939394)
(4.333333 4.666667 4.015152)
(4.666667 4.666667 3.863636)
(4.666667 4.583333 3.939394)
(4.583333 4.666667 3.939394)
(4.75 4.666667 3.939394)
(4.666667 4.75 3.939394)
(4.666667 4.666667 4.015152)
(5 4.666667 3.863636)
(5 4.583333 3.939394)
(4.916667 4.666667 3.939394)
(5.083333 4.666667 3.939394)
(5 4.75 3.939394)
(5 4.666667 4.015152)
(5.333333 4.666667 3.863636)
(5.333333 4.583333 3.939394)
(5.25 4.666667 3.939394)
(5.416667 4.666667 3.939394)
(5.333333 4.75 3.939394)
(5.333333 4.666667 4.015152)
(5.666667 4.666667 3.863636)
(5.666667 4.583333 3.939394)
(5.583333 4.666667 3.939394)
(5.75 4.666667 3.939394)
(5.666667 4.75 3.939394)
(5.666667 4.666667 4.015152)
(5.99897 4.666667 3.863636)
(5.994535 4.583333 3.934426)
(5.916667 4.666667 3.939394)
(5.994535 4.75 3.934426)
(5.974289 4.666667 3.991778)
(4.00103 5 3.863636)
(4.005465 4.916667 3.934426)
(4.083333 5 3.939394)
(4.005465 5.083333 3.934426)
(4.025711 5 3.991778)
(4.333333 5 3.863636)
(4.333333 4.916667 3.939394)
(4.25 5 3.939394)
(4.416667 5 3.939394)
(4.333333 5.083333 3.939394)
(4.333333 5 4.015152)
(4.666667 5 3.863636)
(4.666667 4.916667 3.939394)
(4.583333 5 3.939394)
(4.75 5 3.939394)
(4.666667 5.083333 3.939394)
(4.666667 5 4.015152)
(5 5 3.863636)
(5 4.916667 3.939394)
(4.916667 5 3.939394)
(5.083333 5 3.939394)
(5 5.083333 3.939394)
(5 5 4.015152)
(5.333333 5 3.863636)
(5.333333 4.916667 3.939394)
(5.25 5 3.939394)
(5.416667 5 3.939394)
(5.333333 5.083333 3.939394)
(5.333333 5 4.015152)
(5.666667 5 3.863636)
(5.666667 4.916667 3.939394)
(5.583333 5 3.939394)
(5.75 5 3.939394)
(5.666667 5.083333 3.939394)
(5.666667 5 4.015152)
(5.99897 5 3.863636)
(5.994535 4.916667 3.934426)
(5.916667 5 3.939394)
(5.994535 5.083333 3.934426)
(5.974289 5 3.991778)
(4.00103 5.333333 3.863636)
(4.005465 5.25 3.934426)
(4.083333 5.333333 3.939394)
(4.005465 5.416667 3.934426)
(4.025711 5.333333 3.991778)
(4.333333 5.333333 3.863636)
(4.333333 5.25 3.939394)
(4.25 5.333333 3.939394)
(4.416667 5.333333 3.939394)
(4.333333 5.416667 3.939394)
(4.333333 5.333333 4.015152)
(4.666667 5.333333 3.863636)
(4.666667 5.25 3.939394)
(4.583333 5.333333 3.939394)
(4.75 5.333333 3.939394)
(4.666667 5.416667 3.939394)
(4.666667 5.333333 4.015152)
(5 5.333333 3.863636)
(5 5.25 3.939394)
(4.916667 5.333333 3.939394)
(5.083333 5.333333 3.939394)
(5 5.416667 3.939394)
(5 5.333333 4.015152)
(5.333333 5.333333 3.863636)
(5.333333 5.25 3.939394)
(5.25 5.333333 3.939394)
(5.416667 5.333333 3.939394)
(5.333333 5.416667 3.939394)
(5.333333 5.333333 4.015152)
(5.666667 5.333333 3.863636)
(5.666667 5.25 3.939394)
(5.583333 5.333333 3.939394)
(5.75 5.333333 3.939394)
(5.666667 5.416667 3.939394)
(5.666667 5.333333 4.015152)
(5.99897 5.333333 3.863636)
(5.994535 5.25 3.934426)
(5.916667 5.333333 3.939394)
(5.994535 5.416667 3.934426)
(5.974289 5.333333 3.991778)
(4.00103 5.666667 3.863636)
(4.005465 5.583333 3.934426)
(4.083333 5.666667 3.939394)
(4.005465 5.75 3.934426)
(4.025711 5.666667 3.991778)
(4.333333 5.666667 3.863636)
(4.333333 5.583333 3.939394)
(4.25 5.666667 3.939394)
(4.416667 5.666667 3.939394)
(4.333333 5.75 3.939394)
(4.333333 5.666667 4.015152)
(4.666667 5.666667 3.863636)
(4.666667 5.583333 3.939394)
(4.583333 5.666667 3.939394)
(4.75 5.666667 3.939394)
(4.666667 5.75 3.939394)
(4.666667 5.666667 4.015152)
(5 5.666667 3.863636)
(5 5.583333 3.939394)
(4.916667 5.666667 3.939394)
(5.083333 5.666667 3.939394)
(5 5.75 3.939394)
(5 5.666667 4.015152)
(5.333333 5.666667 3.863636)
(5.333333 5.583333 3.939394)
(5.25 5.666667 3.939394)
(5.416667 5.666667 3.939394)
(5.333333 5.75 3.939394)
(5.333333 5.666667 4.015152)
(5.666667 5.666667 3.863636)
(5.666667 5.583333 3.939394)
(5.583333 5.666667 3.939394)
(5.75 5.666667 3.939394)
(5.666667 5.75 3.939394)
(5.666667 5.666667 4.015152)
(5.99897 5.666667 3.863636)
(5.994535 5.583333 3.934426)
(5.916667 5.666667 3.939394)
(5.994535 5.75 3.934426)
(5.974289 5.666667 3.991778)
(4.027688 5.972312 3.863636)
(4.009719 5.910535 3.93386)
(4.089465 5.990281 3.93386)
(4.033782 5.966218 3.9856)
(4.333333 5.99897 3.863636)
(4.333333 5.916667 3.939394)
(4.25 5.994535 3.934426)
(4.416667 5.994535 3.934426)
(4.333333 5.974289 3.991778)
(4.666667 5.99897 3.863636)
(4.666667 5.916667 3.939394)
(4.583333 5.994535 3.934426)
(4.75 5.994535 3.934426)
(4.666667 5.974289 3.991778)
(5 5.99897 3.863636)
(5 5.916667 3.939394)
(4.916667 5.994535 3.934426)
(5.083333 5.994535 3.934426)
(5 5.974289 3.991778)
(5.333333 5.99897 3.863636)
(5.333333 5.916667 3.939394)
(5.25 5.994535 3.934426)
(5.416667 5.994535 3.934426)
(5.333333 5.974289 3.991778)
(5.666667 5.99897 3.863636)
(5.666667 5.916667 3.939394)
(5.583333 5.994535 3.934426)
(5.75 5.994535 3.934426)
(5.666667 5.974289 3.991778)
(5.972312 5.972312 3.863636)
(5.990281 5.910535 3.93386)
(5.910535 5.990281 3.93386)
(5.966218 5.966218 3.9856)
(4.1672 4.1672 3.713037)
(4.166667 4.083333 3.787879)
(4.083333 4.166667 3.787879)
(4.25 4.166667 3.787879)
(4.166667 4.25 3.787879)
(4.166667 4.166667 3.863636)
(4.5 4.167182 3.712589)
(4.5 4.083333 3.787879)
(4.416667 4.166667 3.787879)
(4.583333 4.166667 3.787879)
(4.5 4.25 3.787879)
(4.5 4.166667 3.863636)
(4.833333 4.167182 3.712589)
(4.833333 4.083333 3.787879)
(4.75 4.166667 3.787879)
(4.916667 4.166667 3.787879)
(4.833333 4.25 3.787879)
(4.833333 4.166667 3.863636)
(5.166667 4.167182 3.712589)
(5.166667 4.083333 3.787879)
(5.083333 4.166667 3.787879)
(5.25 4.166667 3.787879)
(5.166667 4.25 3.787879)
(5.166667 4.166667 3.863636)
(5.5 4.167182 3.712589)
(5.5 4.083333 3.787879)
(5.416667 4.166667 3.787879)
(5.583333 4.166667 3.787879)
(5.5 4.25 3.787879)
(5.5 4.166667 3.863636)
(5.8328 4.1672 3.713037)
(5.833333 4.083333 3.787879)
(5.75 4.166667 3.787879)
(5.916667 4.166667 3.787879)
(5.833333 4.25 3.787879)
(5.833333 4.166667 3.863636)
(4.167182 4.5 3.712589)
(4.166667 4.416667 3.787879)
(4.083333 4.5 3.787879)
(4.25 4.5 3.787879)
(4.166667 4.583333 3.787879)
(4.166667 4.5 3.863636)
(4.5 4.5 3.712121)
(4.5 4.416667 3.787879)
(4.416667 4.5 3.787879)
(4.583333 4.5 3.787879)
(4.5 4.583333 3.787879)
(4.5 4.5 3.863636)
(4.833333 4.5 3.712121)
(4.833333 4.416667 3.787879)
(4.75 4.5 3.787879)
(4.916667 4.5 3.787879)
(4.833333 4.583333 3.787879)
(4.833333 4.5 3.863636)
(5.166667 4.5 3.712121)
(5.166667 4.416667 3.787879)
(5.083333 4.5 3.787879)
(5.25 4.5 3.787879)
(5.166667 4.583333 3.787879)
(5.166667 4.5 3.863636)
(5.5 4.5 3.712121)
(5.5 4.416667 3.787879)
(5.416667 4.5 3.787879)
(5.583333 4.5 3.787879)
(5.5 4.583333 3.787879)
(5.5 4.5 3.863636)
(5.832818 4.5 3.712589)
(5.833333 4.416667 3.787879)
(5.75 4.5 3.787879)
(5.916667 4.5 3.787879)
(5.833333 4.583333 3.787879)
(5.833333 4.5 3.863636)
(4.167182 4.833333 3.712589)
(4.166667 4.75 3.787879)
(4.083333 4.833333 3.787879)
(4.25 4.833333 3.787879)
(4.166667 4.916667 3.787879)
(4.166667 4.833333 3.863636)
(4.5 4.833333 3.712121)
(4.5 4.75 3.787879)
(4.416667 4.833333 3.787879)
(4.583333 4.833333 3.787879)
(4.5 4.916667 3.787879)
(4.5 4.833333 3.863636)
(4.833333 4.833333 3.712121)
(4.833333 4.75 3.787879)
(4.75 4.833333 3.787879)
(4.916667 4.833333 3.787879)
(4.833333 4.916667 3.787879)
(4.833333 4.833333 3.863636)
(5.166667 4.833333 3.712121)
(5.166667 4.75 3.787879)
(5.083333 4.833333 3.787879)
(5.25 4.833333 3.787879)
(5.166667 4.916667 3.787879)
(5.166667 4.833333 3.863636)
(5.5 4.833333 3.712121)
(5.5 4.75 3.787879)
(5.416667 4.833333 3.787879)
(5.583333 4.833333 3.787879)
(5.5 4.916667 3.787879)
(5.5 4.833333 3.863636)
(5.832818 4.833333 3.712589)
(5.833333 4.75 3.787879)
(5.75 4.833333 3.787879)
(5.916667 4.833333 3.787879)
(5.833333 4.916667 3.787879)
(5.833333 4.833333 3.863636)
(4.167182 5.166667 3.712589)
(4.166667 5.083333 3.787879)
(4.083333 5.166667 3.787879)
(4.25 5.166667 3.787879)
(4.166667 5.25 3.787879)
(4.166667 5.166667 3.863636)
(4.5 5.166667 3.712121)
(4.5 5.083333 3.787879)
(4.416667 5.166667 3.787879)
(4.583333 5.166667 3.787879)
(4.5 5.25 3.787879)
(4.5 5.166667 3.863636)
(4.833333 5.166667 3.712121)
(4.833333 5.083333 3.787879)
(4.75 5.166667 3.787879)
(4.916667 5.166667 3.787879)
(4.833333 5.25 3.787879)
(4.833333 5.166667 3.863636)
(5.166667 5.166667 3.712121)
(5.166667 5.083333 3.787879)
(5.083333 5.166667 3.787879)
(5.25 5.166667 3.787879)
(5.166667 5.25 3.787879)
(5.166667 5.166667 3.863636)
(5.5 5.166667 3.712121)
(5.5 5.083333 3.787879)
(5.416667 5.166667 3.787879)
(5.583333 5.166667 3.787879)
(5.5 5.25 3.787879)
(5.5 5.166667 3.863636)
(5.832818 5.166667 3.712589)
(5.833333 5.083333 3.787879)
(5.75 5.166667 3.787879)
(5.916667 5.166667 3.787879)
(5.833333 5.25 3.787879)
(5.833333 5.166667 3.863636)
(4.167182 5.5 3.712589)
(4.166667 5.416667 3.787879)
(4.083333 5.5 3.787879)
(4.25 5.5 3.787879)
(4.166667 5.583333 3.787879)
(4.166667 5.5 3.863636)
(4.5 5.5 3.712121)
(4.5 5.416667 3.787879)
(4.416667 5.5 3.787879)
(4.583333 5.5 3.787879)
(4.5 5.583333 3.787879)
(4.5 5.5 3.863636)
(4.833333 5.5 3.712121)
(4.833333 5.416667 3.787879)
(4.75 5.5 3.787879)
(4.916667 5.5 3.787879)
(4.833333 5.583333 3.787879)
(4.833333 5.5 3.863636)
(5.166667 5.5 3.712121)
(5.166667 5.416667 3.787879)
(5.083333 5.5 3.787879)
(5.25 5.5 3.787879)
(5.166667 5.583333 3.787879)
(5.166667 5.5 3.863636)
(5.5 5.5 3.712121)
(5.5 5.416667 3.787879)
(5.416667 5.5 3.787879)
(5.583333 5.5 3.787879)
(5.5 5.583333 3.787879)
(5.5 5.5 3.863636)
(5.832818 5.5 3.712589)
(5.833333 5.416667 3.787879)
(5.75 5.5 3.787879)
(5.916667 5.5 3.787879)
(5.833333 5.583333 3.787879)
(5.833333 5.5 3.863636)
(4.1672 5.8328 3.713037)
(4.166667 5.75 3.787879)
(4.083333 5.833333 3.787879)
(4.25 5.833333 3.787879)
(4.166667 5.916667 3.787879)
(4.166667 5.833333 3.863636)
(4.5 5.832818 3.712589)
(4.5 5.75 3.787879)
(4.416667 5.833333 3.787879)
(4.583333 5.833333 3.787879)
(4.5 5.916667 3.787879)
(4.5 5.833333 3.863636)
(4.833333 5.832818 3.712589)
(4.833333 5.75 3.787879)
(4.75 5.833333 3.787879)
(4.916667 5.833333 3.787879)
(4.833333 5.916667 3.787879)
(4.833333 5.833333 3.863636)
(5.166667 5.832818 3.712589)
(5.166667 5.75 3.787879)
(5.083333 5.833333 3.787879)
(5.25 5.833333 3.787879)
(5.166667 5.916667 3.787879)
(5.166667 5.833333 3.863636)
(5.5 5.832818 3.712589)
(5.5 5.75 3.787879)
(5.416667 5.833333 3.787879)
(5.583333 5.833333 3.787879)
(5.5 5.916667 3.787879)
(5.5 5.833333 3.863636)
(5.8328 5.8328 3.713037)
(5.833333 5.75 3.787879)
(5.75 5.833333 3.787879)
(5.916667 5.833333 3.787879)
(5.833333 5.916667 3.787879)
(5.833333 5.833333 3.863636)
(4.1672 4.1672 4.014236)
(4.5 4.167182 4.014683)
(4.833333 4.167182 4.014683)
(5.166667 4.167182 4.014683)
(5.5 4.167182 4.014683)
(5.8328 4.1672 4.014236)
(4.167182 4.5 4.014683)
(4.5 4.5 4.015152)
(4.833333 4.5 4.015152)
(5.166667 4.5 4.015152)
(5.5 4.5 4.015152)
(5.832818 4.5 4.014683)
(4.167182 4.833333 4.014683)
(4.5 4.833333 4.015152)
(4.833333 4.833333 4.015152)
(5.166667 4.833333 4.015152)
(5.5 4.833333 4.015152)
(5.832818 4.833333 4.014683)
(4.167182 5.166667 4.014683)
(4.5 5.166667 4.015152)
(4.833333 5.166667 4.015152)
(5.166667 5.166667 4.015152)
(5.5 5.166667 4.015152)
(5.832818 5.166667 4.014683)
(4.167182 5.5 4.014683)
(4.5 5.5 4.015152)
(4.833333 5.5 4.015152)
(5.166667 5.5 4.015152)
(5.5 5.5 4.015152)
(5.832818 5.5 4.014683)
(4.1672 5.8328 4.014236)
(4.5 5.832818 4.014683)
(4.833333 5.832818 4.014683)
(5.166667 5.832818 4.014683)
(5.5 5.832818 4.014683)
(5.8328 5.8328 4.014236)
(4.167299 4.025928 3.735684)
(4.025928 4.167299 3.735684)
(4.089465 4.009719 3.793412)
(4.009719 4.089465 3.793412)
(4.5 4.025711 3.735495)
(4.333333 4.167182 3.712589)
(4.25 4.005465 3.792847)
(4.416667 4.005465 3.792847)
(4.333333 4.083333 3.787879)
(4.833333 4.025711 3.735495)
(4.666667 4.167182 3.712589)
(4.583333 4.005465 3.792847)
(4.75 4.005465 3.792847)
(4.666667 4.083333 3.787879)
(5.166667 4.025711 3.735495)
(5 4.167182 3.712589)
(4.916667 4.005465 3.792847)
(5.083333 4.005465 3.792847)
(5 4.083333 3.787879)
(5.5 4.025711 3.735495)
(5.333333 4.167182 3.712589)
(5.25 4.005465 3.792847)
(5.416667 4.005465 3.792847)
(5.333333 4.083333 3.787879)
(5.832701 4.025928 3.735684)
(5.666667 4.167182 3.712589)
(5.583333 4.005465 3.792847)
(5.75 4.005465 3.792847)
(5.666667 4.083333 3.787879)
(5.974072 4.167299 3.735684)
(5.910535 4.009719 3.793412)
(5.990281 4.089465 3.793412)
(4.167182 4.333333 3.712589)
(4.025711 4.5 3.735495)
(4.005465 4.25 3.792847)
(4.083333 4.333333 3.787879)
(4.005465 4.416667 3.792847)
(4.5 4.333333 3.712121)
(4.333333 4.5 3.712121)
(4.333333 4.25 3.787879)
(4.25 4.333333 3.787879)
(4.416667 4.333333 3.787879)
(4.333333 4.416667 3.787879)
(4.833333 4.333333 3.712121)
(4.666667 4.5 3.712121)
(4.666667 4.25 3.787879)
(4.583333 4.333333 3.787879)
(4.75 4.333333 3.787879)
(4.666667 4.416667 3.787879)
(5.166667 4.333333 3.712121)
(5 4.5 3.712121)
(5 4.25 3.787879)
(4.916667 4.333333 3.787879)
(5.083333 4.333333 3.787879)
(5 4.416667 3.787879)
(5.5 4.333333 3.712121)
(5.333333 4.5 3.712121)
(5.333333 4.25 3.787879)
(5.25 4.333333 3.787879)
(5.416667 4.333333 3.787879)
(5.333333 4.416667 3.787879)
(5.832818 4.333333 3.712589)
(5.666667 4.5 3.712121)
(5.666667 4.25 3.787879)
(5.583333 4.333333 3.787879)
(5.75 4.333333 3.787879)
(5.666667 4.416667 3.787879)
(5.974289 4.5 3.735495)
(5.994535 4.25 3.792847)
(5.916667 4.333333 3.787879)
(5.994535 4.416667 3.792847)
(4.167182 4.666667 3.712589)
(4.025711 4.833333 3.735495)
(4.005465 4.583333 3.792847)
(4.083333 4.666667 3.787879)
(4.005465 4.75 3.792847)
(4.5 4.666667 3.712121)
(4.333333 4.833333 3.712121)
(4.333333 4.583333 3.787879)
(4.25 4.666667 3.787879)
(4.416667 4.666667 3.787879)
(4.333333 4.75 3.787879)
(4.833333 4.666667 3.712121)
(4.666667 4.833333 3.712121)
(4.666667 4.583333 3.787879)
(4.583333 4.666667 3.787879)
(4.75 4.666667 3.787879)
(4.666667 4.75 3.787879)
(5.166667 4.666667 3.712121)
(5 4.833333 3.712121)
(5 4.583333 3.787879)
(4.916667 4.666667 3.787879)
(5.083333 4.666667 3.787879)
(5 4.75 3.787879)
(5.5 4.666667 3.712121)
(5.333333 4.833333 3.712121)
(5.333333 4.583333 3.787879)
(5.25 4.666667 3.787879)
(5.416667 4.666667 3.787879)
(5.333333 4.75 3.787879)
(5.832818 4.666667 3.712589)
(5.666667 4.833333 3.712121)
(5.666667 4.583333 3.787879)
(5.583333 4.666667 3.787879)
(5.75 4.666667 3.787879)
(5.666667 4.75 3.787879)
(5.974289 4.833333 3.735495)
(5.994535 4.583333 3.792847)
(5.916667 4.666667 3.787879)
(5.994535 4.75 3.792847)
(4.167182 5 3.712589)
(4.025711 5.166667 3.735495)
(4.005465 4.916667 3.792847)
(4.083333 5 3.787879)
(4.005465 5.083333 3.792847)
(4.5 5 3.712121)
(4.333333 5.166667 3.712121)
(4.333333 4.916667 3.787879)
(4.25 5 3.787879)
(4.416667 5 3.787879)
(4.333333 5.083333 3.787879)
(4.833333 5 3.712121)
(4.666667 5.166667 3.712121)
(4.666667 4.916667 3.787879)
(4.583333 5 3.787879)
(4.75 5 3.787879)
(4.666667 5.083333 3.787879)
(5.166667 5 3.712121)
(5 5.166667 3.712121)
(5 4.916667 3.787879)
(4.916667 5 3.787879)
(5.083333 5 3.787879)
(5 5.083333 3.787879)
(5.5 5 3.712121)
(5.333333 5.166667 3.712121)
(5.333333 4.916667 3.787879)
(5.25 5 3.787879)
(5.416667 5 3.787879)
(5.333333 5.083333 3.787879)
(5.832818 5 3.712589)
(5.666667 5.166667 3.712121)
(5.666667 4.916667 3.787879)
(5.583333 5 3.787879)
(5.75 5 3.787879)
(5.666667 5.083333 3.787879)
(5.974289 5.166667 3.735495)
(5.994535 4.916667 3.792847)
(5.916667 5 3.787879)
(5.994535 5.083333 3.792847)
(4.167182 5.333333 3.712589)
(4.025711 5.5 3.735495)
(4.005465 5.25 3.792847)
(4.083333 5.333333 3.787879)
(4.005465 5.416667 3.792847)
(4.5 5.333333 3.712121)
(4.333333 5.5 3.712121)
(4.333333 5.25 3.787879)
(4.25 5.333333 3.787879)
(4.416667 5.333333 3.787879)
(4.333333 5.416667 3.787879)
(4.833333 5.333333 3.712121)
(4.666667 5.5 3.712121)
(4.666667 5.25 3.787879)
(4.583333 5.333333 3.787879)
(4.75 5.333333 3.787879)
(4.666667 5.416667 3.787879)
(5.166667 5.333333 3.712121)
(5 5.5 3.712121)
(5 5.25 3.787879)
(4.916667 5.333333 3.787879)
(5.083333 5.333333 3.787879)
(5 5.416667 3.787879)
(5.5 5.333333 3.712121)
(5.333333 5.5 3.712121)
(5.333333 5.25 3.787879)
(5.25 5.333333 3.787879)
(5.416667 5.333333 3.787879)
(5.333333 5.416667 3.787879)
(5.832818 5.333333 3.712589)
(5.666667 5.5 3.712121)
(5.666667 5.25 3.787879)
(5.583333 5.333333 3.787879)
(5.75 5.333333 3.787879)
(5.666667 5.416667 3.787879)
(5.974289 5.5 3.735495)
(5.994535 5.25 3.792847)
(5.916667 5.333333 3.787879)
(5.994535 5.416667 3.792847)
(4.167182 5.666667 3.712589)
(4.025928 5.832701 3.735684)
(4.005465 5.583333 3.792847)
(4.083333 5.666667 3.787879)
(4.005465 5.75 3.792847)
(4.5 5.666667 3.712121)
(4.333333 5.832818 3.712589)
(4.333333 5.583333 3.787879)
(4.25 5.666667 3.787879)
(4.416667 5.666667 3.787879)
(4.333333 5.75 3.787879)
(4.833333 5.666667 3.712121)
(4.666667 5.832818 3.712589)
(4.666667 5.583333 3.787879)
(4.583333 5.666667 3.787879)
(4.75 5.666667 3.787879)
(4.666667 5.75 3.787879)
(5.166667 5.666667 3.712121)
(5 5.832818 3.712589)
(5 5.583333 3.787879)
(4.916667 5.666667 3.787879)
(5.083333 5.666667 3.787879)
(5 5.75 3.787879)
(5.5 5.666667 3.712121)
(5.333333 5.832818 3.712589)
(5.333333 5.583333 3.787879)
(5.25 5.666667 3.787879)
(5.416667 5.666667 3.787879)
(5.333333 5.75 3.787879)
(5.832818 5.666667 3.712589)
(5.666667 5.832818 3.712589)
(5.666667 5.583333 3.787879)
(5.583333 5.666667 3.787879)
(5.75 5.666667 3.787879)
(5.666667 5.75 3.787879)
(5.974072 5.832701 3.735684)
(5.994535 5.583333 3.792847)
(5.916667 5.666667 3.787879)
(5.994535 5.75 3.792847)
(4.167299 5.974072 3.735684)
(4.009719 5.910535 3.793412)
(4.089465 5.990281 3.793412)
(4.5 5.974289 3.735495)
(4.333333 5.916667 3.787879)
(4.25 5.994535 3.792847)
(4.416667 5.994535 3.792847)
(4.833333 5.974289 3.735495)
(4.666667 5.916667 3.787879)
(4.583333 5.994535 3.792847)
(4.75 5.994535 3.792847)
(5.166667 5.974289 3.735495)
(5 5.916667 3.787879)
(4.916667 5.994535 3.792847)
(5.083333 5.994535 3.792847)
(5.5 5.974289 3.735495)
(5.333333 5.916667 3.787879)
(5.25 5.994535 3.792847)
(5.416667 5.994535 3.792847)
(5.832701 5.974072 3.735684)
(5.666667 5.916667 3.787879)
(5.583333 5.994535 3.792847)
(5.75 5.994535 3.792847)
(5.990281 5.910535 3.793412)
(5.910535 5.990281 3.793412)
(4.167216 4.001505 3.863636)
(4.166667 4.083333 3.939394)
(4.167299 4.025928 3.991588)
(4.001505 4.167216 3.863636)
(4.083333 4.166667 3.939394)
(4.025928 4.167299 3.991588)
(4.5 4.00103 3.863636)
(4.5 4.083333 3.939394)
(4.5 4.025711 3.991778)
(4.333333 4.166667 3.863636)
(4.25 4.166667 3.939394)
(4.416667 4.166667 3.939394)
(4.333333 4.167182 4.014683)
(4.833333 4.00103 3.863636)
(4.833333 4.083333 3.939394)
(4.833333 4.025711 3.991778)
(4.666667 4.166667 3.863636)
(4.583333 4.166667 3.939394)
(4.75 4.166667 3.939394)
(4.666667 4.167182 4.014683)
(5.166667 4.00103 3.863636)
(5.166667 4.083333 3.939394)
(5.166667 4.025711 3.991778)
(5 4.166667 3.863636)
(4.916667 4.166667 3.939394)
(5.083333 4.166667 3.939394)
(5 4.167182 4.014683)
(5.5 4.00103 3.863636)
(5.5 4.083333 3.939394)
(5.5 4.025711 3.991778)
(5.333333 4.166667 3.863636)
(5.25 4.166667 3.939394)
(5.416667 4.166667 3.939394)
(5.333333 4.167182 4.014683)
(5.832784 4.001505 3.863636)
(5.833333 4.083333 3.939394)
(5.832701 4.025928 3.991588)
(5.666667 4.166667 3.863636)
(5.583333 4.166667 3.939394)
(5.75 4.166667 3.939394)
(5.666667 4.167182 4.014683)
(5.998495 4.167216 3.863636)
(5.916667 4.166667 3.939394)
(5.974072 4.167299 3.991588)
(4.166667 4.333333 3.863636)
(4.166667 4.25 3.939394)
(4.166667 4.416667 3.939394)
(4.167182 4.333333 4.014683)
(4.00103 4.5 3.863636)
(4.083333 4.5 3.939394)
(4.025711 4.5 3.991778)
(4.5 4.333333 3.863636)
(4.5 4.25 3.939394)
(4.5 4.416667 3.939394)
(4.5 4.333333 4.015152)
(4.333333 4.5 3.863636)
(4.25 4.5 3.939394)
(4.416667 4.5 3.939394)
(4.333333 4.5 4.015152)
(4.833333 4.333333 3.863636)
(4.833333 4.25 3.939394)
(4.833333 4.416667 3.939394)
(4.833333 4.333333 4.015152)
(4.666667 4.5 3.863636)
(4.583333 4.5 3.939394)
(4.75 4.5 3.939394)
(4.666667 4.5 4.015152)
(5.166667 4.333333 3.863636)
(5.166667 4.25 3.939394)
(5.166667 4.416667 3.939394)
(5.166667 4.333333 4.015152)
(5 4.5 3.863636)
(4.916667 4.5 3.939394)
(5.083333 4.5 3.939394)
(5 4.5 4.015152)
(5.5 4.333333 3.863636)
(5.5 4.25 3.939394)
(5.5 4.416667 3.939394)
(5.5 4.333333 4.015152)
(5.333333 4.5 3.863636)
(5.25 4.5 3.939394)
(5.416667 4.5 3.939394)
(5.333333 4.5 4.015152)
(5.833333 4.333333 3.863636)
(5.833333 4.25 3.939394)
(5.833333 4.416667 3.939394)
(5.832818 4.333333 4.014683)
(5.666667 4.5 3.863636)
(5.583333 4.5 3.939394)
(5.75 4.5 3.939394)
(5.666667 4.5 4.015152)
(5.99897 4.5 3.863636)
(5.916667 4.5 3.939394)
(5.974289 4.5 3.991778)
(4.166667 4.666667 3.863636)
(4.166667 4.583333 3.939394)
(4.166667 4.75 3.939394)
(4.167182 4.666667 4.014683)
(4.00103 4.833333 3.863636)
(4.083333 4.833333 3.939394)
(4.025711 4.833333 3.991778)
(4.5 4.666667 3.863636)
(4.5 4.583333 3.939394)
(4.5 4.75 3.939394)
(4.5 4.666667 4.015152)
(4.333333 4.833333 3.863636)
(4.25 4.833333 3.939394)
(4.416667 4.833333 3.939394)
(4.333333 4.833333 4.015152)
(4.833333 4.666667 3.863636)
(4.833333 4.583333 3.939394)
(4.833333 4.75 3.939394)
(4.833333 4.666667 4.015152)
(4.666667 4.833333 3.863636)
(4.583333 4.833333 3.939394)
(4.75 4.833333 3.939394)
(4.666667 4.833333 4.015152)
(5.166667 4.666667 3.863636)
(5.166667 4.583333 3.939394)
(5.166667 4.75 3.939394)
(5.166667 4.666667 4.015152)
(5 4.833333 3.863636)
(4.916667 4.833333 3.939394)
(5.083333 4.833333 3.939394)
(5 4.833333 4.015152)
(5.5 4.666667 3.863636)
(5.5 4.583333 3.939394)
(5.5 4.75 3.939394)
(5.5 4.666667 4.015152)
(5.333333 4.833333 3.863636)
(5.25 4.833333 3.939394)
(5.416667 4.833333 3.939394)
(5.333333 4.833333 4.015152)
(5.833333 4.666667 3.863636)
(5.833333 4.583333 3.939394)
(5.833333 4.75 3.939394)
(5.832818 4.666667 4.014683)
(5.666667 4.833333 3.863636)
(5.583333 4.833333 3.939394)
(5.75 4.833333 3.939394)
(5.666667 4.833333 4.015152)
(5.99897 4.833333 3.863636)
(5.916667 4.833333 3.939394)
(5.974289 4.833333 3.991778)
(4.166667 5 3.863636)
(4.166667 4.916667 3.939394)
(4.166667 5.083333 3.939394)
(4.167182 5 4.014683)
(4.00103 5.166667 3.863636)
(4.083333 5.166667 3.939394)
(4.025711 5.166667 3.991778)
(4.5 5 3.863636)
(4.5 4.916667 3.939394)
(4.5 5.083333 3.939394)
(4.5 5 4.015152)
(4.333333 5.166667 3.863636)
(4.25 5.166667 3.939394)
(4.416667 5.166667 3.939394)
(4.333333 5.166667 4.015152)
(4.833333 5 3.863636)
(4.833333 4.916667 3.939394)
(4.833333 5.083333 3.939394)
(4.833333 5 4.015152)
(4.666667 5.166667 3.863636)
(4.583333 5.166667 3.939394)
(4.75 5.166667 3.939394)
(4.666667 5.166667 4.015152)
(5.166667 5 3.863636)
(5.166667 4.916667 3.939394)
(5.166667 5.083333 3.939394)
(5.166667 5 4.015152)
(5 5.166667 3.863636)
(4.916667 5.166667 3.939394)
(5.083333 5.166667 3.939394)
(5 5.166667 4.015152)
(5.5 5 3.863636)
(5.5 4.916667 3.939394)
(5.5 5.083333 3.939394)
(5.5 5 4.015152)
(5.333333 5.166667 3.863636)
(5.25 5.166667 3.939394)
(5.416667 5.166667 3.939394)
(5.333333 5.166667 4.015152)
(5.833333 5 3.863636)
(5.833333 4.916667 3.939394)
(5.833333 5.083333 3.939394)
(5.832818 5 4.014683)
(5.666667 5.166667 3.863636)
(5.583333 5.166667 3.939394)
(5.75 5.166667 3.939394)
(5.666667 5.166667 4.015152)
(5.99897 5.166667 3.863636)
(5.916667 5.166667 3.939394)
(5.974289 5.166667 3.991778)
(4.166667 5.333333 3.863636)
(4.166667 5.25 3.939394)
(4.166667 5.416667 3.939394)
(4.167182 5.333333 4.014683)
(4.00103 5.5 3.863636)
(4.083333 5.5 3.939394)
(4.025711 5.5 3.991778)
(4.5 5.333333 3.863636)
(4.5 5.25 3.939394)
(4.5 5.416667 3.939394)
(4.5 5.333333 4.015152)
(4.333333 5.5 3.863636)
(4.25 5.5 3.939394)
(4.416667 5.5 3.939394)
(4.333333 5.5 4.015152)
(4.833333 5.333333 3.863636)
(4.833333 5.25 3.939394)
(4.833333 5.416667 3.939394)
(4.833333 5.333333 4.015152)
(4.666667 5.5 3.863636)
(4.583333 5.5 3.939394)
(4.75 5.5 3.939394)
(4.666667 5.5 4.015152)
(5.166667 5.333333 3.863636)
(5.166667 5.25 3.939394)
(5.166667 5.416667 3.939394)
(5.166667 5.333333 4.015152)
(5 5.5 3.863636)
(4.916667 5.5 3.939394)
(5.083333 5.5 3.939394)
(5 5.5 4.015152)
(5.5 5.333333 3.863636)
(5.5 5.25 3.939394)
(5.5 5.416667 3.939394)
(5.5 5.333333 4.015152)
(5.333333 5.5 3.863636)
(5.25 5.5 3.939394)
(5.416667 5.5 3.939394)
(5.333333 5.5 4.015152)
(5.833333 5.333333 3.863636)
(5.833333 5.25 3.939394)
(5.833333 5.416667 3.939394)
(5.832818 5.333333 4.014683)
(5.666667 5.5 3.863636)
(5.583333 5.5 3.939394)
(5.75 5.5 3.939394)
(5.666667 5.5 4.015152)
(5.99897 5.5 3.863636)
(5.916667 5.5 3.939394)
(5.974289 5.5 3.991778)
(4.166667 5.666667 3.863636)
(4.166667 5.583333 3.939394)
(4.166667 5.75 3.939394)
(4.167182 5.666667 4.014683)
(4.001505 5.832784 3.863636)
(4.083333 5.833333 3.939394)
(4.025928 5.832701 3.991588)
(4.5 5.666667 3.863636)
(4.5 5.583333 3.939394)
(4.5 5.75 3.939394)
(4.5 5.666667 4.015152)
(4.333333 5.833333 3.863636)
(4.25 5.833333 3.939394)
(4.416667 5.833333 3.939394)
(4.333333 5.832818 4.014683)
(4.833333 5.666667 3.863636)
(4.833333 5.583333 3.939394)
(4.833333 5.75 3.939394)
(4.833333 5.666667 4.015152)
(4.666667 5.833333 3.863636)
(4.583333 5.833333 3.939394)
(4.75 5.833333 3.939394)
(4.666667 5.832818 4.014683)
(5.166667 5.666667 3.863636)
(5.166667 5.583333 3.939394)
(5.166667 5.75 3.939394)
(5.166667 5.666667 4.015152)
(5 5.833333 3.863636)
(4.916667 5.833333 3.939394)
(5.083333 5.833333 3.939394)
(5 5.832818 4.014683)
(5.5 5.666667 3.863636)
(5.5 5.583333 3.939394)
(5.5 5.75 3.939394)
(5.5 5.666667 4.015152)
(5.333333 5.833333 3.863636)
(5.25 5.833333 3.939394)
(5.416667 5.833333 3.939394)
(5.333333 5.832818 4.014683)
(5.833333 5.666667 3.863636)
(5.833333 5.583333 3.939394)
(5.833333 5.75 3.939394)
(5.832818 5.666667 4.014683)
(5.666667 5.833333 3.863636)
(5.583333 5.833333 3.939394)
(5.75 5.833333 3.939394)
(5.666667 5.832818 4.014683)
(5.998495 5.832784 3.863636)
(5.916667 5.833333 3.939394)
(5.974072 5.832701 3.991588)
(4.167216 5.998495 3.863636)
(4.166667 5.916667 3.939394)
(4.167299 5.974072 3.991588)
(4.5 5.99897 3.863636)
(4.5 5.916667 3.939394)
(4.5 5.974289 3.991778)
(4.833333 5.99897 3.863636)
(4.833333 5.916667 3.939394)
(4.833333 5.974289 3.991778)
(5.166667 5.99897 3.863636)
(5.166667 5.916667 3.939394)
(5.166667 5.974289 3.991778)
(5.5 5.99897 3.863636)
(5.5 5.916667 3.939394)
(5.5 5.974289 3.991778)
(5.832784 5.998495 3.863636)
(5.833333 5.916667 3.939394)
(5.832701 5.974072 3.991588)
(4.089967 4.027852 3.737356)
(4.027852 4.089967 3.737356)
(4.167261 4.088886 3.717442)
(4.088886 4.167261 3.717442)
(4.083333 4.083333 3.787879)
(4.416667 4.025711 3.735495)
(4.333333 4.088799 3.71709)
(4.5 4.088799 3.71709)
(4.416667 4.167182 3.712589)
(4.416667 4.083333 3.787879)
(4.75 4.025711 3.735495)
(4.666667 4.088799 3.71709)
(4.833333 4.088799 3.71709)
(4.75 4.167182 3.712589)
(4.75 4.083333 3.787879)
(5.083333 4.025711 3.735495)
(5 4.088799 3.71709)
(5.166667 4.088799 3.71709)
(5.083333 4.167182 3.712589)
(5.083333 4.083333 3.787879)
(5.416667 4.025711 3.735495)
(5.333333 4.088799 3.71709)
(5.5 4.088799 3.71709)
(5.416667 4.167182 3.712589)
(5.416667 4.083333 3.787879)
(5.75 4.025711 3.735495)
(5.666667 4.088799 3.71709)
(5.832739 4.088886 3.717442)
(5.75 4.167182 3.712589)
(5.75 4.083333 3.787879)
(5.972148 4.089967 3.737356)
(4.088799 4.333333 3.71709)
(4.025711 4.416667 3.735495)
(4.167182 4.416667 3.712589)
(4.088799 4.5 3.71709)
(4.083333 4.416667 3.787879)
(4.416667 4.333333 3.712121)
(4.333333 4.416667 3.712121)
(4.5 4.416667 3.712121)
(4.416667 4.5 3.712121)
(4.416667 4.416667 3.787879)
(4.75 4.333333 3.712121)
(4.666667 4.416667 3.712121)
(4.833333 4.416667 3.712121)
(4.75 4.5 3.712121)
(4.75 4.416667 3.787879)
(5.083333 4.333333 3.712121)
(5 4.416667 3.712121)
(5.166667 4.416667 3.712121)
(5.083333 4.5 3.712121)
(5.083333 4.416667 3.787879)
(5.416667 4.333333 3.712121)
(5.333333 4.416667 3.712121)
(5.5 4.416667 3.712121)
(5.416667 4.5 3.712121)
(5.416667 4.416667 3.787879)
(5.75 4.333333 3.712121)
(5.666667 4.416667 3.712121)
(5.832818 4.416667 3.712589)
(5.75 4.5 3.712121)
(5.75 4.416667 3.787879)
(5.974289 4.416667 3.735495)
(4.088799 4.666667 3.71709)
(4.025711 4.75 3.735495)
(4.167182 4.75 3.712589)
(4.088799 4.833333 3.71709)
(4.083333 4.75 3.787879)
(4.416667 4.666667 3.712121)
(4.333333 4.75 3.712121)
(4.5 4.75 3.712121)
(4.416667 4.833333 3.712121)
(4.416667 4.75 3.787879)
(4.75 4.666667 3.712121)
(4.666667 4.75 3.712121)
(4.833333 4.75 3.712121)
(4.75 4.833333 3.712121)
(4.75 4.75 3.787879)
(5.083333 4.666667 3.712121)
(5 4.75 3.712121)
(5.166667 4.75 3.712121)
(5.083333 4.833333 3.712121)
(5.083333 4.75 3.787879)
(5.416667 4.666667 3.712121)
(5.333333 4.75 3.712121)
(5.5 4.75 3.712121)
(5.416667 4.833333 3.712121)
(5.416667 4.75 3.787879)
(5.75 4.666667 3.712121)
(5.666667 4.75 3.712121)
(5.832818 4.75 3.712589)
(5.75 4.833333 3.712121)
(5.75 4.75 3.787879)
(5.974289 4.75 3.735495)
(4.088799 5 3.71709)
(4.025711 5.083333 3.735495)
(4.167182 5.083333 3.712589)
(4.088799 5.166667 3.71709)
(4.083333 5.083333 3.787879)
(4.416667 5 3.712121)
(4.333333 5.083333 3.712121)
(4.5 5.083333 3.712121)
(4.416667 5.166667 3.712121)
(4.416667 5.083333 3.787879)
(4.75 5 3.712121)
(4.666667 5.083333 3.712121)
(4.833333 5.083333 3.712121)
(4.75 5.166667 3.712121)
(4.75 5.083333 3.787879)
(5.083333 5 3.712121)
(5 5.083333 3.712121)
(5.166667 5.083333 3.712121)
(5.083333 5.166667 3.712121)
(5.083333 5.083333 3.787879)
(5.416667 5 3.712121)
(5.333333 5.083333 3.712121)
(5.5 5.083333 3.712121)
(5.416667 5.166667 3.712121)
(5.416667 5.083333 3.787879)
(5.75 5 3.712121)
(5.666667 5.083333 3.712121)
(5.832818 5.083333 3.712589)
(5.75 5.166667 3.712121)
(5.75 5.083333 3.787879)
(5.974289 5.083333 3.735495)
(4.088799 5.333333 3.71709)
(4.025711 5.416667 3.735495)
(4.167182 5.416667 3.712589)
(4.088799 5.5 3.71709)
(4.083333 5.416667 3.787879)
(4.416667 5.333333 3.712121)
(4.333333 5.416667 3.712121)
(4.5 5.416667 3.712121)
(4.416667 5.5 3.712121)
(4.416667 5.416667 3.787879)
(4.75 5.333333 3.712121)
(4.666667 5.416667 3.712121)
(4.833333 5.416667 3.712121)
(4.75 5.5 3.712121)
(4.75 5.416667 3.787879)
(5.083333 5.333333 3.712121)
(5 5.416667 3.712121)
(5.166667 5.416667 3.712121)
(5.083333 5.5 3.712121)
(5.083333 5.416667 3.787879)
(5.416667 5.333333 3.712121)
(5.333333 5.416667 3.712121)
(5.5 5.416667 3.712121)
(5.416667 5.5 3.712121)
(5.416667 5.416667 3.787879)
(5.75 5.333333 3.712121)
(5.666667 5.416667 3.712121)
(5.832818 5.416667 3.712589)
(5.75 5.5 3.712121)
(5.75 5.416667 3.787879)
(5.974289 5.416667 3.735495)
(4.088799 5.666667 3.71709)
(4.025711 5.75 3.735495)
(4.167182 5.75 3.712589)
(4.088886 5.832739 3.717442)
(4.083333 5.75 3.787879)
(4.416667 5.666667 3.712121)
(4.333333 5.75 3.712121)
(4.5 5.75 3.712121)
(4.416667 5.832818 3.712589)
(4.416667 5.75 3.787879)
(4.75 5.666667 3.712121)
(4.666667 5.75 3.712121)
(4.833333 5.75 3.712121)
(4.75 5.832818 3.712589)
(4.75 5.75 3.787879)
(5.083333 5.666667 3.712121)
(5 5.75 3.712121)
(5.166667 5.75 3.712121)
(5.083333 5.832818 3.712589)
(5.083333 5.75 3.787879)
(5.416667 5.666667 3.712121)
(5.333333 5.75 3.712121)
(5.5 5.75 3.712121)
(5.416667 5.832818 3.712589)
(5.416667 5.75 3.787879)
(5.75 5.666667 3.712121)
(5.666667 5.75 3.712121)
(5.832818 5.75 3.712589)
(5.75 5.832818 3.712589)
(5.75 5.75 3.787879)
(5.974289 5.75 3.735495)
(4.089967 5.972148 3.737356)
(4.416667 5.974289 3.735495)
(4.75 5.974289 3.735495)
(5.083333 5.974289 3.735495)
(5.416667 5.974289 3.735495)
(5.75 5.974289 3.735495)
(4.089967 4.027852 3.989916)
(4.25 4.025711 3.991778)
(4.416667 4.025711 3.991778)
(4.583333 4.025711 3.991778)
(4.75 4.025711 3.991778)
(4.916667 4.025711 3.991778)
(5.083333 4.025711 3.991778)
(5.25 4.025711 3.991778)
(5.416667 4.025711 3.991778)
(5.583333 4.025711 3.991778)
(5.75 4.025711 3.991778)
(5.910033 4.027852 3.989916)
(4.027852 4.089967 3.989916)
(4.025711 4.25 3.991778)
(4.083333 4.083333 3.939394)
(4.167261 4.088886 4.009831)
(4.088886 4.167261 4.009831)
(4.416667 4.083333 3.939394)
(4.333333 4.088799 4.010183)
(4.5 4.088799 4.010183)
(4.416667 4.167182 4.014683)
(4.75 4.083333 3.939394)
(4.666667 4.088799 4.010183)
(4.833333 4.088799 4.010183)
(4.75 4.167182 4.014683)
(5.083333 4.083333 3.939394)
(5 4.088799 4.010183)
(5.166667 4.088799 4.010183)
(5.083333 4.167182 4.014683)
(5.416667 4.083333 3.939394)
(5.333333 4.088799 4.010183)
(5.5 4.088799 4.010183)
(5.416667 4.167182 4.014683)
(5.75 4.083333 3.939394)
(5.666667 4.088799 4.010183)
(5.832739 4.088886 4.009831)
(5.75 4.167182 4.014683)
(5.972148 4.089967 3.989916)
(5.974289 4.25 3.991778)
(4.025711 4.416667 3.991778)
(4.025711 4.583333 3.991778)
(4.083333 4.416667 3.939394)
(4.088799 4.333333 4.010183)
(4.167182 4.416667 4.014683)
(4.088799 4.5 4.010183)
(4.416667 4.416667 3.939394)
(4.416667 4.333333 4.015152)
(4.333333 4.416667 4.015152)
(4.5 4.416667 4.015152)
(4.416667 4.5 4.015152)
(4.75 4.416667 3.939394)
(4.75 4.333333 4.015152)
(4.666667 4.416667 4.015152)
(4.833333 4.416667 4.015152)
(4.75 4.5 4.015152)
(5.083333 4.416667 3.939394)
(5.083333 4.333333 4.015152)
(5 4.416667 4.015152)
(5.166667 4.416667 4.015152)
(5.083333 4.5 4.015152)
(5.416667 4.416667 3.939394)
(5.416667 4.333333 4.015152)
(5.333333 4.416667 4.015152)
(5.5 4.416667 4.015152)
(5.416667 4.5 4.015152)
(5.75 4.416667 3.939394)
(5.75 4.333333 4.015152)
(5.666667 4.416667 4.015152)
(5.832818 4.416667 4.014683)
(5.75 4.5 4.015152)
(5.974289 4.416667 3.991778)
(5.974289 4.583333 3.991778)
(4.025711 4.75 3.991778)
(4.025711 4.916667 3.991778)
(4.083333 4.75 3.939394)
(4.088799 4.666667 4.010183)
(4.167182 4.75 4.014683)
(4.088799 4.833333 4.010183)
(4.416667 4.75 3.939394)
(4.416667 4.666667 4.015152)
(4.333333 4.75 4.015152)
(4.5 4.75 4.015152)
(4.416667 4.833333 4.015152)
(4.75 4.75 3.939394)
(4.75 4.666667 4.015152)
(4.666667 4.75 4.015152)
(4.833333 4.75 4.015152)
(4.75 4.833333 4.015152)
(5.083333 4.75 3.939394)
(5.083333 4.666667 4.015152)
(5 4.75 4.015152)
(5.166667 4.75 4.015152)
(5.083333 4.833333 4.015152)
(5.416667 4.75 3.939394)
(5.416667 4.666667 4.015152)
(5.333333 4.75 4.015152)
(5.5 4.75 4.015152)
(5.416667 4.833333 4.015152)
(5.75 4.75 3.939394)
(5.75 4.666667 4.015152)
(5.666667 4.75 4.015152)
(5.832818 4.75 4.014683)
(5.75 4.833333 4.015152)
(5.974289 4.75 3.991778)
(5.974289 4.916667 3.991778)
(4.025711 5.083333 3.991778)
(4.025711 5.25 3.991778)
(4.083333 5.083333 3.939394)
(4.088799 5 4.010183)
(4.167182 5.083333 4.014683)
(4.088799 5.166667 4.010183)
(4.416667 5.083333 3.939394)
(4.416667 5 4.015152)
(4.333333 5.083333 4.015152)
(4.5 5.083333 4.015152)
(4.416667 5.166667 4.015152)
(4.75 5.083333 3.939394)
(4.75 5 4.015152)
(4.666667 5.083333 4.015152)
(4.833333 5.083333 4.015152)
(4.75 5.166667 4.015152)
(5.083333 5.083333 3.939394)
(5.083333 5 4.015152)
(5 5.083333 4.015152)
(5.166667 5.083333 4.015152)
(5.083333 5.166667 4.015152)
(5.416667 5.083333 3.939394)
(5.416667 5 4.015152)
(5.333333 5.083333 4.015152)
(5.5 5.083333 4.015152)
(5.416667 5.166667 4.015152)
(5.75 5.083333 3.939394)
(5.75 5 4.015152)
(5.666667 5.083333 4.015152)
(5.832818 5.083333 4.014683)
(5.75 5.166667 4.015152)
(5.974289 5.083333 3.991778)
(5.974289 5.25 3.991778)
(4.025711 5.416667 3.991778)
(4.025711 5.583333 3.991778)
(4.083333 5.416667 3.939394)
(4.088799 5.333333 4.010183)
(4.167182 5.416667 4.014683)
(4.088799 5.5 4.010183)
(4.416667 5.416667 3.939394)
(4.416667 5.333333 4.015152)
(4.333333 5.416667 4.015152)
(4.5 5.416667 4.015152)
(4.416667 5.5 4.015152)
(4.75 5.416667 3.939394)
(4.75 5.333333 4.015152)
(4.666667 5.416667 4.015152)
(4.833333 5.416667 4.015152)
(4.75 5.5 4.015152)
(5.083333 5.416667 3.939394)
(5.083333 5.333333 4.015152)
(5 5.416667 4.015152)
(5.166667 5.416667 4.015152)
(5.083333 5.5 4.015152)
(5.416667 5.416667 3.939394)
(5.416667 5.333333 4.015152)
(5.333333 5.416667 4.015152)
(5.5 5.416667 4.015152)
(5.416667 5.5 4.015152)
(5.75 5.416667 3.939394)
(5.75 5.333333 4.015152)
(5.666667 5.416667 4.015152)
(5.832818 5.416667 4.014683)
(5.75 5.5 4.015152)
(5.974289 5.416667 3.991778)
(5.974289 5.583333 3.991778)
(4.025711 5.75 3.991778)
(4.027852 5.910033 3.989916)
(4.083333 5.75 3.939394)
(4.088799 5.666667 4.010183)
(4.167182 5.75 4.014683)
(4.088886 5.832739 4.009831)
(4.416667 5.75 3.939394)
(4.416667 5.666667 4.015152)
(4.333333 5.75 4.015152)
(4.5 5.75 4.015152)
(4.416667 5.832818 4.014683)
(4.75 5.75 3.939394)
(4.75 5.666667 4.015152)
(4.666667 5.75 4.015152)
(4.833333 5.75 4.015152)
(4.75 5.832818 4.014683)
(5.083333 5.75 3.939394)
(5.083333 5.666667 4.015152)
(5 5.75 4.015152)
(5.166667 5.75 4.015152)
(5.083333 5.832818 4.014683)
(5.416667 5.75 3.939394)
(5.416667 5.666667 4.015152)
(5.333333 5.75 4.015152)
(5.5 5.75 4.015152)
(5.416667 5.832818 4.014683)
(5.75 5.75 3.939394)
(5.75 5.666667 4.015152)
(5.666667 5.75 4.015152)
(5.832818 5.75 4.014683)
(5.75 5.832818 4.014683)
(5.974289 5.75 3.991778)
(5.972148 5.910033 3.989916)
(4.089967 5.972148 3.989916)
(4.25 5.974289 3.991778)
(4.416667 5.974289 3.991778)
(4.583333 5.974289 3.991778)
(4.75 5.974289 3.991778)
(4.916667 5.974289 3.991778)
(5.083333 5.974289 3.991778)
(5.25 5.974289 3.991778)
(5.416667 5.974289 3.991778)
(5.583333 5.974289 3.991778)
(5.75 5.974289 3.991778)
(5.910033 5.972148 3.989916)
(4.25 4.025711 3.735495)
(4.089028 4.006318 3.863636)
(4.25 4.00103 3.863636)
(4.583333 4.025711 3.735495)
(4.416667 4.00103 3.863636)
(4.583333 4.00103 3.863636)
(4.916667 4.025711 3.735495)
(4.75 4.00103 3.863636)
(4.916667 4.00103 3.863636)
(5.25 4.025711 3.735495)
(5.083333 4.00103 3.863636)
(5.25 4.00103 3.863636)
(5.583333 4.025711 3.735495)
(5.416667 4.00103 3.863636)
(5.583333 4.00103 3.863636)
(5.910033 4.027852 3.737356)
(5.75 4.00103 3.863636)
(5.910972 4.006318 3.863636)
(4.025711 4.25 3.735495)
(4.006318 4.089028 3.863636)
(4.00103 4.25 3.863636)
(4.25 4.167182 3.712589)
(4.25 4.083333 3.787879)
(4.167182 4.25 3.712589)
(4.083333 4.25 3.787879)
(4.25 4.25 3.787879)
(4.333333 4.25 3.712121)
(4.25 4.333333 3.712121)
(4.166667 4.083333 3.863636)
(4.083333 4.166667 3.863636)
(4.25 4.166667 3.863636)
(4.333333 4.083333 3.863636)
(4.25 4.083333 3.939394)
(4.166667 4.25 3.863636)
(4.083333 4.333333 3.863636)
(4.083333 4.25 3.939394)
(4.333333 4.25 3.863636)
(4.25 4.333333 3.863636)
(4.25 4.25 3.939394)
(4.583333 4.167182 3.712589)
(4.583333 4.083333 3.787879)
(4.5 4.25 3.712121)
(4.416667 4.25 3.787879)
(4.583333 4.25 3.787879)
(4.666667 4.25 3.712121)
(4.583333 4.333333 3.712121)
(4.5 4.083333 3.863636)
(4.416667 4.166667 3.863636)
(4.583333 4.166667 3.863636)
(4.666667 4.083333 3.863636)
(4.583333 4.083333 3.939394)
(4.5 4.25 3.863636)
(4.416667 4.333333 3.863636)
(4.416667 4.25 3.939394)
(4.666667 4.25 3.863636)
(4.583333 4.333333 3.863636)
(4.583333 4.25 3.939394)
(4.916667 4.167182 3.712589)
(4.916667 4.083333 3.787879)
(4.833333 4.25 3.712121)
(4.75 4.25 3.787879)
(4.916667 4.25 3.787879)
(5 4.25 3.712121)
(4.916667 4.333333 3.712121)
(4.833333 4.083333 3.863636)
(4.75 4.166667 3.863636)
(4.916667 4.166667 3.863636)
(5 4.083333 3.863636)
(4.916667 4.083333 3.939394)
(4.833333 4.25 3.863636)
(4.75 4.333333 3.863636)
(4.75 4.25 3.939394)
(5 4.25 3.863636)
(4.916667 4.333333 3.863636)
(4.916667 4.25 3.939394)
(5.25 4.167182 3.712589)
(5.25 4.083333 3.787879)
(5.166667 4.25 3.712121)
(5.083333 4.25 3.787879)
(5.25 4.25 3.787879)
(5.333333 4.25 3.712121)
(5.25 4.333333 3.712121)
(5.166667 4.083333 3.863636)
(5.083333 4.166667 3.863636)
(5.25 4.166667 3.863636)
(5.333333 4.083333 3.863636)
(5.25 4.083333 3.939394)
(5.166667 4.25 3.863636)
(5.083333 4.333333 3.863636)
(5.083333 4.25 3.939394)
(5.333333 4.25 3.863636)
(5.25 4.333333 3.863636)
(5.25 4.25 3.939394)
(5.583333 4.167182 3.712589)
(5.583333 4.083333 3.787879)
(5.5 4.25 3.712121)
(5.416667 4.25 3.787879)
(5.583333 4.25 3.787879)
(5.666667 4.25 3.712121)
(5.583333 4.333333 3.712121)
(5.5 4.083333 3.863636)
(5.416667 4.166667 3.863636)
(5.583333 4.166667 3.863636)
(5.666667 4.083333 3.863636)
(5.583333 4.083333 3.939394)
(5.5 4.25 3.863636)
(5.416667 4.333333 3.863636)
(5.416667 4.25 3.939394)
(5.666667 4.25 3.863636)
(5.583333 4.333333 3.863636)
(5.583333 4.25 3.939394)
(5.911114 4.167261 3.717442)
(5.916667 4.083333 3.787879)
(5.832818 4.25 3.712589)
(5.75 4.25 3.787879)
(5.916667 4.25 3.787879)
(5.974289 4.25 3.735495)
(5.911201 4.333333 3.71709)
(5.833333 4.083333 3.863636)
(5.75 4.166667 3.863636)
(5.916667 4.166667 3.863636)
(5.993682 4.089028 3.863636)
(5.916667 4.083333 3.939394)
(5.833333 4.25 3.863636)
(5.75 4.333333 3.863636)
(5.75 4.25 3.939394)
(5.99897 4.25 3.863636)
(5.916667 4.333333 3.863636)
(5.916667 4.25 3.939394)
(4.025711 4.583333 3.735495)
(4.00103 4.416667 3.863636)
(4.00103 4.583333 3.863636)
(4.25 4.5 3.712121)
(4.25 4.416667 3.787879)
(4.167182 4.583333 3.712589)
(4.083333 4.583333 3.787879)
(4.25 4.583333 3.787879)
(4.333333 4.583333 3.712121)
(4.25 4.666667 3.712121)
(4.166667 4.416667 3.863636)
(4.083333 4.5 3.863636)
(4.25 4.5 3.863636)
(4.333333 4.416667 3.863636)
(4.25 4.416667 3.939394)
(4.166667 4.583333 3.863636)
(4.083333 4.666667 3.863636)
(4.083333 4.583333 3.939394)
(4.333333 4.583333 3.863636)
(4.25 4.666667 3.863636)
(4.25 4.583333 3.939394)
(4.583333 4.5 3.712121)
(4.583333 4.416667 3.787879)
(4.5 4.583333 3.712121)
(4.416667 4.583333 3.787879)
(4.583333 4.583333 3.787879)
(4.666667 4.583333 3.712121)
(4.583333 4.666667 3.712121)
(4.5 4.416667 3.863636)
(4.416667 4.5 3.863636)
(4.583333 4.5 3.863636)
(4.666667 4.416667 3.863636)
(4.583333 4.416667 3.939394)
(4.5 4.583333 3.863636)
(4.416667 4.666667 3.863636)
(4.416667 4.583333 3.939394)
(4.666667 4.583333 3.863636)
(4.583333 4.666667 3.863636)
(4.583333 4.583333 3.939394)
(4.916667 4.5 3.712121)
(4.916667 4.416667 3.787879)
(4.833333 4.583333 3.712121)
(4.75 4.583333 3.787879)
(4.916667 4.583333 3.787879)
(5 4.583333 3.712121)
(4.916667 4.666667 3.712121)
(4.833333 4.416667 3.863636)
(4.75 4.5 3.863636)
(4.916667 4.5 3.863636)
(5 4.416667 3.863636)
(4.916667 4.416667 3.939394)
(4.833333 4.583333 3.863636)
(4.75 4.666667 3.863636)
(4.75 4.583333 3.939394)
(5 4.583333 3.863636)
(4.916667 4.666667 3.863636)
(4.916667 4.583333 3.939394)
(5.25 4.5 3.712121)
(5.25 4.416667 3.787879)
(5.166667 4.583333 3.712121)
(5.083333 4.583333 3.787879)
(5.25 4.583333 3.787879)
(5.333333 4.583333 3.712121)
(5.25 4.666667 3.712121)
(5.166667 4.416667 3.863636)
(5.083333 4.5 3.863636)
(5.25 4.5 3.863636)
(5.333333 4.416667 3.863636)
(5.25 4.416667 3.939394)
(5.166667 4.583333 3.863636)
(5.083333 4.666667 3.863636)
(5.083333 4.583333 3.939394)
(5.333333 4.583333 3.863636)
(5.25 4.666667 3.863636)
(5.25 4.583333 3.939394)
(5.583333 4.5 3.712121)
(5.583333 4.416667 3.787879)
(5.5 4.583333 3.712121)
(5.416667 4.583333 3.787879)
(5.583333 4.583333 3.787879)
(5.666667 4.583333 3.712121)
(5.583333 4.666667 3.712121)
(5.5 4.416667 3.863636)
(5.416667 4.5 3.863636)
(5.583333 4.5 3.863636)
(5.666667 4.416667 3.863636)
(5.583333 4.416667 3.939394)
(5.5 4.583333 3.863636)
(5.416667 4.666667 3.863636)
(5.416667 4.583333 3.939394)
(5.666667 4.583333 3.863636)
(5.583333 4.666667 3.863636)
(5.583333 4.583333 3.939394)
(5.911201 4.5 3.71709)
(5.916667 4.416667 3.787879)
(5.832818 4.583333 3.712589)
(5.75 4.583333 3.787879)
(5.916667 4.583333 3.787879)
(5.974289 4.583333 3.735495)
(5.911201 4.666667 3.71709)
(5.833333 4.416667 3.863636)
(5.75 4.5 3.863636)
(5.916667 4.5 3.863636)
(5.99897 4.416667 3.863636)
(5.916667 4.416667 3.939394)
(5.833333 4.583333 3.863636)
(5.75 4.666667 3.863636)
(5.75 4.583333 3.939394)
(5.99897 4.583333 3.863636)
(5.916667 4.666667 3.863636)
(5.916667 4.583333 3.939394)
(4.025711 4.916667 3.735495)
(4.00103 4.75 3.863636)
(4.00103 4.916667 3.863636)
(4.25 4.833333 3.712121)
(4.25 4.75 3.787879)
(4.167182 4.916667 3.712589)
(4.083333 4.916667 3.787879)
(4.25 4.916667 3.787879)
(4.333333 4.916667 3.712121)
(4.25 5 3.712121)
(4.166667 4.75 3.863636)
(4.083333 4.833333 3.863636)
(4.25 4.833333 3.863636)
(4.333333 4.75 3.863636)
(4.25 4.75 3.939394)
(4.166667 4.916667 3.863636)
(4.083333 5 3.863636)
(4.083333 4.916667 3.939394)
(4.333333 4.916667 3.863636)
(4.25 5 3.863636)
(4.25 4.916667 3.939394)
(4.583333 4.833333 3.712121)
(4.583333 4.75 3.787879)
(4.5 4.916667 3.712121)
(4.416667 4.916667 3.787879)
(4.583333 4.916667 3.787879)
(4.666667 4.916667 3.712121)
(4.583333 5 3.712121)
(4.5 4.75 3.863636)
(4.416667 4.833333 3.863636)
(4.583333 4.833333 3.863636)
(4.666667 4.75 3.863636)
(4.583333 4.75 3.939394)
(4.5 4.916667 3.863636)
(4.416667 5 3.863636)
(4.416667 4.916667 3.939394)
(4.666667 4.916667 3.863636)
(4.583333 5 3.863636)
(4.583333 4.916667 3.939394)
(4.916667 4.833333 3.712121)
(4.916667 4.75 3.787879)
(4.833333 4.916667 3.712121)
(4.75 4.916667 3.787879)
(4.916667 4.916667 3.787879)
(5 4.916667 3.712121)
(4.916667 5 3.712121)
(4.833333 4.75 3.863636)
(4.75 4.833333 3.863636)
(4.916667 4.833333 3.863636)
(5 4.75 3.863636)
(4.916667 4.75 3.939394)
(4.833333 4.916667 3.863636)
(4.75 5 3.863636)
(4.75 4.916667 3.939394)
(5 4.916667 3.863636)
(4.916667 5 3.863636)
(4.916667 4.916667 3.939394)
(5.25 4.833333 3.712121)
(5.25 4.75 3.787879)
(5.166667 4.916667 3.712121)
(5.083333 4.916667 3.787879)
(5.25 4.916667 3.787879)
(5.333333 4.916667 3.712121)
(5.25 5 3.712121)
(5.166667 4.75 3.863636)
(5.083333 4.833333 3.863636)
(5.25 4.833333 3.863636)
(5.333333 4.75 3.863636)
(5.25 4.75 3.939394)
(5.166667 4.916667 3.863636)
(5.083333 5 3.863636)
(5.083333 4.916667 3.939394)
(5.333333 4.916667 3.863636)
(5.25 5 3.863636)
(5.25 4.916667 3.939394)
(5.583333 4.833333 3.712121)
(5.583333 4.75 3.787879)
(5.5 4.916667 3.712121)
(5.416667 4.916667 3.787879)
(5.583333 4.916667 3.787879)
(5.666667 4.916667 3.712121)
(5.583333 5 3.712121)
(5.5 4.75 3.863636)
(5.416667 4.833333 3.863636)
(5.583333 4.833333 3.863636)
(5.666667 4.75 3.863636)
(5.583333 4.75 3.939394)
(5.5 4.916667 3.863636)
(5.416667 5 3.863636)
(5.416667 4.916667 3.939394)
(5.666667 4.916667 3.863636)
(5.583333 5 3.863636)
(5.583333 4.916667 3.939394)
(5.911201 4.833333 3.71709)
(5.916667 4.75 3.787879)
(5.832818 4.916667 3.712589)
(5.75 4.916667 3.787879)
(5.916667 4.916667 3.787879)
(5.974289 4.916667 3.735495)
(5.911201 5 3.71709)
(5.833333 4.75 3.863636)
(5.75 4.833333 3.863636)
(5.916667 4.833333 3.863636)
(5.99897 4.75 3.863636)
(5.916667 4.75 3.939394)
(5.833333 4.916667 3.863636)
(5.75 5 3.863636)
(5.75 4.916667 3.939394)
(5.99897 4.916667 3.863636)
(5.916667 5 3.863636)
(5.916667 4.916667 3.939394)
(4.025711 5.25 3.735495)
(4.00103 5.083333 3.863636)
(4.00103 5.25 3.863636)
(4.25 5.166667 3.712121)
(4.25 5.083333 3.787879)
(4.167182 5.25 3.712589)
(4.083333 5.25 3.787879)
(4.25 5.25 3.787879)
(4.333333 5.25 3.712121)
(4.25 5.333333 3.712121)
(4.166667 5.083333 3.863636)
(4.083333 5.166667 3.863636)
(4.25 5.166667 3.863636)
(4.333333 5.083333 3.863636)
(4.25 5.083333 3.939394)
(4.166667 5.25 3.863636)
(4.083333 5.333333 3.863636)
(4.083333 5.25 3.939394)
(4.333333 5.25 3.863636)
(4.25 5.333333 3.863636)
(4.25 5.25 3.939394)
(4.583333 5.166667 3.712121)
(4.583333 5.083333 3.787879)
(4.5 5.25 3.712121)
(4.416667 5.25 3.787879)
(4.583333 5.25 3.787879)
(4.666667 5.25 3.712121)
(4.583333 5.333333 3.712121)
(4.5 5.083333 3.863636)
(4.416667 5.166667 3.863636)
(4.583333 5.166667 3.863636)
(4.666667 5.083333 3.863636)
(4.583333 5.083333 3.939394)
(4.5 5.25 3.863636)
(4.416667 5.333333 3.863636)
(4.416667 5.25 3.939394)
(4.666667 5.25 3.863636)
(4.583333 5.333333 3.863636)
(4.583333 5.25 3.939394)
(4.916667 5.166667 3.712121)
(4.916667 5.083333 3.787879)
(4.833333 5.25 3.712121)
(4.75 5.25 3.787879)
(4.916667 5.25 3.787879)
(5 5.25 3.712121)
(4.916667 5.333333 3.712121)
(4.833333 5.083333 3.863636)
(4.75 5.166667 3.863636)
(4.916667 5.166667 3.863636)
(5 5.083333 3.863636)
(4.916667 5.083333 3.939394)
(4.833333 5.25 3.863636)
(4.75 5.333333 3.863636)
(4.75 5.25 3.939394)
(5 5.25 3.863636)
(4.916667 5.333333 3.863636)
(4.916667 5.25 3.939394)
(5.25 5.166667 3.712121)
(5.25 5.083333 3.787879)
(5.166667 5.25 3.712121)
(5.083333 5.25 3.787879)
(5.25 5.25 3.787879)
(5.333333 5.25 3.712121)
(5.25 5.333333 3.712121)
(5.166667 5.083333 3.863636)
(5.083333 5.166667 3.863636)
(5.25 5.166667 3.863636)
(5.333333 5.083333 3.863636)
(5.25 5.083333 3.939394)
(5.166667 5.25 3.863636)
(5.083333 5.333333 3.863636)
(5.083333 5.25 3.939394)
(5.333333 5.25 3.863636)
(5.25 5.333333 3.863636)
(5.25 5.25 3.939394)
(5.583333 5.166667 3.712121)
(5.583333 5.083333 3.787879)
(5.5 5.25 3.712121)
(5.416667 5.25 3.787879)
(5.583333 5.25 3.787879)
(5.666667 5.25 3.712121)
(5.583333 5.333333 3.712121)
(5.5 5.083333 3.863636)
(5.416667 5.166667 3.863636)
(5.583333 5.166667 3.863636)
(5.666667 5.083333 3.863636)
(5.583333 5.083333 3.939394)
(5.5 5.25 3.863636)
(5.416667 5.333333 3.863636)
(5.416667 5.25 3.939394)
(5.666667 5.25 3.863636)
(5.583333 5.333333 3.863636)
(5.583333 5.25 3.939394)
(5.911201 5.166667 3.71709)
(5.916667 5.083333 3.787879)
(5.832818 5.25 3.712589)
(5.75 5.25 3.787879)
(5.916667 5.25 3.787879)
(5.974289 5.25 3.735495)
(5.911201 5.333333 3.71709)
(5.833333 5.083333 3.863636)
(5.75 5.166667 3.863636)
(5.916667 5.166667 3.863636)
(5.99897 5.083333 3.863636)
(5.916667 5.083333 3.939394)
(5.833333 5.25 3.863636)
(5.75 5.333333 3.863636)
(5.75 5.25 3.939394)
(5.99897 5.25 3.863636)
(5.916667 5.333333 3.863636)
(5.916667 5.25 3.939394)
(4.025711 5.583333 3.735495)
(4.00103 5.416667 3.863636)
(4.00103 5.583333 3.863636)
(4.25 5.5 3.712121)
(4.25 5.416667 3.787879)
(4.167182 5.583333 3.712589)
(4.083333 5.583333 3.787879)
(4.25 5.583333 3.787879)
(4.333333 5.583333 3.712121)
(4.25 5.666667 3.712121)
(4.166667 5.416667 3.863636)
(4.083333 5.5 3.863636)
(4.25 5.5 3.863636)
(4.333333 5.416667 3.863636)
(4.25 5.416667 3.939394)
(4.166667 5.583333 3.863636)
(4.083333 5.666667 3.863636)
(4.083333 5.583333 3.939394)
(4.333333 5.583333 3.863636)
(4.25 5.666667 3.863636)
(4.25 5.583333 3.939394)
(4.583333 5.5 3.712121)
(4.583333 5.416667 3.787879)
(4.5 5.583333 3.712121)
(4.416667 5.583333 3.787879)
(4.583333 5.583333 3.787879)
(4.666667 5.583333 3.712121)
(4.583333 5.666667 3.712121)
(4.5 5.416667 3.863636)
(4.416667 5.5 3.863636)
(4.583333 5.5 3.863636)
(4.666667 5.416667 3.863636)
(4.583333 5.416667 3.939394)
(4.5 5.583333 3.863636)
(4.416667 5.666667 3.863636)
(4.416667 5.583333 3.939394)
(4.666667 5.583333 3.863636)
(4.583333 5.666667 3.863636)
(4.583333 5.583333 3.939394)
(4.916667 5.5 3.712121)
(4.916667 5.416667 3.787879)
(4.833333 5.583333 3.712121)
(4.75 5.583333 3.787879)
(4.916667 5.583333 3.787879)
(5 5.583333 3.712121)
(4.916667 5.666667 3.712121)
(4.833333 5.416667 3.863636)
(4.75 5.5 3.863636)
(4.916667 5.5 3.863636)
(5 5.416667 3.863636)
(4.916667 5.416667 3.939394)
(4.833333 5.583333 3.863636)
(4.75 5.666667 3.863636)
(4.75 5.583333 3.939394)
(5 5.583333 3.863636)
(4.916667 5.666667 3.863636)
(4.916667 5.583333 3.939394)
(5.25 5.5 3.712121)
(5.25 5.416667 3.787879)
(5.166667 5.583333 3.712121)
(5.083333 5.583333 3.787879)
(5.25 5.583333 3.787879)
(5.333333 5.583333 3.712121)
(5.25 5.666667 3.712121)
(5.166667 5.416667 3.863636)
(5.083333 5.5 3.863636)
(5.25 5.5 3.863636)
(5.333333 5.416667 3.863636)
(5.25 5.416667 3.939394)
(5.166667 5.583333 3.863636)
(5.083333 5.666667 3.863636)
(5.083333 5.583333 3.939394)
(5.333333 5.583333 3.863636)
(5.25 5.666667 3.863636)
(5.25 5.583333 3.939394)
(5.583333 5.5 3.712121)
(5.583333 5.416667 3.787879)
(5.5 5.583333 3.712121)
(5.416667 5.583333 3.787879)
(5.583333 5.583333 3.787879)
(5.666667 5.583333 3.712121)
(5.583333 5.666667 3.712121)
(5.5 5.416667 3.863636)
(5.416667 5.5 3.863636)
(5.583333 5.5 3.863636)
(5.666667 5.416667 3.863636)
(5.583333 5.416667 3.939394)
(5.5 5.583333 3.863636)
(5.416667 5.666667 3.863636)
(5.416667 5.583333 3.939394)
(5.666667 5.583333 3.863636)
(5.583333 5.666667 3.863636)
(5.583333 5.583333 3.939394)
(5.911201 5.5 3.71709)
(5.916667 5.416667 3.787879)
(5.832818 5.583333 3.712589)
(5.75 5.583333 3.787879)
(5.916667 5.583333 3.787879)
(5.974289 5.583333 3.735495)
(5.911201 5.666667 3.71709)
(5.833333 5.416667 3.863636)
(5.75 5.5 3.863636)
(5.916667 5.5 3.863636)
(5.99897 5.416667 3.863636)
(5.916667 5.416667 3.939394)
(5.833333 5.583333 3.863636)
(5.75 5.666667 3.863636)
(5.75 5.583333 3.939394)
(5.99897 5.583333 3.863636)
(5.916667 5.666667 3.863636)
(5.916667 5.583333 3.939394)
(4.027852 5.910033 3.737356)
(4.00103 5.75 3.863636)
(4.006318 5.910972 3.863636)
(4.25 5.832818 3.712589)
(4.25 5.75 3.787879)
(4.167261 5.911114 3.717442)
(4.083333 5.916667 3.787879)
(4.25 5.916667 3.787879)
(4.333333 5.911201 3.71709)
(4.25 5.974289 3.735495)
(4.166667 5.75 3.863636)
(4.083333 5.833333 3.863636)
(4.25 5.833333 3.863636)
(4.333333 5.75 3.863636)
(4.25 5.75 3.939394)
(4.166667 5.916667 3.863636)
(4.089028 5.993682 3.863636)
(4.083333 5.916667 3.939394)
(4.333333 5.916667 3.863636)
(4.25 5.99897 3.863636)
(4.25 5.916667 3.939394)
(4.583333 5.832818 3.712589)
(4.583333 5.75 3.787879)
(4.5 5.911201 3.71709)
(4.416667 5.916667 3.787879)
(4.583333 5.916667 3.787879)
(4.666667 5.911201 3.71709)
(4.583333 5.974289 3.735495)
(4.5 5.75 3.863636)
(4.416667 5.833333 3.863636)
(4.583333 5.833333 3.863636)
(4.666667 5.75 3.863636)
(4.583333 5.75 3.939394)
(4.5 5.916667 3.863636)
(4.416667 5.99897 3.863636)
(4.416667 5.916667 3.939394)
(4.666667 5.916667 3.863636)
(4.583333 5.99897 3.863636)
(4.583333 5.916667 3.939394)
(4.916667 5.832818 3.712589)
(4.916667 5.75 3.787879)
(4.833333 5.911201 3.71709)
(4.75 5.916667 3.787879)
(4.916667 5.916667 3.787879)
(5 5.911201 3.71709)
(4.916667 5.974289 3.735495)
(4.833333 5.75 3.863636)
(4.75 5.833333 3.863636)
(4.916667 5.833333 3.863636)
(5 5.75 3.863636)
(4.916667 5.75 3.939394)
(4.833333 5.916667 3.863636)
(4.75 5.99897 3.863636)
(4.75 5.916667 3.939394)
(5 5.916667 3.863636)
(4.916667 5.99897 3.863636)
(4.916667 5.916667 3.939394)
(5.25 5.832818 3.712589)
(5.25 5.75 3.787879)
(5.166667 5.911201 3.71709)
(5.083333 5.916667 3.787879)
(5.25 5.916667 3.787879)
(5.333333 5.911201 3.71709)
(5.25 5.974289 3.735495)
(5.166667 5.75 3.863636)
(5.083333 5.833333 3.863636)
(5.25 5.833333 3.863636)
(5.333333 5.75 3.863636)
(5.25 5.75 3.939394)
(5.166667 5.916667 3.863636)
(5.083333 5.99897 3.863636)
(5.083333 5.916667 3.939394)
(5.333333 5.916667 3.863636)
(5.25 5.99897 3.863636)
(5.25 5.916667 3.939394)
(5.583333 5.832818 3.712589)
(5.583333 5.75 3.787879)
(5.5 5.911201 3.71709)
(5.416667 5.916667 3.787879)
(5.583333 5.916667 3.787879)
(5.666667 5.911201 3.71709)
(5.583333 5.974289 3.735495)
(5.5 5.75 3.863636)
(5.416667 5.833333 3.863636)
(5.583333 5.833333 3.863636)
(5.666667 5.75 3.863636)
(5.583333 5.75 3.939394)
(5.5 5.916667 3.863636)
(5.416667 5.99897 3.863636)
(5.416667 5.916667 3.939394)
(5.666667 5.916667 3.863636)
(5.583333 5.99897 3.863636)
(5.583333 5.916667 3.939394)
(5.911114 5.832739 3.717442)
(5.916667 5.75 3.787879)
(5.832739 5.911114 3.717442)
(5.75 5.916667 3.787879)
(5.916667 5.916667 3.787879)
(5.972148 5.910033 3.737356)
(5.910033 5.972148 3.737356)
(5.833333 5.75 3.863636)
(5.75 5.833333 3.863636)
(5.916667 5.833333 3.863636)
(5.99897 5.75 3.863636)
(5.916667 5.75 3.939394)
(5.833333 5.916667 3.863636)
(5.75 5.99897 3.863636)
(5.75 5.916667 3.939394)
(5.993682 5.910972 3.863636)
(5.910972 5.993682 3.863636)
(5.916667 5.916667 3.939394)
(4.25 4.167182 4.014683)
(4.167182 4.25 4.014683)
(4.333333 4.25 4.015152)
(4.25 4.333333 4.015152)
(4.583333 4.167182 4.014683)
(4.5 4.25 4.015152)
(4.666667 4.25 4.015152)
(4.583333 4.333333 4.015152)
(4.916667 4.167182 4.014683)
(4.833333 4.25 4.015152)
(5 4.25 4.015152)
(4.916667 4.333333 4.015152)
(5.25 4.167182 4.014683)
(5.166667 4.25 4.015152)
(5.333333 4.25 4.015152)
(5.25 4.333333 4.015152)
(5.583333 4.167182 4.014683)
(5.5 4.25 4.015152)
(5.666667 4.25 4.015152)
(5.583333 4.333333 4.015152)
(5.911114 4.167261 4.009831)
(5.832818 4.25 4.014683)
(5.911201 4.333333 4.010183)
(4.25 4.5 4.015152)
(4.167182 4.583333 4.014683)
(4.333333 4.583333 4.015152)
(4.25 4.666667 4.015152)
(4.583333 4.5 4.015152)
(4.5 4.583333 4.015152)
(4.666667 4.583333 4.015152)
(4.583333 4.666667 4.015152)
(4.916667 4.5 4.015152)
(4.833333 4.583333 4.015152)
(5 4.583333 4.015152)
(4.916667 4.666667 4.015152)
(5.25 4.5 4.015152)
(5.166667 4.583333 4.015152)
(5.333333 4.583333 4.015152)
(5.25 4.666667 4.015152)
(5.583333 4.5 4.015152)
(5.5 4.583333 4.015152)
(5.666667 4.583333 4.015152)
(5.583333 4.666667 4.015152)
(5.911201 4.5 4.010183)
(5.832818 4.583333 4.014683)
(5.911201 4.666667 4.010183)
(4.25 4.833333 4.015152)
(4.167182 4.916667 4.014683)
(4.333333 4.916667 4.015152)
(4.25 5 4.015152)
(4.583333 4.833333 4.015152)
(4.5 4.916667 4.015152)
(4.666667 4.916667 4.015152)
(4.583333 5 4.015152)
(4.916667 4.833333 4.015152)
(4.833333 4.916667 4.015152)
(5 4.916667 4.015152)
(4.916667 5 4.015152)
(5.25 4.833333 4.015152)
(5.166667 4.916667 4.015152)
(5.333333 4.916667 4.015152)
(5.25 5 4.015152)
(5.583333 4.833333 4.015152)
(5.5 4.916667 4.015152)
(5.666667 4.916667 4.015152)
(5.583333 5 4.015152)
(5.911201 4.833333 4.010183)
(5.832818 4.916667 4.014683)
(5.911201 5 4.010183)
(4.25 5.166667 4.015152)
(4.167182 5.25 4.014683)
(4.333333 5.25 4.015152)
(4.25 5.333333 4.015152)
(4.583333 5.166667 4.015152)
(4.5 5.25 4.015152)
(4.666667 5.25 4.015152)
(4.583333 5.333333 4.015152)
(4.916667 5.166667 4.015152)
(4.833333 5.25 4.015152)
(5 5.25 4.015152)
(4.916667 5.333333 4.015152)
(5.25 5.166667 4.015152)
(5.166667 5.25 4.015152)
(5.333333 5.25 4.015152)
(5.25 5.333333 4.015152)
(5.583333 5.166667 4.015152)
(5.5 5.25 4.015152)
(5.666667 5.25 4.015152)
(5.583333 5.333333 4.015152)
(5.911201 5.166667 4.010183)
(5.832818 5.25 4.014683)
(5.911201 5.333333 4.010183)
(4.25 5.5 4.015152)
(4.167182 5.583333 4.014683)
(4.333333 5.583333 4.015152)
(4.25 5.666667 4.015152)
(4.583333 5.5 4.015152)
(4.5 5.583333 4.015152)
(4.666667 5.583333 4.015152)
(4.583333 5.666667 4.015152)
(4.916667 5.5 4.015152)
(4.833333 5.583333 4.015152)
(5 5.583333 4.015152)
(4.916667 5.666667 4.015152)
(5.25 5.5 4.015152)
(5.166667 5.583333 4.015152)
(5.333333 5.583333 4.015152)
(5.25 5.666667 4.015152)
(5.583333 5.5 4.015152)
(5.5 5.583333 4.015152)
(5.666667 5.583333 4.015152)
(5.583333 5.666667 4.015152)
(5.911201 5.5 4.010183)
(5.832818 5.583333 4.014683)
(5.911201 5.666667 4.010183)
(4.25 5.832818 4.014683)
(4.167261 5.911114 4.009831)
(4.333333 5.911201 4.010183)
(4.583333 5.832818 4.014683)
(4.5 5.911201 4.010183)
(4.666667 5.911201 4.010183)
(4.916667 5.832818 4.014683)
(4.833333 5.911201 4.010183)
(5 5.911201 4.010183)
(5.25 5.832818 4.014683)
(5.166667 5.911201 4.010183)
(5.333333 5.911201 4.010183)
(5.583333 5.832818 4.014683)
(5.5 5.911201 4.010183)
(5.666667 5.911201 4.010183)
(5.911114 5.832739 4.009831)
(5.832739 5.911114 4.009831)
)


// ************************************************************************* //
