/*--------------------------------*- C++ -*----------------------------------*\
| =========                 |                                                 |
| \\      /  F ield         | OpenFOAM: The Open Source CFD Toolbox           |
|  \\    /   O peration     | Version:  2506                                  |
|   \\  /    A nd           | Website:  www.openfoam.com                      |
|    \\/     M anipulation  |                                                 |
\*---------------------------------------------------------------------------*/
FoamFile
{
    version     2.0;
    format      ascii;
    arch        "LSB;label=32;scalar=64";
    class       volScalarField;
    location    "1000/air";
    object      qprimaryRad_0;
}
// * * * * * * * * * * * * * * * * * * * * * * * * * * * * * * * * * * * * * //

dimensions      [1 0 -3 0 0 0 0];

internalField   uniform 0;

boundaryField
{
    maxY
    {
        type            calculated;
        value           uniform 0;
    }
    minX
    {
        type            calculated;
        value           uniform 0;
    }
    maxX
    {
        type            calculated;
        value           uniform 0;
    }
    minY
    {
        type            calculated;
        value           uniform 0;
    }
    maxZ
    {
        type            calculated;
        value           uniform 0;
    }
    air_to_solid
    {
        type            calculated;
        value           nonuniform List<scalar> 
1536
(
0
0
0
0
0
0
0
0
0
0
0
0
0
0
0
0
0
0
0
0
0
0
0
0
0
0
0
0
0
0
0
0
0
0
0
0
9.734257
23.51951
21.50726
7.663593
17.97335
7.663593
17.97335
7.663593
17.97335
7.663593
17.97335
7.663593
17.97335
0
24.79306
23.06078
18.22896
18.22896
18.22896
18.22896
18.22896
0
24.79306
23.06078
18.22896
18.22896
18.22896
18.22896
18.22896
0
24.79306
23.06078
18.22896
18.22896
18.22896
18.22896
18.22896
0
24.79306
23.06078
18.22896
18.22896
18.22896
18.22896
18.22896
0
24.79306
23.06078
18.22896
18.22896
18.22896
18.22896
18.22896
0
6.510577
4.472529
4.472529
4.472529
4.472529
4.472529
7.793712
2.82853
2.82853
2.82853
2.82853
2.82853
2.82853
2.82853
2.82853
2.82853
2.82853
0
19.76051
20.95844
0
0
0
0
0
0
0
0
0
0
0
0
0
0
0
0
0
0
0
0
20.95844
20.95844
0
0
0
0
0
0
0
0
0
0
0
0
0
0
0
0
0
0
0
0
20.95844
20.95844
0
0
0
0
0
0
0
0
0
0
0
0
0
0
0
0
0
0
0
0
20.95844
20.95844
0
0
0
0
0
0
0
0
0
0
0
0
0
0
0
0
0
0
0
0
20.95844
20.95844
0
0
0
0
0
0
0
0
0
0
0
0
0
0
0
0
0
0
0
0
20.95844
18.75809
0
0
0
4.561992
0
0
0
0
0
0
0
0
0
0
0
0
0
0
0
0
0
0
0
0
0
0
0
0
0
0
0
0
7.663593
17.97335
24.79306
23.06078
18.22896
7.663593
17.97335
18.22896
18.22896
7.663593
17.97335
18.22896
18.22896
7.663593
17.97335
18.22896
18.22896
7.663593
17.97335
18.22896
18.22896
2.040066
14.35883
18.22896
0
11.93817
18.22896
24.79306
23.06078
18.22896
18.22896
18.22896
18.22896
18.22896
18.22896
18.22896
18.22896
18.22896
18.22896
18.22896
18.22896
18.22896
11.93817
18.22896
0
11.93817
18.22896
24.79306
23.06078
18.22896
18.22896
18.22896
18.22896
18.22896
18.22896
18.22896
18.22896
18.22896
18.22896
18.22896
18.22896
18.22896
11.93817
18.22896
0
11.93817
18.22896
24.79306
23.06078
18.22896
18.22896
18.22896
18.22896
18.22896
18.22896
18.22896
18.22896
18.22896
18.22896
18.22896
18.22896
18.22896
11.93817
18.22896
0
11.93817
18.22896
24.79306
23.06078
18.22896
18.22896
18.22896
18.22896
18.22896
18.22896
18.22896
18.22896
18.22896
18.22896
18.22896
18.22896
18.22896
11.93817
18.22896
0
11.93817
18.22896
22.8639
20.89815
4.472529
17.0256
18.22896
17.0256
4.472529
17.0256
18.22896
17.0256
4.472529
17.0256
18.22896
17.0256
4.472529
17.0256
18.22896
17.0256
4.472529
17.0256
11.93817
17.0256
0
0
13.74972
0
0
0
1.183611
14.96881
0
13.04452
0
0
0
0
0
0
0
0
0
0
0
0
0
0
0
0
0
0
0
0
0
0
0
0
0
0
0
0
0
0
12.65693
12.65693
0
0
0
0
0
0
0
0
0
0
0
0
0
0
0
0
0
0
0
0
12.65693
12.65693
0
0
0
0
0
0
0
0
0
0
0
0
0
0
0
0
0
0
0
0
12.65693
12.65693
0
0
0
0
0
0
0
0
0
0
0
0
0
0
0
0
0
0
0
0
12.65693
12.65693
0
0
0
0
0
0
0
0
0
0
0
0
0
0
0
0
0
0
0
0
12.65693
12.67496
0
0
0
0
0
0
0
0
0
0
0
0
0
0
0
0
0
0
0
0
0
0
0
0
0
0
0
0
0
19.27317
18.7262
8.214781
22.93314
24.69095
18.29597
17.97335
7.663593
18.29597
18.29597
17.97335
7.663593
18.29597
18.29597
17.97335
7.663593
18.29597
18.29597
17.97335
7.663593
18.29597
18.19897
17.90372
7.56655
18.29597
19.33714
19.33714
23.06078
24.79306
18.22896
18.22896
18.22896
18.22896
18.22896
18.22896
18.22896
18.22896
18.22896
18.22896
18.22896
18.22896
18.11621
18.11621
18.22896
19.33714
19.33714
23.06078
24.79306
18.22896
18.22896
18.22896
18.22896
18.22896
18.22896
18.22896
18.22896
18.22896
18.22896
18.22896
18.22896
18.11621
18.11621
18.22896
19.33714
19.33714
23.06078
24.79306
18.22896
18.22896
18.22896
18.22896
18.22896
18.22896
18.22896
18.22896
18.22896
18.22896
18.22896
18.22896
18.11621
18.11621
18.22896
19.33714
19.33714
23.06078
24.79306
18.22896
18.22896
18.22896
18.22896
18.22896
18.22896
18.22896
18.22896
18.22896
18.22896
18.22896
18.22896
18.11621
18.11621
18.22896
19.31786
19.33714
23.04177
24.77499
18.21908
18.22896
18.21908
18.21908
18.22896
18.21908
18.21908
18.22896
18.21908
18.21908
18.22896
18.21908
18.1092
18.11621
18.21908
0
0
7.202238
3.794429
1.787678
0.5488918
2.92335
0.6632934
0
0
0.5488918
2.82853
0.5488918
0.5488918
2.82853
0.5488918
0
0
0.5488918
2.82853
0.5488918
0.5488918
2.82853
0.5488918
0
0
0.5488918
2.82853
0.5488918
0.5488918
2.82853
0.5488918
0
0
0.5488918
2.82853
0.5488918
0.5488918
2.82853
0.5488918
0
0
0.5488918
2.714196
0.4541541
0
1.586007
0
12.65693
12.68851
19.16903
20.89407
18.88732
18.6788
20.95795
18.6979
0
0
0
0
0
0
0
0
0
0
0
0
0
0
0
0
0
0
0
0
0
0
0
0
0
0
0
0
0
0
0
0
0
0
0
0
0
0
0
0
0
0
0
0
0
0
0
0
0
0
0
0
0
0
0
0
0
0
0
0
0
0
12.65693
12.65693
18.6788
20.95844
18.6788
18.6788
20.95844
18.6788
0
0
0
0
0
0
0
0
0
0
0
0
0
0
0
0
0
0
0
0
0
0
0
0
0
0
0
0
0
0
0
0
0
0
0
0
0
0
0
0
0
0
0
0
0
0
0
0
0
0
0
0
0
0
0
0
0
0
0
0
0
0
12.65693
12.65693
18.6788
20.95844
18.6788
18.6788
20.95844
18.6788
0
0
0
0
0
0
0
0
0
0
0
0
0
0
0
0
0
0
0
0
0
0
0
0
0
0
0
0
0
0
0
0
0
0
0
0
0
0
0
0
0
0
0
0
0
0
0
0
0
0
0
0
0
0
0
0
0
0
0
0
0
0
12.65693
12.65693
18.6788
20.95844
18.6788
18.6788
20.95844
18.6788
0
0
0
0
0
0
0
0
0
0
0
0
0
0
0
0
0
0
0
0
0
0
0
0
0
0
0
0
0
0
0
0
0
0
0
0
0
0
0
0
0
0
0
0
0
0
0
0
0
0
0
0
0
0
0
0
0
0
0
0
0
0
12.65693
12.65693
18.6788
20.95844
18.6788
18.6788
20.95844
18.6788
0
0
0
0
0
0
0
0
0
0
0
0
0
0
0
0
0
0
0
0
0
0
0
0
0
0
0
0
0
0
0
0
0
0
0
0
0
0
0
0
0
0
0
0
0
0
0
0
0
0
0
0
0
0
0
0
0
0
0
0
0
0
14.31319
12.90995
18.6788
20.94013
18.68008
18.16662
20.7059
18.69915
0
0
0
0
0
0
0
0
0
0
0
3.970518
0.4207436
0
0
0
0
0
0
0
0
0
0
0
0
0
0
0
0
0
0
0
0
0
0
0
0
0
0
0
0
0
0
0
0
0
0
0
0
0
0
0
0
0
0
0
0
0
0
0
0
0
0
0
0
0
0
0
0
0
0
0
0
0
0
0
0
0
0
0
0
0
0
0
0
0
0
0
0
0
0
0
0
0
0
0
0
0
0
0
0
0
0
0
0
0
0
0
0
0
18.39178
18.04903
7.725702
18.29597
19.33429
23.05415
24.78855
19.33714
18.34759
18.23825
18.34112
18.29597
17.97335
7.663593
18.29597
18.23825
18.23825
18.22896
18.23825
18.23825
18.22896
18.29597
17.97335
7.663593
18.29597
18.23825
18.23825
18.22896
18.23825
18.23825
18.22896
18.29597
17.97335
7.663593
18.29597
18.23825
18.23825
18.22896
18.23825
18.23825
18.22896
18.29597
17.97335
7.663593
18.29597
18.23825
18.23825
18.22896
18.23825
18.23825
18.22896
17.2625
17.2798
6.635573
12.28914
0
18.12792
18.23825
18.11621
17.08089
11.96618
0
17.06084
18.34112
18.34112
18.22896
19.33714
23.06078
24.79306
19.33714
18.34112
18.22896
18.34112
18.22896
18.22896
18.22896
18.22896
18.22896
18.22896
18.22896
18.22896
18.22896
18.22896
18.22896
18.22896
18.22896
18.22896
18.22896
18.22896
18.22896
18.22896
18.22896
18.22896
18.22896
18.22896
18.22896
18.22896
18.22896
18.22896
18.22896
18.22896
18.22896
18.22896
18.22896
18.22896
18.22896
18.22896
18.22896
18.22896
17.06084
17.06084
11.93817
0
18.11621
18.22896
18.11621
17.06084
11.93817
0
17.06084
18.34112
18.34112
18.22896
19.33714
23.06078
24.79306
19.33714
18.34112
18.22896
18.34112
18.22896
18.22896
18.22896
18.22896
18.22896
18.22896
18.22896
18.22896
18.22896
18.22896
18.22896
18.22896
18.22896
18.22896
18.22896
18.22896
18.22896
18.22896
18.22896
18.22896
18.22896
18.22896
18.22896
18.22896
18.22896
18.22896
18.22896
18.22896
18.22896
18.22896
18.22896
18.22896
18.22896
18.22896
18.22896
18.22896
17.06084
17.06084
11.93817
0
18.11621
18.22896
18.11621
17.06084
11.93817
0
17.06084
18.34112
18.34112
18.22896
19.33714
23.06078
24.79306
19.33714
18.34112
18.22896
18.34112
18.22896
18.22896
18.22896
18.22896
18.22896
18.22896
18.22896
18.22896
18.22896
18.22896
18.22896
18.22896
18.22896
18.22896
18.22896
18.22896
18.22896
18.22896
18.22896
18.22896
18.22896
18.22896
18.22896
18.22896
18.22896
18.22896
18.22896
18.22896
18.22896
18.22896
18.22896
18.22896
18.22896
18.22896
18.22896
18.22896
17.06084
17.06084
11.93817
0
18.11621
18.22896
18.11621
17.06084
11.93817
0
17.06084
18.34112
18.34112
18.22896
19.33714
23.06078
24.79306
19.33714
18.34112
18.22896
18.34112
18.22896
18.22896
18.22896
18.22896
18.22896
18.22896
18.22896
18.22896
18.22896
18.22896
18.22896
18.22896
18.22896
18.22896
18.22896
18.22896
18.22896
18.22896
18.22896
18.22896
18.22896
18.22896
18.22896
18.22896
18.22896
18.22896
18.22896
18.22896
18.22896
18.22896
18.22896
18.22896
18.22896
18.22896
18.22896
18.22896
17.06084
17.06084
11.93817
0
18.11621
18.22896
18.11621
17.06084
11.93817
0
17.06084
18.32888
18.34112
18.21908
19.10184
22.8099
24.55639
17.81924
5.010858
18.19978
18.10201
17.10424
4.533487
18.21908
18.22896
18.21908
18.10201
18.10201
17.0256
4.472529
18.10201
18.10201
17.0256
4.472529
18.21908
18.22896
18.21908
18.10201
18.10201
17.0256
4.472529
18.10201
18.10201
17.0256
4.472529
18.21908
18.22896
18.21908
18.10201
18.10201
17.0256
4.472529
18.10201
18.10201
17.0256
4.472529
18.21908
18.22896
18.21908
18.10201
18.10201
17.0256
4.472529
18.10201
18.10201
17.0256
4.472529
17.06446
17.06084
11.9538
0
18.00697
18.10201
16.95893
4.374335
17.09118
12.16589
0
16.37284
3.431651
)
;
    }
    air_to_floor
    {
        type            calculated;
        value           nonuniform List<scalar> 
900
(
54.68687
54.68687
54.68687
54.68687
54.68687
54.68687
54.68687
54.68687
54.68687
54.68687
54.68687
54.68687
54.68687
54.68687
54.68687
54.68687
54.68687
54.68687
54.68687
54.68687
54.68687
54.68687
54.68687
54.68687
54.68687
54.68687
54.68687
54.68687
54.68687
54.68687
54.68687
54.68687
54.68687
54.68687
54.68687
54.68687
54.68687
54.68687
54.68687
54.68687
54.68687
54.68687
54.68687
54.68687
54.68687
54.68687
54.68687
54.68687
54.68687
54.68687
54.68687
54.68687
54.68687
54.68687
54.68687
54.68687
54.68687
54.68687
54.68687
54.68687
54.68687
54.68687
54.68687
54.68687
54.68687
54.68687
54.68687
54.68687
54.68687
54.68687
54.68687
54.68687
54.68687
54.68687
54.68687
54.68687
54.68687
54.68687
54.68687
54.68687
54.68687
54.68687
54.68687
54.68687
54.68687
54.68687
54.68687
54.68687
54.68687
54.68687
54.68687
54.68687
54.68687
54.68687
54.68687
54.68687
54.68687
54.68687
54.68687
54.68687
54.68687
54.68687
54.68687
54.68687
54.68687
54.68687
54.68687
54.68687
54.68687
54.68687
54.68687
54.68687
54.68687
54.68687
54.68687
54.68687
54.68687
54.68687
54.68687
54.68687
54.68687
54.68687
54.68687
54.68687
54.68687
54.68687
54.68687
54.68687
54.68687
54.68687
54.68687
54.68687
54.68687
54.68687
54.68687
54.68687
54.68687
54.68687
54.68687
54.68687
54.68687
54.68687
54.68687
54.68687
54.68687
54.68687
54.68687
54.68687
54.68687
54.68687
54.68687
54.68687
54.68687
54.68687
54.68687
54.68687
54.68687
54.68687
54.68687
54.68687
54.68687
54.68687
54.68687
54.68687
54.68687
54.68687
54.68687
54.68687
54.68687
54.68687
54.68687
54.68687
54.68687
54.68687
54.68687
54.68687
54.68687
54.68687
54.68687
54.68687
54.68687
54.68687
54.68687
54.68687
54.68687
54.68687
54.68687
54.68687
54.68687
54.68687
54.68687
54.68687
54.68687
54.68687
54.68687
54.68687
54.68687
54.68687
54.68687
54.68687
54.68687
54.68687
54.68687
54.68687
54.68687
54.68687
54.68687
54.68687
54.68687
54.68687
54.68687
54.68687
54.68687
54.68687
54.68687
54.68687
54.68687
54.68687
54.68687
54.68687
54.68687
54.68687
54.68687
54.68687
54.68687
54.68687
54.68687
54.68687
54.68687
54.68687
54.68687
54.68687
54.68687
54.68687
54.68687
54.68687
54.68687
54.68687
54.68687
54.68687
54.68687
54.68687
54.68687
54.68687
54.68687
54.68687
54.68687
54.68687
54.68687
54.68687
54.68687
54.68687
54.68687
54.68687
54.68687
54.68687
54.68687
54.68687
54.68687
54.68687
54.68687
54.68687
54.68687
54.68687
54.68687
54.68687
54.68687
54.68687
54.68687
54.68687
54.68687
54.68687
54.68687
54.68687
54.68687
54.68687
54.68687
54.68687
54.68687
54.68687
54.68687
54.68687
54.68687
54.68687
54.68687
54.68687
54.68687
54.68687
54.68687
54.68687
54.68687
54.68687
54.68687
54.68687
54.68687
54.68687
54.68687
54.68687
54.68687
54.68687
54.68687
54.68687
54.68687
54.68687
54.68687
54.68687
54.68687
54.68687
54.68687
54.68687
54.68687
54.68687
54.68687
54.68687
54.68687
54.68687
54.68687
54.68687
54.68687
54.68687
54.68687
54.68687
54.68687
54.68687
54.68687
54.68687
54.68687
54.68687
54.68687
54.68687
54.68687
54.68687
54.68687
54.68687
54.68687
54.68687
54.68687
54.68687
54.68687
54.68687
54.68687
54.68687
54.68687
54.68687
54.68687
54.68687
54.68687
54.68687
54.68687
54.68687
54.68687
54.68687
54.68687
54.68687
54.68687
54.68687
54.68687
54.68687
54.68687
54.68687
54.68687
54.68687
54.68687
54.68687
54.68687
54.68687
54.68687
54.68687
54.68687
54.68687
54.68687
54.68687
54.68687
54.68687
54.68687
54.68687
54.68687
54.68687
54.68687
54.68687
54.68687
54.68687
54.68687
54.68687
54.68687
54.68687
54.68687
54.68687
54.68687
54.68687
54.68687
54.68687
54.68687
54.68687
54.68687
54.68687
54.68687
54.68687
54.68687
54.68687
54.68687
54.68687
54.68687
54.68687
54.68687
54.68687
54.68687
54.68687
54.68687
54.68687
54.68687
54.68687
54.68687
54.68687
0
0
0
0
0
0
54.68687
54.68687
54.68687
54.68687
54.68687
54.68687
54.68687
54.68687
54.68687
54.68687
54.68687
54.68687
54.68687
54.68687
54.68687
54.68687
54.68687
54.68687
54.68687
54.68687
54.68687
54.68687
54.68687
54.68687
0
0
0
0
0
0
54.68687
54.68687
54.68687
54.68687
54.68687
54.68687
54.68687
54.68687
54.68687
54.68687
54.68687
54.68687
54.68687
54.68687
54.68687
54.68687
54.68687
54.68687
54.68687
54.68687
54.68687
54.68687
54.68687
54.68687
0
0
0
0
0
0
54.68687
54.68687
54.68687
54.68687
54.68687
54.68687
54.68687
54.68687
54.68687
54.68687
54.68687
54.68687
54.68687
54.68687
54.68687
54.68687
54.68687
54.68687
54.68687
54.68687
54.68687
54.68687
54.68687
54.68687
0
0
0
0
0
0
54.68687
54.68687
54.68687
54.68687
54.68687
54.68687
54.68687
54.68687
54.68687
54.68687
54.68687
54.68687
54.68687
54.68687
54.68687
54.68687
54.68687
54.68687
54.68687
54.68687
54.68687
54.68687
54.68687
54.68687
0
0
0
0
0
0
54.68687
54.68687
54.68687
54.68687
54.68687
54.68687
54.68687
54.68687
54.68687
54.68687
54.68687
54.68687
54.68687
54.68687
54.68687
54.68687
54.68687
54.68687
54.68687
54.68687
54.68687
54.68687
54.68687
54.68687
0
0
0
0
0
0
54.68687
54.68687
54.68687
54.68687
54.68687
54.68687
54.68687
54.68687
54.68687
54.68687
54.68687
54.68687
54.68687
54.68687
54.68687
54.68687
54.68687
54.68687
54.68687
54.68687
54.68687
54.68687
54.68687
54.68687
54.68687
54.68687
54.68687
54.68687
54.68687
54.68687
54.68687
54.68687
54.68687
54.68687
54.68687
54.68687
54.68687
54.68687
54.68687
54.68687
54.68687
54.68687
54.68687
54.68687
54.68687
54.68687
54.68687
54.68687
54.68687
54.68687
54.68687
54.68687
54.68687
54.68687
54.68687
54.68687
54.68687
54.68687
54.68687
54.68687
54.68687
54.68687
54.68687
54.68687
54.68687
54.68687
54.68687
54.68687
54.68687
54.68687
54.68687
54.68687
54.68687
54.68687
54.68687
54.68687
54.68687
54.68687
54.68687
54.68687
54.68687
54.68687
54.68687
54.68687
54.68687
54.68687
54.68687
54.68687
54.68687
54.68687
54.68687
54.68687
54.68687
54.68687
54.68687
54.68687
54.68687
54.68687
54.68687
54.68687
54.68687
54.68687
54.68687
54.68687
54.68687
54.68687
54.68687
54.68687
54.68687
54.68687
54.68687
54.68687
54.68687
54.68687
54.68687
54.68687
54.68687
54.68687
54.68687
54.68687
54.68687
54.68687
54.68687
54.68687
54.68687
54.68687
54.68687
54.68687
54.68687
54.68687
54.68687
54.68687
54.68687
54.68687
54.68687
54.68687
54.68687
54.68687
54.68687
54.68687
54.68687
54.68687
54.68687
54.68687
54.68687
54.68687
54.68687
54.68687
54.68687
54.68687
54.68687
54.68687
54.68687
54.68687
54.68687
54.68687
54.68687
54.68687
54.68687
54.68687
54.68687
54.68687
54.68687
54.68687
54.68687
54.68687
54.68687
54.68687
54.68687
54.68687
54.68687
54.68687
54.68687
54.68687
54.68687
54.68687
54.68687
54.68687
54.68687
54.68687
54.68687
54.68687
54.68687
54.68687
54.68687
54.68687
54.68687
54.68687
54.68687
54.68687
54.68687
54.68687
54.68687
54.68687
54.68687
54.68687
54.68687
54.68687
54.68687
54.68687
54.68687
54.68687
54.68687
54.68687
54.68687
54.68687
54.68687
54.68687
54.68687
54.68687
54.68687
54.68687
54.68687
54.68687
54.68687
54.68687
54.68687
54.68687
54.68687
54.68687
54.68687
54.68687
54.68687
54.68687
54.68687
54.68687
54.68687
54.68687
54.68687
54.68687
54.68687
54.68687
54.68687
54.68687
54.68687
54.68687
54.68687
54.68687
54.68687
54.68687
54.68687
54.68687
54.68687
54.68687
54.68687
54.68687
54.68687
54.68687
54.68687
54.68687
54.68687
54.68687
54.68687
54.68687
54.68687
54.68687
54.68687
54.68687
54.68687
54.68687
54.68687
54.68687
54.68687
54.68687
54.68687
54.68687
54.68687
54.68687
54.68687
54.68687
54.68687
54.68687
54.68687
54.68687
54.68687
54.68687
54.68687
54.68687
54.68687
54.68687
54.68687
54.68687
54.68687
54.68687
54.68687
54.68687
54.68687
54.68687
54.68687
54.68687
54.68687
54.68687
54.68687
54.68687
54.68687
54.68687
54.68687
54.68687
54.68687
54.68687
54.68687
54.68687
54.68687
54.68687
54.68687
54.68687
54.68687
54.68687
54.68687
54.68687
54.68687
54.68687
54.68687
54.68687
54.68687
54.68687
54.68687
54.68687
54.68687
54.68687
54.68687
54.68687
54.68687
54.68687
54.68687
54.68687
54.68687
54.68687
54.68687
54.68687
)
;
    }
}


// ************************************************************************* //
