/*--------------------------------*- C++ -*----------------------------------*\
| =========                 |                                                 |
| \\      /  F ield         | OpenFOAM: The Open Source CFD Toolbox           |
|  \\    /   O peration     | Version:  2506                                  |
|   \\  /    A nd           | Website:  www.openfoam.com                      |
|    \\/     M anipulation  |                                                 |
\*---------------------------------------------------------------------------*/
FoamFile
{
    version     2.0;
    format      ascii;
    arch        "LSB;label=32;scalar=64";
    class       volScalarField;
    location    "1000/floor";
    object      T;
}
// * * * * * * * * * * * * * * * * * * * * * * * * * * * * * * * * * * * * * //

dimensions      [0 0 0 1 0 0 0];

internalField   nonuniform List<scalar> 
2700
(
300.7395
300.7398
300.7401
300.7404
300.7406
300.7408
300.741
300.7412
300.7413
300.7414
300.7415
300.7416
300.7417
300.7417
300.7417
300.7417
300.7417
300.7417
300.7416
300.7415
300.7414
300.7413
300.7412
300.741
300.7408
300.7406
300.7403
300.7401
300.7398
300.7395
300.7398
300.7401
300.7404
300.7406
300.7409
300.7411
300.7413
300.7414
300.7416
300.7417
300.7418
300.7418
300.7419
300.7419
300.7419
300.7419
300.7419
300.7419
300.7418
300.7418
300.7417
300.7416
300.7414
300.7412
300.7411
300.7408
300.7406
300.7403
300.74
300.7398
300.7401
300.7404
300.7407
300.7409
300.7412
300.7414
300.7415
300.7417
300.7418
300.7419
300.742
300.7421
300.7421
300.7422
300.7422
300.7422
300.7422
300.7421
300.7421
300.742
300.7419
300.7418
300.7417
300.7415
300.7413
300.7411
300.7409
300.7406
300.7403
300.74
300.7404
300.7407
300.7409
300.7412
300.7414
300.7416
300.7418
300.7419
300.742
300.7421
300.7422
300.7423
300.7423
300.7424
300.7424
300.7424
300.7424
300.7423
300.7423
300.7422
300.7421
300.742
300.7419
300.7417
300.7416
300.7414
300.7411
300.7409
300.7406
300.7403
300.7406
300.7409
300.7412
300.7414
300.7416
300.7418
300.742
300.7421
300.7422
300.7423
300.7424
300.7425
300.7425
300.7425
300.7426
300.7426
300.7425
300.7425
300.7425
300.7424
300.7423
300.7422
300.7421
300.7419
300.7418
300.7416
300.7414
300.7411
300.7408
300.7406
300.7408
300.7411
300.7414
300.7416
300.7418
300.742
300.7422
300.7423
300.7424
300.7425
300.7426
300.7426
300.7427
300.7427
300.7427
300.7427
300.7427
300.7427
300.7426
300.7426
300.7425
300.7424
300.7423
300.7421
300.742
300.7418
300.7416
300.7413
300.741
300.7408
300.741
300.7413
300.7416
300.7418
300.742
300.7422
300.7423
300.7424
300.7425
300.7426
300.7427
300.7428
300.7428
300.7428
300.7428
300.7428
300.7428
300.7428
300.7428
300.7427
300.7426
300.7425
300.7424
300.7423
300.7421
300.7419
300.7417
300.7415
300.7412
300.741
300.7412
300.7415
300.7417
300.7419
300.7421
300.7423
300.7424
300.7426
300.7427
300.7428
300.7428
300.7429
300.7429
300.7429
300.743
300.743
300.7429
300.7429
300.7429
300.7428
300.7427
300.7427
300.7425
300.7424
300.7423
300.7421
300.7419
300.7416
300.7414
300.7411
300.7413
300.7416
300.7418
300.7421
300.7423
300.7424
300.7426
300.7427
300.7428
300.7429
300.7429
300.743
300.743
300.743
300.743
300.743
300.743
300.743
300.743
300.7429
300.7428
300.7428
300.7427
300.7425
300.7424
300.7422
300.742
300.7418
300.7415
300.7413
300.7415
300.7417
300.742
300.7422
300.7424
300.7425
300.7427
300.7428
300.7429
300.7429
300.743
300.743
300.7431
300.7431
300.7431
300.7431
300.7431
300.7431
300.7431
300.743
300.7429
300.7428
300.7427
300.7426
300.7425
300.7423
300.7421
300.7419
300.7416
300.7414
300.7416
300.7418
300.7421
300.7423
300.7424
300.7426
300.7427
300.7428
300.7429
300.743
300.7431
300.7431
300.7431
300.7432
300.7432
300.7432
300.7432
300.7432
300.7431
300.7431
300.743
300.7429
300.7428
300.7427
300.7425
300.7424
300.7422
300.742
300.7417
300.7415
300.7417
300.7419
300.7421
300.7423
300.7425
300.7427
300.7428
300.7429
300.743
300.7431
300.7431
300.7432
300.7432
300.7432
300.7432
300.7432
300.7432
300.7432
300.7432
300.7431
300.7431
300.743
300.7429
300.7427
300.7426
300.7424
300.7422
300.742
300.7418
300.7415
300.742
300.742
300.7422
300.7424
300.7426
300.7427
300.7428
300.7429
300.743
300.7431
300.7431
300.7432
300.7432
300.7432
300.7433
300.7433
300.7433
300.7432
300.7432
300.7432
300.7431
300.743
300.7429
300.7425
300.7423
300.7421
300.7419
300.7417
300.7415
300.7415
300.7439
300.7423
300.7422
300.7424
300.7426
300.7427
300.7429
300.743
300.743
300.7431
300.7432
300.7432
300.7432
300.7433
300.7433
300.7433
300.7433
300.7433
300.7432
300.7432
300.7431
300.743
300.7426
300.7404
300.7399
300.7397
300.7395
300.7393
300.7393
300.7409
300.7442
300.7423
300.7423
300.7424
300.7426
300.7427
300.7429
300.743
300.7431
300.7431
300.7432
300.7432
300.7433
300.7433
300.7433
300.7433
300.7433
300.7433
300.7432
300.7432
300.7431
300.743
300.7426
300.7401
300.7396
300.7394
300.7392
300.739
300.7388
300.7388
300.7442
300.7423
300.7423
300.7424
300.7426
300.7427
300.7429
300.743
300.7431
300.7431
300.7432
300.7432
300.7433
300.7433
300.7433
300.7433
300.7433
300.7433
300.7432
300.7432
300.7431
300.743
300.7426
300.7401
300.7395
300.7394
300.7392
300.739
300.7387
300.7385
300.7442
300.7423
300.7422
300.7424
300.7426
300.7427
300.7429
300.743
300.743
300.7431
300.7432
300.7432
300.7432
300.7433
300.7433
300.7433
300.7433
300.7433
300.7432
300.7432
300.7431
300.743
300.7426
300.74
300.7395
300.7393
300.7391
300.7389
300.7387
300.7385
300.7439
300.7422
300.7422
300.7424
300.7426
300.7427
300.7428
300.7429
300.743
300.7431
300.7431
300.7432
300.7432
300.7432
300.7433
300.7433
300.7433
300.7432
300.7432
300.7432
300.7431
300.743
300.7425
300.74
300.7395
300.7393
300.7391
300.7389
300.7387
300.7384
300.7419
300.7419
300.7421
300.7423
300.7425
300.7427
300.7428
300.7429
300.743
300.7431
300.7432
300.7432
300.7432
300.7432
300.7432
300.7432
300.7432
300.7432
300.7432
300.7431
300.743
300.7429
300.7425
300.7403
300.7398
300.7396
300.7394
300.7392
300.739
300.7387
300.7416
300.7418
300.7421
300.7423
300.7424
300.7426
300.7427
300.7428
300.7429
300.743
300.7431
300.7431
300.7431
300.7432
300.7432
300.7432
300.7432
300.7431
300.7431
300.7431
300.743
300.7429
300.7428
300.7424
300.7422
300.742
300.7418
300.7416
300.7414
300.7411
300.7415
300.7417
300.742
300.7422
300.7424
300.7425
300.7427
300.7428
300.7429
300.7429
300.743
300.743
300.7431
300.7431
300.7431
300.7431
300.7431
300.7431
300.7431
300.743
300.7429
300.7428
300.7427
300.7426
300.7424
300.7423
300.7421
300.7418
300.7416
300.7414
300.7413
300.7416
300.7418
300.7421
300.7423
300.7424
300.7426
300.7427
300.7428
300.7429
300.7429
300.743
300.743
300.743
300.743
300.743
300.743
300.743
300.743
300.7429
300.7428
300.7428
300.7426
300.7425
300.7424
300.7422
300.742
300.7418
300.7417
300.7413
300.7412
300.7415
300.7417
300.7419
300.7421
300.7423
300.7424
300.7426
300.7427
300.7428
300.7428
300.7429
300.7429
300.7429
300.743
300.743
300.7429
300.7429
300.7429
300.7428
300.7427
300.7427
300.7425
300.7424
300.7423
300.7421
300.7419
300.7419
300.7431
300.7414
300.741
300.7413
300.7416
300.7418
300.742
300.7422
300.7423
300.7424
300.7425
300.7426
300.7427
300.7428
300.7428
300.7428
300.7428
300.7428
300.7428
300.7428
300.7428
300.7427
300.7426
300.7425
300.7424
300.7423
300.7421
300.7419
300.7417
300.7415
300.7414
300.741
300.7408
300.7411
300.7414
300.7416
300.7418
300.742
300.7422
300.7423
300.7424
300.7425
300.7426
300.7426
300.7427
300.7427
300.7427
300.7427
300.7427
300.7427
300.7426
300.7426
300.7425
300.7424
300.7423
300.7421
300.742
300.7418
300.7415
300.7413
300.741
300.7408
300.7406
300.7409
300.7412
300.7414
300.7416
300.7418
300.742
300.7421
300.7422
300.7423
300.7424
300.7425
300.7425
300.7425
300.7426
300.7426
300.7425
300.7425
300.7425
300.7424
300.7423
300.7422
300.7421
300.7419
300.7418
300.7416
300.7413
300.7411
300.7408
300.7405
300.7404
300.7407
300.7409
300.7412
300.7414
300.7416
300.7418
300.7419
300.742
300.7421
300.7422
300.7423
300.7423
300.7424
300.7424
300.7424
300.7424
300.7423
300.7423
300.7422
300.7421
300.742
300.7419
300.7417
300.7416
300.7414
300.7411
300.7409
300.7406
300.7403
300.7401
300.7404
300.7407
300.7409
300.7412
300.7414
300.7415
300.7417
300.7418
300.7419
300.742
300.7421
300.7421
300.7422
300.7422
300.7422
300.7422
300.7421
300.7421
300.742
300.7419
300.7418
300.7417
300.7415
300.7413
300.7411
300.7409
300.7406
300.7403
300.74
300.7398
300.7401
300.7404
300.7406
300.7409
300.7411
300.7413
300.7414
300.7415
300.7417
300.7418
300.7418
300.7419
300.7419
300.7419
300.7419
300.7419
300.7419
300.7418
300.7418
300.7417
300.7415
300.7414
300.7412
300.741
300.7408
300.7406
300.7403
300.74
300.7397
300.7395
300.7398
300.7401
300.7404
300.7406
300.7408
300.741
300.7412
300.7413
300.7414
300.7415
300.7416
300.7416
300.7417
300.7417
300.7417
300.7417
300.7416
300.7416
300.7415
300.7414
300.7413
300.7412
300.741
300.7408
300.7406
300.7403
300.74
300.7397
300.7395
300.2321
300.2333
300.2345
300.2355
300.2365
300.2373
300.2381
300.2387
300.2393
300.2397
300.2401
300.2404
300.2407
300.2408
300.2409
300.2409
300.2408
300.2407
300.2404
300.2401
300.2397
300.2393
300.2387
300.238
300.2372
300.2364
300.2354
300.2343
300.2331
300.2319
300.2333
300.2345
300.2356
300.2367
300.2376
300.2384
300.2391
300.2398
300.2403
300.2407
300.2411
300.2414
300.2416
300.2417
300.2418
300.2418
300.2418
300.2416
300.2414
300.2411
300.2407
300.2403
300.2397
300.239
300.2383
300.2374
300.2365
300.2354
300.2342
300.233
300.2345
300.2356
300.2368
300.2378
300.2387
300.2395
300.2402
300.2408
300.2413
300.2417
300.2421
300.2423
300.2425
300.2427
300.2428
300.2428
300.2427
300.2426
300.2423
300.2421
300.2417
300.2413
300.2407
300.2401
300.2394
300.2385
300.2376
300.2365
300.2354
300.2342
300.2356
300.2367
300.2378
300.2388
300.2397
300.2405
300.2411
300.2417
300.2422
300.2426
300.2429
300.2432
300.2434
300.2435
300.2436
300.2436
300.2435
300.2434
300.2432
300.2429
300.2426
300.2421
300.2416
300.241
300.2403
300.2395
300.2386
300.2376
300.2364
300.2353
300.2365
300.2377
300.2388
300.2397
300.2406
300.2413
300.242
300.2425
300.243
300.2434
300.2437
300.2439
300.2441
300.2442
300.2443
300.2443
300.2442
300.2441
300.2439
300.2437
300.2433
300.2429
300.2424
300.2418
300.2411
300.2404
300.2395
300.2385
300.2374
300.2363
300.2374
300.2385
300.2396
300.2405
300.2413
300.2421
300.2427
300.2432
300.2436
300.244
300.2443
300.2445
300.2447
300.2448
300.2449
300.2449
300.2448
300.2447
300.2445
300.2443
300.244
300.2436
300.2431
300.2425
300.2419
300.2411
300.2402
300.2393
300.2382
300.2371
300.2382
300.2392
300.2403
300.2412
300.242
300.2427
300.2433
300.2438
300.2442
300.2446
300.2449
300.2451
300.2452
300.2454
300.2454
300.2454
300.2454
300.2453
300.2451
300.2448
300.2445
300.2442
300.2437
300.2431
300.2425
300.2418
300.2409
300.24
300.2389
300.2379
300.2388
300.2399
300.2409
300.2418
300.2426
300.2433
300.2438
300.2443
300.2447
300.2451
300.2453
300.2455
300.2457
300.2458
300.2458
300.2459
300.2458
300.2457
300.2455
300.2453
300.245
300.2447
300.2442
300.2437
300.2431
300.2423
300.2415
300.2406
300.2395
300.2385
300.2394
300.2404
300.2414
300.2423
300.2431
300.2437
300.2443
300.2447
300.2451
300.2455
300.2457
300.2459
300.2461
300.2462
300.2462
300.2462
300.2462
300.2461
300.2459
300.2457
300.2454
300.2451
300.2446
300.2441
300.2435
300.2428
300.242
300.2411
300.2401
300.2391
300.2399
300.2409
300.2419
300.2427
300.2435
300.2441
300.2446
300.2451
300.2455
300.2458
300.246
300.2462
300.2464
300.2465
300.2465
300.2465
300.2465
300.2464
300.2462
300.246
300.2457
300.2454
300.245
300.2445
300.2439
300.2432
300.2424
300.2415
300.2405
300.2395
300.2403
300.2413
300.2423
300.2431
300.2438
300.2444
300.2449
300.2454
300.2457
300.246
300.2463
300.2465
300.2466
300.2467
300.2467
300.2468
300.2467
300.2466
300.2465
300.2463
300.246
300.2457
300.2453
300.2448
300.2442
300.2435
300.2428
300.2419
300.2409
300.2399
300.2413
300.2416
300.2425
300.2434
300.2441
300.2447
300.2452
300.2456
300.246
300.2462
300.2465
300.2466
300.2468
300.2469
300.2469
300.2469
300.2469
300.2468
300.2467
300.2465
300.2462
300.2459
300.2455
300.2449
300.2444
300.2437
300.2429
300.2421
300.2411
300.2402
300.2418
300.2419
300.2428
300.2436
300.2443
300.2448
300.2453
300.2458
300.2461
300.2464
300.2466
300.2468
300.2469
300.247
300.2471
300.2471
300.247
300.247
300.2468
300.2466
300.2464
300.246
300.2455
300.2441
300.2434
300.2427
300.2419
300.2411
300.2403
300.2402
300.2502
300.243
300.243
300.2437
300.2444
300.245
300.2455
300.2459
300.2462
300.2465
300.2467
300.2469
300.247
300.2471
300.2471
300.2472
300.2471
300.247
300.2469
300.2467
300.2465
300.2461
300.2447
300.2357
300.2334
300.2326
300.2319
300.2311
300.231
300.2375
300.2512
300.2432
300.243
300.2438
300.2444
300.245
300.2455
300.2459
300.2463
300.2465
300.2468
300.2469
300.2471
300.2471
300.2472
300.2472
300.2472
300.2471
300.247
300.2468
300.2465
300.2461
300.2446
300.2347
300.2322
300.2315
300.2308
300.2299
300.2291
300.229
300.2513
300.2432
300.243
300.2438
300.2444
300.245
300.2455
300.2459
300.2463
300.2465
300.2468
300.2469
300.247
300.2471
300.2472
300.2472
300.2472
300.2471
300.247
300.2468
300.2465
300.2461
300.2446
300.2347
300.2322
300.2314
300.2307
300.2298
300.2289
300.228
300.2511
300.2431
300.243
300.2437
300.2444
300.245
300.2455
300.2459
300.2462
300.2465
300.2467
300.2469
300.247
300.2471
300.2471
300.2472
300.2471
300.247
300.2469
300.2467
300.2465
300.2461
300.2445
300.2346
300.2321
300.2313
300.2306
300.2298
300.2288
300.2278
300.25
300.2428
300.2428
300.2436
300.2443
300.2448
300.2453
300.2458
300.2461
300.2464
300.2466
300.2468
300.2469
300.247
300.2471
300.2471
300.247
300.2469
300.2468
300.2466
300.2464
300.246
300.2444
300.2346
300.2321
300.2313
300.2306
300.2297
300.2287
300.2278
300.2416
300.2417
300.2425
300.2434
300.2441
300.2447
300.2452
300.2456
300.246
300.2463
300.2474
300.2467
300.2468
300.2469
300.2469
300.2469
300.2469
300.2468
300.2467
300.2465
300.2462
300.2458
300.2444
300.2354
300.2331
300.2323
300.2316
300.2307
300.2297
300.2287
300.2403
300.2413
300.2422
300.2431
300.2438
300.2444
300.2449
300.2454
300.2457
300.246
300.2463
300.2465
300.2466
300.2467
300.2467
300.2467
300.2467
300.2466
300.2465
300.2463
300.246
300.2457
300.2451
300.2437
300.2429
300.2422
300.2415
300.2406
300.2396
300.2386
300.2399
300.2409
300.2419
300.2427
300.2435
300.2441
300.2446
300.2451
300.2455
300.2458
300.246
300.2462
300.2463
300.2464
300.2465
300.2465
300.2465
300.2464
300.2462
300.246
300.2457
300.2454
300.245
300.2444
300.2438
300.2431
300.2423
300.2415
300.2405
300.2394
300.2394
300.2404
300.2414
300.2423
300.2431
300.2437
300.2443
300.2447
300.2451
300.2454
300.2457
300.2459
300.246
300.2461
300.2462
300.2462
300.2462
300.2461
300.2459
300.2457
300.2454
300.2451
300.2446
300.2441
300.2435
300.2428
300.242
300.2412
300.2409
300.2392
300.2388
300.2399
300.2409
300.2418
300.2426
300.2432
300.2438
300.2443
300.2447
300.245
300.2453
300.2455
300.2457
300.2458
300.2458
300.2458
300.2458
300.2457
300.2455
300.2453
300.245
300.2446
300.2442
300.2437
300.243
300.2423
300.2416
300.2414
300.2469
300.2394
300.2381
300.2392
300.2403
300.2412
300.242
300.2427
300.2433
300.2438
300.2442
300.2446
300.2448
300.245
300.2452
300.2453
300.2454
300.2454
300.2453
300.2452
300.2451
300.2448
300.2445
300.2441
300.2437
300.2431
300.2425
300.2417
300.2409
300.2401
300.2397
300.238
300.2374
300.2385
300.2396
300.2405
300.2413
300.242
300.2426
300.2432
300.2436
300.244
300.2443
300.2445
300.2447
300.2448
300.2449
300.2449
300.2448
300.2447
300.2445
300.2443
300.2439
300.2436
300.2431
300.2425
300.2418
300.2411
300.2402
300.2393
300.2382
300.2371
300.2365
300.2376
300.2387
300.2397
300.2405
300.2413
300.2419
300.2425
300.2429
300.2433
300.2436
300.2439
300.2441
300.2442
300.2442
300.2443
300.2442
300.2441
300.2439
300.2436
300.2433
300.2429
300.2424
300.2418
300.2411
300.2403
300.2394
300.2384
300.2373
300.2362
300.2355
300.2367
300.2378
300.2388
300.2397
300.2404
300.2411
300.2417
300.2422
300.2426
300.2429
300.2431
300.2433
300.2435
300.2435
300.2435
300.2435
300.2433
300.2431
300.2429
300.2425
300.2421
300.2416
300.241
300.2403
300.2395
300.2385
300.2375
300.2364
300.2353
300.2344
300.2356
300.2367
300.2378
300.2387
300.2395
300.2402
300.2407
300.2413
300.2417
300.242
300.2423
300.2425
300.2426
300.2427
300.2427
300.2426
300.2425
300.2423
300.242
300.2417
300.2412
300.2407
300.24
300.2393
300.2385
300.2375
300.2365
300.2353
300.2342
300.2332
300.2344
300.2356
300.2366
300.2376
300.2384
300.2391
300.2397
300.2402
300.2407
300.2411
300.2413
300.2416
300.2417
300.2418
300.2418
300.2417
300.2416
300.2413
300.2411
300.2407
300.2402
300.2397
300.239
300.2382
300.2374
300.2364
300.2354
300.2342
300.233
300.2321
300.2333
300.2344
300.2355
300.2364
300.2373
300.238
300.2387
300.2392
300.2397
300.2401
300.2404
300.2406
300.2408
300.2408
300.2408
300.2408
300.2406
300.2404
300.2401
300.2397
300.2392
300.2386
300.238
300.2372
300.2363
300.2353
300.2342
300.233
300.2319
300.1361
300.1404
300.1445
300.1483
300.1516
300.1546
300.1572
300.1595
300.1614
300.1631
300.1644
300.1654
300.1662
300.1668
300.167
300.167
300.1668
300.1662
300.1654
300.1644
300.163
300.1613
300.1592
300.1569
300.1542
300.1511
300.1476
300.1437
300.1395
300.1352
300.1404
300.1446
300.1487
300.1524
300.1557
300.1585
300.1611
300.1632
300.1651
300.1667
300.1679
300.1689
300.1697
300.1702
300.1704
300.1704
300.1702
300.1697
300.1689
300.1679
300.1665
300.1649
300.1629
300.1606
300.158
300.155
300.1516
300.1478
300.1436
300.1394
300.1446
300.1488
300.1528
300.1564
300.1596
300.1623
300.1648
300.1669
300.1686
300.1701
300.1713
300.1723
300.173
300.1735
300.1737
300.1737
300.1735
300.173
300.1723
300.1713
300.17
300.1684
300.1665
300.1643
300.1617
300.1588
300.1555
300.1518
300.1477
300.1435
300.1484
300.1525
300.1565
300.16
300.163
300.1657
300.1681
300.1701
300.1718
300.1732
300.1743
300.1752
300.1759
300.1764
300.1766
300.1766
300.1764
300.1759
300.1752
300.1743
300.173
300.1715
300.1697
300.1675
300.1651
300.1622
300.159
300.1554
300.1514
300.1473
300.1519
300.1559
300.1597
300.1631
300.1661
300.1687
300.171
300.1729
300.1745
300.1759
300.177
300.1778
300.1784
300.1789
300.1791
300.1791
300.1789
300.1785
300.1778
300.1769
300.1757
300.1742
300.1725
300.1704
300.168
300.1652
300.1621
300.1586
300.1547
300.1507
300.1549
300.1589
300.1626
300.1659
300.1688
300.1713
300.1735
300.1753
300.1769
300.1782
300.1792
300.18
300.1806
300.181
300.1812
300.1812
300.181
300.1806
300.18
300.1791
300.178
300.1766
300.1749
300.1729
300.1706
300.1679
300.1649
300.1614
300.1576
300.1537
300.1576
300.1615
300.1652
300.1684
300.1712
300.1736
300.1757
300.1774
300.1789
300.1802
300.1811
300.1819
300.1825
300.1829
300.1831
300.1831
300.1829
300.1825
300.1819
300.181
300.18
300.1786
300.177
300.1751
300.1728
300.1702
300.1672
300.1639
300.1601
300.1563
300.16
300.1638
300.1673
300.1705
300.1732
300.1755
300.1776
300.1792
300.1807
300.1818
300.1828
300.1835
300.184
300.1844
300.1846
300.1846
300.1844
300.1841
300.1835
300.1827
300.1816
300.1804
300.1788
300.1769
300.1747
300.1722
300.1693
300.166
300.1624
300.1586
300.162
300.1657
300.1692
300.1723
300.1749
300.1772
300.1791
300.1808
300.1821
300.1832
300.1841
300.1848
300.1853
300.1857
300.1859
300.1859
300.1857
300.1854
300.1848
300.1841
300.183
300.1818
300.1803
300.1785
300.1763
300.1739
300.1711
300.1679
300.1643
300.1606
300.1637
300.1673
300.1708
300.1738
300.1764
300.1786
300.1804
300.182
300.1833
300.1844
300.1853
300.1859
300.1864
300.1868
300.1869
300.1869
300.1868
300.1864
300.1859
300.1852
300.1842
300.183
300.1815
300.1798
300.1777
300.1753
300.1725
300.1694
300.1659
300.1622
300.1652
300.1687
300.172
300.175
300.1775
300.1797
300.1815
300.183
300.1843
300.1853
300.1861
300.1868
300.1873
300.1876
300.1878
300.1878
300.1876
300.1873
300.1868
300.1861
300.1851
300.184
300.1825
300.1808
300.1788
300.1764
300.1737
300.1706
300.1671
300.1636
300.176
300.1699
300.173
300.1759
300.1784
300.1805
300.1823
300.1838
300.185
300.186
300.1868
300.1875
300.1879
300.1882
300.1884
300.1884
300.1883
300.188
300.1875
300.1868
300.1859
300.1847
300.1833
300.1814
300.1794
300.1771
300.1744
300.1714
300.168
300.1646
300.1699
300.1708
300.1738
300.1766
300.1791
300.1812
300.1829
300.1844
300.1856
300.1866
300.1873
300.1879
300.1884
300.1887
300.1889
300.1889
300.1888
300.1885
300.188
300.1873
300.1864
300.1852
300.1835
300.1793
300.1768
300.1745
300.1719
300.1689
300.1658
300.1646
300.2022
300.1738
300.1744
300.1771
300.1795
300.1816
300.1833
300.1848
300.1859
300.1869
300.1877
300.1883
300.1887
300.189
300.1892
300.1892
300.1891
300.1888
300.1883
300.1876
300.1867
300.1855
300.1814
300.1544
300.1395
300.1368
300.1342
300.1314
300.1304
300.1493
300.2051
300.1743
300.1747
300.1774
300.1798
300.1818
300.1835
300.1849
300.1861
300.1871
300.1878
300.1884
300.1889
300.1892
300.1893
300.1894
300.1892
300.1889
300.1885
300.1878
300.1869
300.1856
300.1812
300.1519
300.1365
300.1338
300.1312
300.1282
300.1252
300.1241
300.2053
300.1743
300.1747
300.1773
300.1797
300.1818
300.1835
300.1849
300.1861
300.1871
300.1878
300.1884
300.1889
300.1892
300.1893
300.1894
300.1892
300.1889
300.1885
300.1878
300.1869
300.1856
300.1812
300.1517
300.1363
300.1336
300.131
300.128
300.1247
300.1213
300.2048
300.1741
300.1745
300.1771
300.1795
300.1816
300.1833
300.1847
300.1859
300.1869
300.1877
300.1883
300.1887
300.189
300.1892
300.1892
300.1891
300.1888
300.1883
300.1876
300.1867
300.1854
300.181
300.1515
300.136
300.1334
300.1308
300.1278
300.1244
300.1209
300.2017
300.1732
300.1739
300.1766
300.1791
300.1812
300.1829
300.1844
300.1856
300.1866
300.1876
300.1879
300.1884
300.1887
300.1889
300.1889
300.1887
300.1885
300.188
300.1873
300.1864
300.1851
300.1806
300.1513
300.1358
300.1331
300.1305
300.1275
300.1241
300.1206
300.1688
300.17
300.1731
300.1759
300.1784
300.1805
300.1823
300.1838
300.185
300.1863
300.2001
300.1877
300.1879
300.1882
300.1884
300.1884
300.1883
300.188
300.1875
300.1868
300.1858
300.1845
300.1804
300.1534
300.1384
300.1357
300.133
300.13
300.1266
300.123
300.1652
300.1687
300.172
300.175
300.1775
300.1796
300.1815
300.183
300.1843
300.1853
300.1864
300.1868
300.1872
300.1876
300.1877
300.1877
300.1876
300.1873
300.1868
300.186
300.1851
300.1839
300.1822
300.1779
300.1753
300.1729
300.1702
300.1672
300.1637
300.1601
300.1636
300.1673
300.1707
300.1737
300.1763
300.1785
300.1804
300.182
300.1833
300.1844
300.1852
300.1859
300.1864
300.1867
300.1869
300.1869
300.1867
300.1864
300.1859
300.1851
300.1842
300.183
300.1815
300.1795
300.1774
300.175
300.1723
300.1692
300.1658
300.162
300.1619
300.1657
300.1692
300.1722
300.1749
300.1772
300.1791
300.1807
300.1821
300.1832
300.1841
300.1848
300.1853
300.1856
300.1858
300.1858
300.1857
300.1853
300.1848
300.184
300.183
300.1818
300.1802
300.1784
300.1763
300.1738
300.171
300.1681
300.1665
300.1608
300.1599
300.1637
300.1673
300.1704
300.1731
300.1755
300.1775
300.1792
300.1806
300.1818
300.1827
300.1834
300.184
300.1843
300.1845
300.1845
300.1844
300.184
300.1834
300.1826
300.1816
300.1803
300.1787
300.1768
300.1747
300.1721
300.1694
300.1683
300.192
300.161
300.1576
300.1614
300.1651
300.1683
300.1711
300.1735
300.1756
300.1774
300.1789
300.1801
300.1811
300.1818
300.1824
300.1828
300.183
300.183
300.1828
300.1824
300.1818
300.181
300.1799
300.1785
300.1769
300.175
300.1727
300.1701
300.1672
300.1641
300.1624
300.1565
300.1549
300.1588
300.1625
300.1658
300.1687
300.1712
300.1734
300.1752
300.1768
300.1781
300.1791
300.1799
300.1805
300.1809
300.1811
300.1811
300.1809
300.1805
300.1799
300.179
300.1779
300.1765
300.1748
300.1728
300.1705
300.1678
300.1648
300.1614
300.1576
300.1536
300.1518
300.1558
300.1596
300.163
300.166
300.1686
300.1709
300.1728
300.1744
300.1758
300.1768
300.1777
300.1783
300.1788
300.179
300.179
300.1788
300.1783
300.1777
300.1768
300.1756
300.1741
300.1724
300.1703
300.1679
300.1651
300.162
300.1585
300.1546
300.1506
300.1483
300.1524
300.1564
300.1598
300.1629
300.1656
300.1679
300.1699
300.1716
300.1731
300.1742
300.1751
300.1758
300.1762
300.1765
300.1765
300.1762
300.1758
300.1751
300.1741
300.1729
300.1714
300.1696
300.1674
300.1649
300.1621
300.1589
300.1553
300.1513
300.1472
300.1445
300.1487
300.1527
300.1563
300.1594
300.1622
300.1646
300.1667
300.1685
300.17
300.1712
300.1721
300.1728
300.1733
300.1736
300.1736
300.1733
300.1729
300.1721
300.1711
300.1698
300.1683
300.1664
300.1641
300.1616
300.1587
300.1553
300.1516
300.1476
300.1434
300.1402
300.1445
300.1486
300.1522
300.1555
300.1584
300.1609
300.1631
300.1649
300.1665
300.1678
300.1688
300.1695
300.17
300.1703
300.1703
300.17
300.1695
300.1688
300.1677
300.1664
300.1647
300.1628
300.1605
300.1578
300.1548
300.1514
300.1476
300.1435
300.1393
300.136
300.1403
300.1444
300.1481
300.1515
300.1544
300.157
300.1593
300.1612
300.1629
300.1642
300.1653
300.166
300.1666
300.1669
300.1669
300.1666
300.1661
300.1653
300.1642
300.1628
300.1611
300.1591
300.1567
300.154
300.1509
300.1474
300.1436
300.1393
300.1351
)
;

boundaryField
{
    fmaxY
    {
        type            zeroGradient;
    }
    fminX
    {
        type            zeroGradient;
    }
    fmaxX
    {
        type            zeroGradient;
    }
    fminY
    {
        type            zeroGradient;
    }
    fminZ
    {
        type            externalWallHeatFluxTemperature;
        mode            coefficient;
        kappaMethod     solidThermo;
        kappa           none;
        h               constant 1000000;
        Ta              uniform 313;
        thicknessLayers List<scalar> 2(1 2);
        kappaLayers     List<scalar> 2(100 200);
        qr              none;
        refValue        uniform 313;
        refGradient     uniform 0;
        valueFraction   nonuniform List<scalar> 
900
(
0.04950261
0.04950261
0.04950261
0.04950261
0.04950261
0.04950261
0.04950261
0.04950261
0.04950261
0.04950261
0.04950261
0.04950261
0.04950261
0.04950261
0.04950261
0.04950261
0.04950261
0.04950261
0.04950261
0.04950261
0.04950261
0.04950261
0.04950261
0.04950261
0.04950261
0.04950261
0.04950261
0.04950261
0.04950261
0.04950261
0.04950261
0.04950261
0.04950261
0.04950261
0.04950261
0.04950261
0.04950261
0.04950261
0.04950261
0.04950261
0.04950261
0.04950261
0.04950261
0.04950261
0.04950261
0.04950261
0.04950261
0.04950261
0.04950261
0.04950261
0.04950261
0.04950261
0.04950261
0.04950261
0.04950261
0.04950261
0.04950261
0.04950261
0.04950261
0.04950261
0.04950261
0.04950261
0.04950261
0.04950261
0.04950261
0.04950261
0.04950261
0.04950261
0.04950261
0.04950261
0.04950261
0.04950261
0.04950261
0.04950261
0.04950261
0.04950261
0.04950261
0.04950261
0.04950261
0.04950261
0.04950261
0.04950261
0.04950261
0.04950261
0.04950261
0.04950261
0.04950261
0.04950261
0.04950261
0.04950261
0.04950261
0.04950261
0.04950261
0.04950261
0.04950261
0.04950261
0.04950261
0.04950261
0.04950261
0.04950261
0.04950261
0.04950261
0.04950261
0.04950261
0.04950261
0.04950261
0.04950261
0.04950261
0.04950261
0.04950261
0.04950261
0.04950261
0.04950261
0.04950261
0.04950261
0.04950261
0.04950261
0.04950261
0.04950261
0.04950261
0.04950261
0.04950261
0.04950261
0.04950261
0.04950261
0.04950261
0.04950261
0.04950261
0.04950261
0.04950261
0.04950261
0.04950261
0.04950261
0.04950261
0.04950261
0.04950261
0.04950261
0.04950261
0.04950261
0.04950261
0.04950261
0.04950261
0.04950261
0.04950261
0.04950261
0.04950261
0.04950261
0.04950261
0.04950261
0.04950261
0.04950261
0.04950261
0.04950261
0.04950261
0.04950261
0.04950261
0.04950261
0.04950261
0.04950261
0.04950261
0.04950261
0.04950261
0.04950261
0.04950261
0.04950261
0.04950261
0.04950261
0.04950261
0.04950261
0.04950261
0.04950261
0.04950261
0.04950261
0.04950261
0.04950261
0.04950261
0.04950261
0.04950261
0.04950261
0.04950261
0.04950261
0.04950261
0.04950261
0.04950261
0.04950261
0.04950261
0.04950261
0.04950261
0.04950261
0.04950261
0.04950261
0.04950261
0.04950261
0.04950261
0.04950261
0.04950261
0.04950261
0.04950261
0.04950261
0.04950261
0.04950261
0.04950261
0.04950261
0.04950261
0.04950261
0.04950261
0.04950261
0.04950261
0.04950261
0.04950261
0.04950261
0.04950261
0.04950261
0.04950261
0.04950261
0.04950261
0.04950261
0.04950261
0.04950261
0.04950261
0.04950261
0.04950261
0.04950261
0.04950261
0.04950261
0.04950261
0.04950261
0.04950261
0.04950261
0.04950261
0.04950261
0.04950261
0.04950261
0.04950261
0.04950261
0.04950261
0.04950261
0.04950261
0.04950261
0.04950261
0.04950261
0.04950261
0.04950261
0.04950261
0.04950261
0.04950261
0.04950261
0.04950261
0.04950261
0.04950261
0.04950261
0.04950261
0.04950261
0.04950261
0.04950261
0.04950261
0.04950261
0.04950261
0.04950261
0.04950261
0.04950261
0.04950261
0.04950261
0.04950261
0.04950261
0.04950261
0.04950261
0.04950261
0.04950261
0.04950261
0.04950261
0.04950261
0.04950261
0.04950261
0.04950261
0.04950261
0.04950261
0.04950261
0.04950261
0.04950261
0.04950261
0.04950261
0.04950261
0.04950261
0.04950261
0.04950261
0.04950261
0.04950261
0.04950261
0.04950261
0.04950261
0.04950261
0.04950261
0.04950261
0.04950261
0.04950261
0.04950261
0.04950261
0.04950261
0.04950261
0.04950261
0.04950261
0.04950261
0.04950261
0.04950261
0.04950261
0.04950261
0.04950261
0.04950261
0.04950261
0.04950261
0.04950261
0.04950261
0.04950261
0.04950261
0.04950261
0.04950261
0.04950261
0.04950261
0.04950261
0.04950261
0.04950261
0.04950261
0.04950261
0.04950261
0.04950261
0.04950261
0.04950261
0.04950261
0.04950261
0.04950261
0.04950261
0.04950261
0.04950261
0.04950261
0.04950261
0.04950261
0.04950261
0.04950261
0.04950261
0.04950261
0.04950261
0.04950261
0.04950261
0.04950261
0.04950261
0.04950261
0.04950261
0.04950261
0.04950261
0.04950261
0.04950261
0.04950261
0.04950261
0.04950261
0.04950261
0.04950261
0.04950261
0.04950261
0.04950261
0.04950261
0.04950261
0.04950261
0.04950261
0.04950261
0.04950261
0.04950261
0.04950261
0.04950261
0.04950261
0.04950261
0.04950261
0.04950261
0.04950261
0.04950261
0.04950261
0.04950261
0.04950261
0.04950261
0.04950261
0.04950261
0.04950261
0.04950261
0.04950261
0.04950261
0.04950261
0.04950261
0.04950261
0.04950261
0.04950261
0.04950261
0.04950261
0.04950261
0.04950261
0.04950261
0.04950261
0.04950261
0.04950261
0.04950261
0.04950261
0.04950261
0.04950261
0.04950261
0.04950261
0.04950261
0.04950261
0.04950261
0.04950261
0.04950261
0.04950261
0.04950261
0.04950261
0.04950261
0.04950261
0.04950261
0.04950261
0.04950261
0.04950261
0.04950261
0.04950261
0.04950261
0.04950261
0.04950261
0.04950261
0.04950261
0.04950261
0.04950261
0.04950261
0.04950261
0.04950261
0.04950261
0.04950261
0.04950261
0.04950261
0.04950261
0.04950261
0.04950261
0.04950261
0.04950261
0.04950261
0.04950261
0.04950261
0.04950261
0.04950261
0.04950261
0.04950261
0.04950261
0.04950261
0.04950261
0.04950261
0.04950261
0.04950261
0.04950261
0.04950261
0.04950261
0.04950261
0.04950261
0.04950261
0.04950261
0.04950261
0.04950261
0.04950261
0.04950261
0.04950261
0.04950261
0.04950261
0.04950261
0.04950261
0.04950261
0.04950261
0.04950261
0.04950261
0.04950261
0.04950261
0.04950261
0.04950261
0.04950261
0.04950261
0.04950261
0.04950261
0.04950261
0.04950261
0.04950261
0.04950261
0.04950261
0.04950261
0.04950261
0.04950261
0.04950261
0.04950261
0.04950261
0.04950261
0.04950261
0.04950261
0.04950261
0.04950261
0.04950261
0.04950261
0.04950261
0.04950261
0.04950261
0.04950261
0.04950261
0.04950261
0.04950261
0.04950261
0.04950261
0.04950261
0.04950261
0.04950261
0.04950261
0.04950261
0.04950261
0.04950261
0.04950261
0.04950261
0.04950261
0.04950261
0.04950261
0.04950261
0.04950261
0.04950261
0.04950261
0.04950261
0.04950261
0.04950261
0.04950261
0.04950261
0.04950261
0.04950261
0.04950261
0.04950261
0.04950261
0.04950261
0.04950261
0.04950261
0.04950261
0.04950261
0.04950261
0.04950261
0.04950261
0.04950261
0.04950261
0.04950261
0.04950261
0.04950261
0.04950261
0.04950261
0.04950261
0.04950261
0.04950261
0.04950261
0.04950261
0.04950261
0.04950261
0.04950261
0.04950261
0.04950261
0.04950261
0.04950261
0.04950261
0.04950261
0.04950261
0.04950261
0.04950261
0.04950261
0.04950261
0.04950261
0.04950261
0.04950261
0.04950261
0.04950261
0.04950261
0.04950261
0.04950261
0.04950261
0.04950261
0.04950261
0.04950261
0.04950261
0.04950261
0.04950261
0.04950261
0.04950261
0.04950261
0.04950261
0.04950261
0.04950261
0.04950261
0.04950261
0.04950261
0.04950261
0.04950261
0.04950261
0.04950261
0.04950261
0.04950261
0.04950261
0.04950261
0.04950261
0.04950261
0.04950261
0.04950261
0.04950261
0.04950261
0.04950261
0.04950261
0.04950261
0.04950261
0.04950261
0.04950261
0.04950261
0.04950261
0.04950261
0.04950261
0.04950261
0.04950261
0.04950261
0.04950261
0.04950261
0.04950261
0.04950261
0.04950261
0.04950261
0.04950261
0.04950261
0.04950261
0.04950261
0.04950261
0.04950261
0.04950261
0.04950261
0.04950261
0.04950261
0.04950261
0.04950261
0.04950261
0.04950261
0.04950261
0.04950261
0.04950261
0.04950261
0.04950261
0.04950261
0.04950261
0.04950261
0.04950261
0.04950261
0.04950261
0.04950261
0.04950261
0.04950261
0.04950261
0.04950261
0.04950261
0.04950261
0.04950261
0.04950261
0.04950261
0.04950261
0.04950261
0.04950261
0.04950261
0.04950261
0.04950261
0.04950261
0.04950261
0.04950261
0.04950261
0.04950261
0.04950261
0.04950261
0.04950261
0.04950261
0.04950261
0.04950261
0.04950261
0.04950261
0.04950261
0.04950261
0.04950261
0.04950261
0.04950261
0.04950261
0.04950261
0.04950261
0.04950261
0.04950261
0.04950261
0.04950261
0.04950261
0.04950261
0.04950261
0.04950261
0.04950261
0.04950261
0.04950261
0.04950261
0.04950261
0.04950261
0.04950261
0.04950261
0.04950261
0.04950261
0.04950261
0.04950261
0.04950261
0.04950261
0.04950261
0.04950261
0.04950261
0.04950261
0.04950261
0.04950261
0.04950261
0.04950261
0.04950261
0.04950261
0.04950261
0.04950261
0.04950261
0.04950261
0.04950261
0.04950261
0.04950261
0.04950261
0.04950261
0.04950261
0.04950261
0.04950261
0.04950261
0.04950261
0.04950261
0.04950261
0.04950261
0.04950261
0.04950261
0.04950261
0.04950261
0.04950261
0.04950261
0.04950261
0.04950261
0.04950261
0.04950261
0.04950261
0.04950261
0.04950261
0.04950261
0.04950261
0.04950261
0.04950261
0.04950261
0.04950261
0.04950261
0.04950261
0.04950261
0.04950261
0.04950261
0.04950261
0.04950261
0.04950261
0.04950261
0.04950261
0.04950261
0.04950261
0.04950261
0.04950261
0.04950261
0.04950261
0.04950261
0.04950261
0.04950261
0.04950261
0.04950261
0.04950261
0.04950261
0.04950261
0.04950261
0.04950261
0.04950261
0.04950261
0.04950261
0.04950261
0.04950261
0.04950261
0.04950261
0.04950261
0.04950261
0.04950261
0.04950261
0.04950261
0.04950261
0.04950261
0.04950261
0.04950261
0.04950261
0.04950261
0.04950261
0.04950261
0.04950261
0.04950261
0.04950261
0.04950261
0.04950261
0.04950261
0.04950261
0.04950261
0.04950261
0.04950261
0.04950261
0.04950261
0.04950261
0.04950261
0.04950261
0.04950261
0.04950261
0.04950261
0.04950261
0.04950261
0.04950261
0.04950261
0.04950261
0.04950261
0.04950261
0.04950261
0.04950261
0.04950261
0.04950261
0.04950261
0.04950261
0.04950261
0.04950261
0.04950261
0.04950261
0.04950261
0.04950261
0.04950261
0.04950261
0.04950261
0.04950261
0.04950261
0.04950261
0.04950261
0.04950261
0.04950261
0.04950261
0.04950261
0.04950261
0.04950261
0.04950261
0.04950261
0.04950261
0.04950261
0.04950261
0.04950261
0.04950261
0.04950261
0.04950261
0.04950261
0.04950261
0.04950261
0.04950261
0.04950261
0.04950261
0.04950261
0.04950261
0.04950261
0.04950261
0.04950261
0.04950261
0.04950261
0.04950261
0.04950261
0.04950261
0.04950261
0.04950261
0.04950261
0.04950261
0.04950261
0.04950261
0.04950261
0.04950261
0.04950261
0.04950261
0.04950261
0.04950261
0.04950261
0.04950261
0.04950261
0.04950261
0.04950261
0.04950261
0.04950261
0.04950261
0.04950261
0.04950261
0.04950261
0.04950261
0.04950261
)
;
        value           nonuniform List<scalar> 
900
(
301.3464
301.3467
301.347
301.3473
301.3475
301.3477
301.3479
301.348
301.3482
301.3483
301.3484
301.3485
301.3488
301.3507
301.3509
301.3509
301.3509
301.3506
301.3487
301.3484
301.3483
301.3482
301.348
301.3479
301.3477
301.3475
301.3473
301.347
301.3467
301.3464
301.3467
301.347
301.3473
301.3475
301.3478
301.348
301.3481
301.3483
301.3484
301.3485
301.3486
301.3487
301.3488
301.3491
301.3491
301.3491
301.3491
301.349
301.3487
301.3486
301.3485
301.3484
301.3483
301.3481
301.348
301.3477
301.3475
301.3473
301.347
301.3467
301.347
301.3473
301.3475
301.3478
301.348
301.3482
301.3484
301.3485
301.3487
301.3488
301.3489
301.3489
301.349
301.349
301.349
301.349
301.349
301.349
301.3489
301.3489
301.3488
301.3487
301.3485
301.3484
301.3482
301.348
301.3478
301.3475
301.3473
301.347
301.3473
301.3475
301.3478
301.348
301.3482
301.3484
301.3486
301.3487
301.3489
301.349
301.3491
301.3491
301.3492
301.3492
301.3492
301.3492
301.3492
301.3492
301.3491
301.3491
301.349
301.3489
301.3487
301.3486
301.3484
301.3482
301.348
301.3478
301.3475
301.3472
301.3475
301.3477
301.348
301.3482
301.3485
301.3486
301.3488
301.3489
301.349
301.3491
301.3492
301.3493
301.3493
301.3494
301.3494
301.3494
301.3494
301.3493
301.3493
301.3492
301.3491
301.349
301.3489
301.3488
301.3486
301.3484
301.3482
301.348
301.3477
301.3475
301.3477
301.3479
301.3482
301.3484
301.3486
301.3488
301.349
301.3491
301.3492
301.3493
301.3494
301.3494
301.3495
301.3495
301.3495
301.3495
301.3495
301.3495
301.3494
301.3494
301.3493
301.3492
301.3491
301.349
301.3488
301.3486
301.3484
301.3482
301.3479
301.3477
301.3479
301.3481
301.3484
301.3486
301.3488
301.349
301.3491
301.3492
301.3493
301.3494
301.3495
301.3496
301.3496
301.3496
301.3496
301.3496
301.3496
301.3496
301.3495
301.3495
301.3494
301.3493
301.3492
301.3491
301.3489
301.3488
301.3486
301.3484
301.3481
301.3478
301.348
301.3483
301.3485
301.3487
301.3489
301.3491
301.3492
301.3493
301.3494
301.3495
301.3496
301.3497
301.3497
301.3497
301.3497
301.3497
301.3497
301.3497
301.3497
301.3496
301.3495
301.3494
301.3493
301.3492
301.3491
301.3489
301.3487
301.3485
301.3482
301.348
301.3481
301.3484
301.3486
301.3488
301.349
301.3492
301.3493
301.3494
301.3495
301.3496
301.3497
301.3497
301.3498
301.3498
301.3498
301.3498
301.3498
301.3498
301.3497
301.3497
301.3496
301.3495
301.3494
301.3493
301.3492
301.349
301.3488
301.3486
301.3484
301.3481
301.3483
301.3485
301.3487
301.3489
301.3491
301.3493
301.3494
301.3495
301.3496
301.3497
301.3498
301.3498
301.3498
301.3499
301.3499
301.3499
301.3499
301.3498
301.3498
301.3498
301.3497
301.3496
301.3495
301.3494
301.3493
301.3491
301.3489
301.3487
301.3485
301.3482
301.3484
301.3486
301.3488
301.349
301.3492
301.3493
301.3495
301.3496
301.3497
301.3498
301.3498
301.3499
301.3499
301.3499
301.3499
301.3499
301.3499
301.3499
301.3499
301.3498
301.3498
301.3497
301.3496
301.3495
301.3493
301.3492
301.349
301.3488
301.3486
301.3483
301.3484
301.3486
301.3489
301.3491
301.3492
301.3494
301.3495
301.3496
301.3497
301.3498
301.3499
301.3499
301.3499
301.35
301.35
301.35
301.35
301.3499
301.3499
301.3499
301.3498
301.3497
301.3496
301.3495
301.3494
301.3492
301.3491
301.3489
301.3486
301.3484
301.3485
301.3487
301.3489
301.3491
301.3493
301.3494
301.3496
301.3497
301.3498
301.3498
301.3499
301.3499
301.35
301.35
301.35
301.35
301.35
301.35
301.3499
301.3499
301.3498
301.3498
301.3497
301.3496
301.3494
301.3493
301.3491
301.3489
301.3487
301.3485
301.3485
301.3487
301.349
301.3492
301.3493
301.3495
301.3496
301.3497
301.3498
301.3499
301.3499
301.35
301.35
301.35
301.35
301.35
301.35
301.35
301.35
301.3499
301.3499
301.3498
301.3497
301.3496
301.3495
301.3493
301.3491
301.3489
301.3487
301.3485
301.3485
301.3488
301.349
301.3492
301.3493
301.3495
301.3496
301.3497
301.3498
301.3499
301.3499
301.35
301.35
301.35
301.35
301.35
301.35
301.35
301.35
301.3499
301.3499
301.3498
301.3497
301.3496
301.3495
301.3493
301.3492
301.349
301.3487
301.3485
301.3485
301.3488
301.349
301.3492
301.3493
301.3495
301.3496
301.3497
301.3498
301.3499
301.3499
301.35
301.35
301.35
301.35
301.35
301.35
301.35
301.35
301.3499
301.3499
301.3498
301.3497
301.3496
301.3495
301.3493
301.3492
301.349
301.3487
301.3485
301.3485
301.3487
301.349
301.3492
301.3493
301.3495
301.3496
301.3497
301.3498
301.3499
301.3499
301.35
301.35
301.35
301.35
301.35
301.35
301.35
301.35
301.3499
301.3499
301.3498
301.3497
301.3496
301.3495
301.3493
301.3491
301.3489
301.3487
301.3485
301.3485
301.3487
301.3489
301.3491
301.3493
301.3494
301.3496
301.3497
301.3498
301.3498
301.3499
301.3499
301.35
301.35
301.35
301.35
301.35
301.35
301.3499
301.3499
301.3498
301.3498
301.3497
301.3496
301.3494
301.3493
301.3491
301.3489
301.3487
301.3485
301.3484
301.3487
301.3489
301.3491
301.3493
301.3494
301.3495
301.3496
301.3497
301.3498
301.3499
301.3499
301.3499
301.35
301.35
301.35
301.35
301.3499
301.3499
301.3499
301.3498
301.3497
301.3496
301.3495
301.3494
301.3492
301.3491
301.3489
301.3486
301.3484
301.3484
301.3486
301.3488
301.349
301.3492
301.3493
301.3495
301.3496
301.3497
301.3498
301.3498
301.3499
301.3499
301.3499
301.3499
301.3499
301.3499
301.3499
301.3499
301.3498
301.3498
301.3497
301.3496
301.3495
301.3493
301.3492
301.349
301.3488
301.3486
301.3483
301.3483
301.3485
301.3487
301.3489
301.3491
301.3493
301.3494
301.3495
301.3496
301.3497
301.3498
301.3498
301.3498
301.3499
301.3499
301.3499
301.3499
301.3498
301.3498
301.3498
301.3497
301.3496
301.3495
301.3494
301.3493
301.3491
301.3489
301.3487
301.3485
301.3482
301.3481
301.3484
301.3486
301.3488
301.349
301.3492
301.3493
301.3494
301.3495
301.3496
301.3497
301.3497
301.3498
301.3498
301.3498
301.3498
301.3498
301.3497
301.3497
301.3497
301.3496
301.3495
301.3494
301.3493
301.3492
301.349
301.3488
301.3486
301.3484
301.3481
301.348
301.3482
301.3485
301.3487
301.3489
301.3491
301.3492
301.3493
301.3494
301.3495
301.3496
301.3496
301.3496
301.3494
301.3494
301.3494
301.3493
301.3493
301.3493
301.3495
301.3495
301.3494
301.3493
301.3492
301.3491
301.3489
301.3487
301.3485
301.3482
301.348
301.3478
301.3481
301.3483
301.3486
301.3488
301.3489
301.3491
301.3492
301.3493
301.3494
301.3495
301.3495
301.3493
301.3472
301.347
301.347
301.3469
301.3469
301.3472
301.3492
301.3494
301.3493
301.3492
301.3491
301.3489
301.3487
301.3485
301.3483
301.3481
301.3478
301.3477
301.3479
301.3482
301.3484
301.3486
301.3488
301.3489
301.349
301.3492
301.3492
301.3493
301.3494
301.3491
301.3468
301.3465
301.3465
301.3464
301.3464
301.3467
301.349
301.3492
301.3492
301.349
301.3489
301.3488
301.3486
301.3484
301.3482
301.3479
301.3477
301.3475
301.3477
301.348
301.3482
301.3484
301.3486
301.3487
301.3489
301.349
301.3491
301.3492
301.3492
301.3489
301.3466
301.3463
301.3463
301.3463
301.3463
301.3465
301.3488
301.3491
301.349
301.3489
301.3487
301.3486
301.3484
301.3482
301.348
301.3477
301.3474
301.3472
301.3475
301.3477
301.348
301.3482
301.3484
301.3485
301.3487
301.3488
301.3489
301.349
301.349
301.3487
301.3464
301.3461
301.3461
301.3461
301.3461
301.3464
301.3486
301.3489
301.3488
301.3487
301.3485
301.3484
301.3482
301.348
301.3477
301.3475
301.3472
301.347
301.3472
301.3475
301.3477
301.348
301.3481
301.3483
301.3485
301.3486
301.3487
301.3488
301.3488
301.3485
301.3463
301.3459
301.3459
301.3459
301.3459
301.3462
301.3484
301.3487
301.3486
301.3487
301.3483
301.3481
301.3479
301.3477
301.3475
301.3472
301.3469
301.3467
301.3469
301.3472
301.3475
301.3477
301.3479
301.3481
301.3482
301.3483
301.3484
301.3485
301.3486
301.3483
301.3463
301.3457
301.3457
301.3457
301.3456
301.3459
301.3482
301.3484
301.3486
301.3498
301.3483
301.3479
301.3477
301.3475
301.3472
301.3469
301.3467
301.3464
301.3467
301.3469
301.3472
301.3474
301.3476
301.3478
301.348
301.3481
301.3482
301.3483
301.3484
301.3484
301.3478
301.3458
301.3455
301.3454
301.3454
301.3457
301.348
301.3482
301.3481
301.3482
301.3478
301.3476
301.3474
301.3472
301.3469
301.3467
301.3464
)
;
    }
    floor_to_air
    {
        type            compressible::turbulentTemperatureRadCoupledMixed;
        refValue        nonuniform List<scalar> 
900
(
300.1064
300.1076
300.1094
300.1116
300.114
300.1167
300.1194
300.1222
300.1248
300.1275
300.13
300.1324
300.1346
300.1366
300.1384
300.1399
300.1411
300.142
300.1426
300.143
300.1431
300.1429
300.1426
300.1421
300.1415
300.1409
300.1402
300.1395
300.139
300.1385
300.1073
300.1085
300.1102
300.1124
300.1148
300.1174
300.1202
300.1229
300.1256
300.1283
300.1308
300.1332
300.1355
300.1375
300.1393
300.1408
300.142
300.1429
300.1435
300.1439
300.1439
300.1437
300.1434
300.1428
300.1422
300.1415
300.1408
300.1401
300.1395
300.1391
300.1087
300.1098
300.1115
300.1136
300.116
300.1186
300.1213
300.1241
300.1268
300.1295
300.1321
300.1346
300.1369
300.139
300.1408
300.1423
300.1436
300.1445
300.145
300.1453
300.1453
300.1451
300.1446
300.144
300.1433
300.1426
300.1418
300.1411
300.1404
300.14
300.1103
300.1113
300.113
300.115
300.1174
300.12
300.1228
300.1256
300.1284
300.1312
300.1339
300.1365
300.1388
300.141
300.1429
300.1445
300.1457
300.1466
300.1471
300.1473
300.1472
300.1468
300.1463
300.1455
300.1447
300.1439
300.1431
300.1423
300.1416
300.1411
300.1121
300.1131
300.1147
300.1167
300.1191
300.1217
300.1246
300.1274
300.1303
300.1332
300.1361
300.1388
300.1413
300.1435
300.1455
300.1471
300.1484
300.1492
300.1497
300.1498
300.1495
300.149
300.1483
300.1474
300.1465
300.1455
300.1446
300.1437
300.143
300.1424
300.114
300.115
300.1166
300.1186
300.1209
300.1236
300.1265
300.1295
300.1326
300.1356
300.1386
300.1415
300.1442
300.1466
300.1487
300.1504
300.1517
300.1525
300.1528
300.1528
300.1523
300.1516
300.1507
300.1497
300.1485
300.1474
300.1463
300.1453
300.1445
300.1439
300.116
300.1169
300.1185
300.1205
300.1229
300.1257
300.1287
300.1318
300.1351
300.1383
300.1416
300.1447
300.1477
300.1503
300.1526
300.1543
300.1556
300.1563
300.1566
300.1563
300.1557
300.1547
300.1535
300.1522
300.1508
300.1495
300.1483
300.1471
300.1462
300.1456
300.1179
300.1189
300.1204
300.1225
300.1249
300.1278
300.131
300.1343
300.1378
300.1413
300.1449
300.1483
300.1515
300.1543
300.1568
300.1586
300.1599
300.1606
300.1607
300.1602
300.1593
300.1581
300.1566
300.155
300.1534
300.1518
300.1503
300.1491
300.148
300.1473
300.1197
300.1207
300.1223
300.1244
300.127
300.1299
300.1333
300.1369
300.1406
300.1444
300.1483
300.152
300.1555
300.1587
300.1613
300.1633
300.1646
300.1652
300.1651
300.1644
300.1632
300.1616
300.1598
300.1579
300.156
300.1541
300.1525
300.151
300.1498
300.149
300.1215
300.1224
300.1241
300.1262
300.1289
300.132
300.1356
300.1394
300.1434
300.1476
300.1518
300.1559
300.1598
300.1632
300.1661
300.1683
300.1696
300.1701
300.1698
300.1688
300.1672
300.1653
300.1631
300.1608
300.1585
300.1564
300.1545
300.1529
300.1516
300.1507
300.123
300.124
300.1256
300.1278
300.1306
300.1339
300.1377
300.1418
300.1461
300.1506
300.1552
300.1597
300.164
300.1678
300.1709
300.1732
300.1746
300.175
300.1745
300.1732
300.1712
300.1688
300.1662
300.1636
300.161
300.1586
300.1564
300.1546
300.1532
300.1522
300.1248
300.1253
300.1269
300.1292
300.1321
300.1356
300.1395
300.1438
300.1485
300.1533
300.1583
300.1632
300.1679
300.172
300.1755
300.178
300.1794
300.1797
300.1789
300.1773
300.1749
300.1721
300.1691
300.166
300.1631
300.1604
300.158
300.156
300.1544
300.1534
300.1255
300.1263
300.1279
300.1303
300.1332
300.1369
300.141
300.1456
300.1504
300.1556
300.1609
300.1662
300.1712
300.1757
300.1794
300.1821
300.1836
300.1838
300.1828
300.1808
300.1781
300.1749
300.1715
300.1679
300.1645
300.1615
300.1588
300.1567
300.155
300.1541
300.1277
300.1271
300.1286
300.131
300.134
300.1378
300.1421
300.1467
300.1519
300.1573
300.1629
300.1684
300.1737
300.1785
300.1825
300.1853
300.1868
300.1869
300.1857
300.1835
300.1804
300.1769
300.173
300.1679
300.1634
300.16
300.1572
300.1549
300.1533
300.1531
300.1282
300.1274
300.1289
300.1313
300.1344
300.1382
300.1426
300.1473
300.1526
300.1581
300.1639
300.1696
300.1751
300.18
300.1841
300.187
300.1885
300.1886
300.1873
300.1849
300.1817
300.178
300.1738
300.1684
300.1636
300.16
300.1571
300.1547
300.153
300.152
300.1281
300.1273
300.1288
300.1312
300.1343
300.1382
300.1425
300.1473
300.1525
300.1581
300.1638
300.1696
300.1751
300.18
300.1841
300.187
300.1885
300.1886
300.1873
300.1849
300.1817
300.178
300.1738
300.1683
300.1635
300.1599
300.1569
300.1546
300.1528
300.1517
300.1275
300.1268
300.1283
300.1306
300.1337
300.1376
300.1418
300.1466
300.1517
300.1571
300.1628
300.1684
300.1737
300.1785
300.1824
300.1853
300.1868
300.1869
300.1857
300.1834
300.1804
300.1769
300.1728
300.1675
300.1628
300.1593
300.1564
300.1541
300.1524
300.1513
300.1264
300.1259
300.1274
300.1297
300.1327
300.1365
300.1407
300.1452
300.1502
300.1554
300.1609
300.1661
300.1712
300.1757
300.1794
300.1821
300.1836
300.1838
300.1828
300.1808
300.1781
300.1748
300.1711
300.166
300.1616
300.1583
300.1556
300.1534
300.1517
300.1506
300.1236
300.1244
300.1261
300.1285
300.1314
300.135
300.139
300.1434
300.1481
300.1531
300.1588
300.1632
300.1678
300.172
300.1754
300.1779
300.1794
300.1797
300.1789
300.1773
300.1749
300.172
300.1688
300.1643
300.1603
300.1572
300.1547
300.1527
300.1511
300.1501
300.1219
300.1229
300.1246
300.1269
300.1298
300.1332
300.1371
300.1412
300.1457
300.1503
300.155
300.1595
300.1638
300.1676
300.1708
300.1732
300.1746
300.175
300.1745
300.1732
300.1712
300.1688
300.1661
300.1632
300.1604
300.1579
300.1557
300.1538
300.1524
300.1514
300.1202
300.1212
300.1229
300.1252
300.1279
300.1312
300.1349
300.1388
300.1429
300.1472
300.1515
300.1556
300.1596
300.1631
300.166
300.1682
300.1696
300.1701
300.1698
300.1688
300.1672
300.1652
300.163
300.1607
300.1584
300.1562
300.1543
300.1526
300.1513
300.1505
300.1183
300.1194
300.121
300.1232
300.1259
300.129
300.1325
300.1362
300.14
300.144
300.1479
300.1517
300.1553
300.1585
300.1612
300.1632
300.1646
300.1652
300.1651
300.1644
300.1632
300.1616
300.1598
300.1578
300.1559
300.154
300.1524
300.1509
300.1499
300.1491
300.1164
300.1175
300.1191
300.1213
300.1239
300.1268
300.1302
300.1336
300.1372
300.1408
300.1444
300.1479
300.1512
300.1541
300.1566
300.1585
300.1599
300.1606
300.1607
300.1602
300.1593
300.1581
300.1566
300.155
300.1533
300.1518
300.1503
300.1492
300.1493
300.1478
300.1145
300.1155
300.1172
300.1193
300.1218
300.1247
300.1278
300.1311
300.1344
300.1378
300.1411
300.1444
300.1474
300.1501
300.1524
300.1542
300.1555
300.1563
300.1565
300.1563
300.1557
300.1547
300.1535
300.1522
300.1508
300.1495
300.1483
300.1472
300.1464
300.1457
300.1126
300.1136
300.1152
300.1174
300.1198
300.1226
300.1257
300.1288
300.1319
300.1351
300.1382
300.1411
300.1439
300.1464
300.1486
300.1503
300.1516
300.1524
300.1528
300.1527
300.1523
300.1516
300.1507
300.1497
300.1485
300.1474
300.1463
300.1454
300.1446
300.144
300.1108
300.1118
300.1134
300.1155
300.118
300.1207
300.1237
300.1267
300.1297
300.1327
300.1356
300.1384
300.141
300.1433
300.1453
300.147
300.1483
300.1491
300.1496
300.1497
300.1495
300.149
300.1483
300.1475
300.1465
300.1455
300.1446
300.1437
300.143
300.1424
300.1091
300.1101
300.1118
300.1139
300.1164
300.119
300.1219
300.1248
300.1277
300.1306
300.1334
300.136
300.1385
300.1407
300.1427
300.1443
300.1456
300.1465
300.147
300.1472
300.1472
300.1468
300.1463
300.1456
300.1448
300.1439
300.1431
300.1423
300.1416
300.1411
300.1076
300.1087
300.1104
300.1125
300.1149
300.1176
300.1205
300.1233
300.1261
300.1289
300.1316
300.1342
300.1366
300.1387
300.1406
300.1422
300.1434
300.1444
300.145
300.1453
300.1453
300.145
300.1446
300.144
300.1433
300.1426
300.1418
300.1411
300.1404
300.14
300.1065
300.1075
300.1092
300.1114
300.1138
300.1165
300.1193
300.1221
300.1249
300.1277
300.1303
300.1328
300.1351
300.1372
300.1391
300.1406
300.1419
300.1428
300.1435
300.1438
300.1439
300.1437
300.1434
300.1429
300.1422
300.1415
300.1408
300.1402
300.1395
300.1391
300.1057
300.1068
300.1085
300.1106
300.1131
300.1158
300.1186
300.1214
300.1242
300.1269
300.1295
300.132
300.1342
300.1363
300.1381
300.1397
300.1409
300.1419
300.1426
300.1429
300.143
300.1429
300.1426
300.1421
300.1415
300.1409
300.1402
300.1396
300.139
300.1385
)
;
        refGradient     nonuniform List<scalar> 
900
(
0.6673651
0.7121284
0.7526931
0.7891644
0.8216657
0.8503412
0.8753601
0.8969029
0.9154927
0.9310484
0.9434555
0.95302
0.960259
0.9651472
0.9675016
0.9671543
0.9642198
0.9587604
0.9506525
0.9398448
0.9260687
0.9091266
0.8889805
0.8656148
0.8387874
0.808344
0.7741389
0.7360431
0.6939434
0.6477406
0.7133988
0.7573664
0.7970757
0.8326552
0.8642539
0.8920394
0.9161998
0.936932
0.9547638
0.9696389
0.9814801
0.9905988
0.9974784
1.002108
1.004312
1.003957
1.001156
0.9959322
0.9881493
0.9777421
0.9644776
0.9481613
0.9287105
0.9060789
0.8800374
0.8504164
0.8170509
0.7797885
0.7384921
0.6930383
0.7552917
0.7984095
0.8372146
0.8718597
0.9025175
0.9293791
0.9526519
0.9725469
0.9895992
1.003772
1.015029
1.023686
1.030192
1.034558
1.036613
1.036255
1.033579
1.028597
1.02115
1.011158
0.9984212
0.9827484
0.9640135
0.9421398
0.9169129
0.8881482
0.8556614
0.8192772
0.7788351
0.7341879
0.7931453
0.8353823
0.8732583
0.906949
0.93665
0.9625751
0.9849502
1.004006
1.020268
1.033734
1.044401
1.052589
1.058719
1.06282
1.064728
1.064368
1.061813
1.057072
1.049964
1.040393
1.028187
1.01316
0.9951473
0.974035
0.949632
0.9217367
0.8901455
0.8546614
0.8151011
0.7712943
0.8270753
0.8684247
0.9053702
0.9381095
0.9668602
0.9918571
1.013344
1.031574
1.047053
1.059823
1.069908
1.077631
1.083389
1.08723
1.088999
1.088632
1.086196
1.081689
1.074912
1.065758
1.054074
1.039681
1.022379
1.002016
0.9784275
0.9513939
0.9206936
0.8861089
0.8474343
0.8044776
0.8572131
0.8976923
0.9337293
0.9655426
0.9933704
1.017468
1.038097
1.055527
1.07025
1.082349
1.09187
1.099141
1.104539
1.10813
1.109769
1.10939
1.107069
1.102784
1.096327
1.087574
1.076392
1.062607
1.045989
1.026348
1.003545
0.9773465
0.9475117
0.9138035
0.8759959
0.8338752
0.8837094
0.9233549
0.9585249
0.9894571
1.016409
1.039653
1.05947
1.076143
1.090155
1.101616
1.110607
1.117445
1.122504
1.125857
1.127376
1.126982
1.124769
1.120692
1.114534
1.106159
1.095449
1.082236
1.066258
1.047297
1.025237
0.999828
0.9708155
0.9379428
0.9009644
0.8596469
0.9067229
0.9455872
0.9799473
1.010061
1.036202
1.058657
1.077723
1.093695
1.107051
1.117921
1.126421
1.132859
1.137604
1.14074
1.142142
1.141733
1.13962
1.135735
1.129851
1.121821
1.111545
1.098855
1.083465
1.065131
1.043755
1.019075
0.9908228
0.9587266
0.9225257
0.8819641
0.9266199
0.9647501
0.9983517
1.027695
1.053071
1.074784
1.093145
1.108463
1.121211
1.131529
1.139571
1.145636
1.150089
1.153027
1.154318
1.153895
1.151873
1.148168
1.142539
1.134832
1.124961
1.112758
1.097914
1.080166
1.059434
1.035446
1.007914
0.9765523
0.9410798
0.9012289
0.9433652
0.9808365
1.013757
1.042412
1.067106
1.088158
1.10589
1.12062
1.132824
1.14265
1.150282
1.156014
1.160207
1.16297
1.164159
1.163724
1.161782
1.158237
1.152835
1.145414
1.135905
1.124135
1.109782
1.092559
1.072401
1.049026
1.022136
0.9914294
0.9566128
0.9174012
0.9569179
0.9938476
1.026205
1.054289
1.078416
1.098916
1.116124
1.130365
1.14211
1.151525
1.158808
1.164258
1.168232
1.170846
1.171948
1.171503
1.169623
1.166214
1.161003
1.153824
1.144616
1.133205
1.119258
1.102467
1.082784
1.059917
1.033558
1.003394
0.9691178
0.9304326
1.385605
1.004009
1.035924
1.063554
1.087227
1.107284
1.124067
1.137912
1.149286
1.158371
1.165366
1.170588
1.174387
1.176877
1.177908
1.177457
1.17563
1.172329
1.167272
1.160285
1.151313
1.140194
1.126571
1.110132
1.090831
1.06837
1.042435
1.012701
0.9788507
0.940575
0.9754032
1.011632
1.043193
1.070459
1.093771
1.113476
1.129924
1.143456
1.154539
1.163365
1.170134
1.175177
1.178843
1.181234
1.18221
1.181752
1.179964
1.176747
1.171815
1.16498
1.156196
1.145307
1.131948
1.115858
1.096869
1.074733
1.049137
1.019749
0.9862382
0.9482278
1.397064
1.016666
1.048038
1.07505
1.098108
1.117568
1.133781
1.147097
1.157978
1.166626
1.173239
1.178156
1.181727
1.184048
1.184983
1.184521
1.18276
1.179603
1.174759
1.168032
1.159381
1.148658
1.135552
1.121583
0.6594672
0.6375646
0.6122074
0.5830627
0.5497325
0.5101182
1.399709
1.019236
1.050477
1.077352
1.100279
1.119612
1.135707
1.148909
1.159682
1.168235
1.174768
1.179617
1.183138
1.185423
1.186338
1.185873
1.184126
1.180999
1.176201
1.169529
1.160947
1.150312
1.137309
1.123518
0.6615224
0.6397399
0.6145088
0.5854993
0.5523696
0.5147409
1.399696
1.019227
1.050469
1.077345
1.100272
1.119606
1.1357
1.148902
1.159674
1.168228
1.17476
1.179609
1.18313
1.185414
1.186329
1.185863
1.184115
1.180988
1.176188
1.169515
1.160933
1.150297
1.137294
1.123507
0.6615117
0.6397292
0.6144982
0.585489
0.5523664
0.5148077
1.396966
1.016636
1.048015
1.075028
1.098087
1.117547
1.133761
1.147078
1.157958
1.166605
1.173217
1.178133
1.181703
1.184022
1.184955
1.184491
1.182728
1.179569
1.174723
1.167993
1.159341
1.148616
1.135517
1.121625
0.6595177
0.6376154
0.6122587
0.5831184
0.5498626
0.512169
1.391671
1.011522
1.04315
1.07042
1.093733
1.113438
1.129886
1.143419
1.154501
1.163327
1.170094
1.175139
1.178802
1.18119
1.182163
1.181702
1.179911
1.176692
1.171756
1.164917
1.15613
1.145242
1.131961
1.117871
0.6555503
0.6334205
0.6078247
0.5784385
0.544936
0.5070005
0.9673693
1.003941
1.03586
1.06349
1.087163
1.10722
1.124002
1.137847
1.149221
1.158303
1.749303
1.170518
1.174318
1.176805
1.177834
1.177379
1.175548
1.172243
1.167181
1.160188
1.151213
1.140093
1.126549
1.112109
0.6494764
0.6270221
0.6010876
0.5713556
0.5375081
0.4992387
0.9568011
0.9937305
1.026086
1.054169
1.078294
1.098792
1.115998
1.130237
1.141981
1.151394
1.158673
1.164123
1.168095
1.170706
1.171804
1.171355
1.169472
1.16606
1.160843
1.153658
1.144446
1.133033
1.119091
1.102377
1.082704
1.059839
1.033483
1.003322
0.96905
0.9303696
0.9431889
0.9806561
1.013572
1.042223
1.066913
1.087961
1.105689
1.120416
1.132616
1.142439
1.150068
1.155795
1.159985
1.162745
1.16393
1.163491
1.161545
1.157998
1.152592
1.145167
1.135654
1.123882
1.109529
1.092309
1.072154
1.048782
1.021896
0.9911951
0.9563817
0.9171798
0.9263809
0.9645046
0.9980997
1.027436
1.052805
1.074512
1.092867
1.108178
1.12092
1.131233
1.13927
1.145329
1.149778
1.152713
1.154
1.153573
1.151549
1.14784
1.142208
1.134498
1.124626
1.112422
1.097579
1.079834
1.059106
1.035123
1.007597
0.9762365
0.9407112
0.9009298
0.9064075
0.9452624
0.979613
1.009717
1.035848
1.058294
1.07735
1.093312
1.10666
1.117522
1.126015
1.132446
1.137185
1.140317
1.141716
1.141303
1.139187
1.1353
1.129414
1.121383
1.111108
1.09842
1.083033
1.064704
1.043334
1.018663
0.9904168
0.9582664
1.338517
0.8815224
0.8832966
0.9229287
0.9580853
0.9890038
1.015942
1.039172
1.058976
1.075635
1.089635
1.101085
1.110066
1.116895
1.121947
1.125295
1.12681
1.126412
1.124198
1.120121
1.113963
1.105589
1.094883
1.081674
1.065702
1.04675
1.0247
0.9993031
0.9703032
0.9374381
0.9004131
0.8591716
0.856703
0.897165
0.9331846
0.9649804
0.9927906
1.01687
1.037482
1.054895
1.069603
1.081688
1.091197
1.098456
1.103846
1.10743
1.109066
1.108684
1.106362
1.102077
1.095622
1.086874
1.075698
1.06192
1.045311
1.025683
1.002894
0.9767103
0.9468919
0.9132007
0.8754082
0.833309
0.8264694
0.8677981
0.9047225
0.9374406
0.9661699
0.9911456
1.012612
1.030821
1.046282
1.059036
1.069106
1.076815
1.082563
1.086398
1.088163
1.087794
1.085357
1.080852
1.07408
1.064932
1.053256
1.038874
1.021584
1.001236
0.9776646
0.9506496
0.9199689
0.8854048
0.8467514
0.8038166
0.7924467
0.8346593
0.8725107
0.9061767
0.9358531
0.9617535
0.9841045
1.003137
1.019378
1.032825
1.043475
1.051648
1.057767
1.061861
1.063765
1.063403
1.060849
1.056111
1.049008
1.039446
1.027251
1.012237
0.9942395
0.9731453
0.9487623
0.9208885
0.88932
0.8538596
0.8143237
0.7705418
0.7545039
0.7975941
0.8363715
0.8709887
0.9016187
0.9284528
0.9516986
0.9715676
0.988597
1.002749
1.013987
1.022628
1.029122
1.03348
1.035531
1.035172
1.032496
1.027518
1.020079
1.010098
0.9973741
0.9817169
0.962999
0.9411459
0.9159417
0.8872014
0.8547401
0.8183824
0.7779675
0.7333482
0.7125263
0.7564632
0.796142
0.8316908
0.863259
0.8910143
0.9151453
0.9358495
0.9536565
0.968509
0.9803298
0.9894311
0.996298
1.00092
1.00312
1.002763
0.999963
0.9947449
0.9869708
0.9765757
0.9633264
0.9470278
0.9275963
0.9049874
0.878971
0.8493768
0.8160394
0.7788061
0.7375395
0.6921161
0.6664128
0.7111419
0.7516752
0.7881121
0.8205815
0.8492239
0.8742116
0.8957247
0.9142882
0.929819
0.9422051
0.9517516
0.9589772
0.9638572
0.9662072
0.9658584
0.9629261
0.9574728
0.9493748
0.9385806
0.9248213
0.9078986
0.8877738
0.8644326
0.8376324
0.807218
0.7730432
0.7349788
0.6929113
0.6467412
)
;
        valueFraction   nonuniform List<scalar> 
900
(
0.007331824
0.007342806
0.007374085
0.007417395
0.007464341
0.007509898
0.007550994
0.007586767
0.007617291
0.007642975
0.007664467
0.007682537
0.007697993
0.007711633
0.007724198
0.007736333
0.007748561
0.007761266
0.007774693
0.007788958
0.007804065
0.007819944
0.007836484
0.007853584
0.007871202
0.007889422
0.007908543
0.007929303
0.00795319
0.007978805
0.007329127
0.00732828
0.007350907
0.007388106
0.007430488
0.00747251
0.007511064
0.007544716
0.007573534
0.007597858
0.007618285
0.007635542
0.007650408
0.007663658
0.007676008
0.007688083
0.007700383
0.00771327
0.007726962
0.007741546
0.007757006
0.007773256
0.007790192
0.007807751
0.007825993
0.007845218
0.00786614
0.00789024
0.007920468
0.007956971
0.00733868
0.007329042
0.00734177
0.007370646
0.007406495
0.007443408
0.007478111
0.007508582
0.007534766
0.007556882
0.007575448
0.00759115
0.007604751
0.007617024
0.007628696
0.007640393
0.007652613
0.007665698
0.007679837
0.007695075
0.00771135
0.00772854
0.007746529
0.007765283
0.007784954
0.007806031
0.007829541
0.007857403
0.007892988
0.007935354
0.007356386
0.007340395
0.007344225
0.007364501
0.007392995
0.007423905
0.007453763
0.007480284
0.007503124
0.007522368
0.007538439
0.007551985
0.007563778
0.007574622
0.007585284
0.007596423
0.007608551
0.007621997
0.007636907
0.007653261
0.007670922
0.007689695
0.007709411
0.007730022
0.007751715
0.007775069
0.007801236
0.007832252
0.007871448
0.007916724
0.007377318
0.007356559
0.007352982
0.007365304
0.007386378
0.007410831
0.007435203
0.007457116
0.00747596
0.007491651
0.007504521
0.00751521
0.007524539
0.007533399
0.007542641
0.007552997
0.007565011
0.007579
0.007595049
0.007613038
0.007632703
0.007653724
0.007675827
0.007698895
0.007723084
0.007748975
0.007777724
0.007811324
0.007852948
0.007899696
0.007398888
0.007374385
0.007364682
0.00736993
0.007383898
0.007401752
0.007420256
0.00743705
0.007451294
0.007462703
0.007471555
0.00747854
0.007484599
0.007490752
0.007498
0.007507257
0.007519143
0.007533957
0.007551675
0.007571958
0.007594346
0.007618348
0.007643532
0.007669649
0.007696775
0.007725435
0.007756726
0.007792552
0.007835928
0.007883439
0.007419957
0.007392324
0.007377423
0.007376365
0.007383637
0.007394926
0.007407359
0.007418658
0.007427684
0.007433972
0.007437782
0.007439921
0.007441594
0.007444165
0.007448909
0.007456818
0.007468584
0.007484482
0.007504357
0.00752773
0.007553833
0.007581805
0.007610949
0.007640804
0.007671344
0.007703044
0.007736934
0.007774828
0.007819629
0.007867588
0.007439964
0.007409598
0.007390139
0.007383381
0.007384361
0.007389242
0.007395528
0.007401017
0.007404129
0.007404282
0.007402011
0.007398433
0.007394982
0.007393298
0.007394944
0.007401208
0.007412911
0.007430295
0.007453004
0.007480189
0.007510713
0.007543383
0.007577172
0.007611437
0.00764596
0.007681062
0.007717705
0.007757654
0.00780376
0.007852058
0.007458347
0.007425576
0.007402096
0.007390185
0.007385305
0.007384021
0.007384274
0.007383609
0.007380104
0.007373468
0.007364311
0.007353993
0.007344351
0.007337451
0.007335295
0.007339559
0.007351259
0.007370599
0.007396948
0.007428972
0.007464987
0.007503318
0.007542561
0.007581787
0.007620632
0.007659356
0.007698889
0.007740955
0.007788356
0.007836984
0.007474603
0.007439759
0.007412779
0.007396283
0.007386052
0.007378997
0.007373422
0.007366372
0.007355951
0.007341905
0.007325069
0.007307093
0.007290234
0.007277106
0.007270356
0.007272208
0.007283946
0.007305738
0.00733661
0.007374577
0.007417178
0.007462099
0.007507521
0.007552251
0.007595789
0.007638355
0.007680859
0.007725027
0.007773696
0.007822674
0.007488404
0.007451835
0.007421892
0.007401429
0.007386466
0.007374199
0.007363119
0.007349796
0.007332355
0.00731066
0.007285692
0.007259351
0.00723436
0.007214497
0.00720577
0.00720703
0.007219064
0.007241955
0.007274895
0.007318647
0.007368788
0.007421101
0.007473223
0.007523765
0.007572154
0.007618608
0.007664073
0.007710328
0.00776025
0.007809565
0.007499193
0.007461686
0.007429342
0.007405591
0.007386629
0.007369867
0.007353838
0.00733467
0.007310593
0.007281502
0.007248435
0.007213488
0.00718267
0.007161412
0.007149164
0.007148306
0.007160355
0.007185408
0.007222068
0.007267788
0.007322524
0.007382462
0.007441428
0.007497731
0.007550818
0.007600972
0.007649219
0.007697413
0.007748506
0.007798176
0.007508281
0.007469369
0.0074352
0.007408892
0.007386772
0.007366401
0.007346217
0.007322087
0.007292281
0.007256666
0.007216254
0.00717493
0.007141956
0.007115814
0.007099725
0.007096792
0.007108823
0.007135906
0.007176326
0.007226901
0.007284061
0.00734912
0.007414338
0.00747587
0.007533106
0.007586473
0.007637106
0.007686956
0.007739048
0.007789016
0.00751323
0.007474989
0.007439633
0.007411554
0.007387201
0.007364245
0.007340993
0.00731318
0.007279079
0.007238496
0.007192452
0.007149088
0.007111862
0.007081643
0.007062486
0.007057886
0.007069867
0.007098514
0.007141873
0.007196341
0.007257558
0.007324345
0.007394342
0.007460818
0.007521698
0.007577482
0.007629893
0.007680971
0.007733785
0.007783109
0.00751732
0.007478847
0.007442867
0.007413818
0.007388212
0.007363789
0.007338784
0.007308887
0.007272362
0.007228973
0.00717979
0.007135374
0.007095576
0.007063012
0.007042088
0.007036509
0.007048424
0.007077919
0.007122905
0.007179542
0.00724316
0.007310775
0.00738337
0.007452081
0.007514679
0.007571764
0.00762513
0.007676874
0.007730137
0.00778058
0.007519478
0.007481101
0.007445087
0.007415875
0.00739002
0.007365279
0.007339964
0.00730977
0.007272967
0.007229325
0.007179919
0.007135314
0.007095359
0.007062669
0.007041645
0.00703599
0.00704785
0.007077307
0.007122271
0.007178899
0.007242518
0.007310145
0.007382756
0.007451487
0.007514105
0.00757121
0.007624596
0.007676359
0.007729646
0.007780146
0.007519826
0.007481887
0.007446408
0.007417812
0.007392683
0.007368764
0.00734456
0.007315842
0.007280897
0.007239551
0.007192836
0.007148904
0.00711121
0.007080615
0.007061163
0.007056338
0.007068154
0.007096688
0.007139981
0.007194421
0.007255642
0.007322464
0.007392511
0.007459085
0.007520033
0.007575878
0.007628347
0.007679485
0.007732397
0.007782774
0.007518525
0.007481288
0.007446865
0.007419602
0.007396097
0.007374066
0.007352224
0.007326536
0.007295295
0.007258393
0.007216854
0.007174577
0.007140823
0.007114057
0.007097482
0.007094179
0.007105943
0.007132847
0.007173165
0.0072237
0.007280872
0.007345995
0.007411331
0.007473956
0.007531814
0.007585302
0.007636041
0.007685991
0.007738187
0.007788322
0.007516879
0.007479342
0.007446401
0.007421111
0.007400026
0.007380806
0.007362321
0.00734089
0.007314752
0.007283834
0.007248605
0.007212903
0.007180991
0.007158865
0.007145944
0.007144582
0.007156272
0.007181091
0.007217623
0.0072633
0.007318079
0.007378094
0.007437202
0.007494628
0.007548371
0.007598682
0.007647068
0.007695389
0.0077466
0.007796407
0.007512174
0.007475858
0.00744486
0.007422109
0.007404131
0.00738849
0.007374083
0.007357721
0.007337563
0.007313496
0.007286496
0.00725846
0.007232078
0.007211092
0.007201516
0.00720215
0.007213747
0.007236361
0.00726916
0.007312901
0.007363089
0.007415494
0.007467744
0.007518476
0.007567038
0.007613661
0.007659282
0.007705675
0.007755712
0.007805115
0.007505529
0.007470712
0.007442052
0.007422343
0.007408053
0.007396608
0.007386759
0.007375855
0.007362052
0.007345088
0.007325788
0.007305771
0.007287253
0.00727281
0.007265051
0.007266165
0.007277403
0.007298895
0.007329627
0.007367573
0.007410234
0.007455271
0.00750085
0.007545767
0.007589508
0.007632273
0.007674961
0.007719286
0.007768071
0.007817125
0.007496855
0.007463768
0.007437825
0.007421622
0.007411517
0.007404755
0.007399758
0.007394438
0.007386881
0.007376806
0.007364776
0.007352104
0.007340567
0.007332179
0.007328892
0.007332338
0.007343489
0.007362505
0.007388707
0.007420717
0.007456816
0.007495298
0.007534742
0.0075742
0.00761329
0.007652253
0.007691996
0.007734232
0.007781728
0.007830458
0.00748616
0.007455027
0.007432182
0.007419936
0.007414454
0.007412745
0.007412825
0.007412886
0.007411338
0.007407572
0.007402056
0.007395847
0.007390298
0.007386981
0.007387399
0.007392784
0.007403904
0.00742095
0.007443517
0.007470709
0.00750135
0.007534219
0.007568263
0.007602811
0.007637626
0.007673005
0.007709889
0.007749998
0.007794954
0.007844589
0.007473772
0.007444783
0.007425425
0.007417587
0.007417128
0.007420736
0.007426063
0.00743124
0.007435058
0.007437003
0.007437262
0.007436536
0.007435946
0.007436763
0.007440203
0.007447189
0.007458353
0.007473916
0.007493667
0.007517077
0.007543345
0.00757157
0.007601025
0.007631223
0.007662104
0.007694119
0.007728282
0.007766391
0.007811313
0.007859385
0.007460475
0.007433804
0.00741834
0.007415364
0.007420283
0.007429383
0.007439968
0.007450024
0.007458605
0.007465331
0.007470366
0.007474293
0.007477951
0.007482269
0.007488159
0.007496466
0.007507746
0.007522237
0.007539862
0.007560233
0.007582841
0.007607156
0.007632707
0.007659214
0.007686722
0.007715732
0.007747326
0.007783394
0.007826941
0.007874546
0.007447384
0.007423326
0.007412287
0.007414665
0.007425256
0.007439878
0.007455573
0.007470214
0.007483027
0.007493772
0.007502637
0.00751013
0.007516959
0.007523915
0.007531764
0.00754116
0.007552577
0.00756627
0.007582263
0.007600383
0.007620317
0.0076417
0.007664217
0.007687716
0.007712325
0.007738599
0.007767678
0.007801543
0.007843356
0.007890205
0.007435977
0.007415168
0.007409348
0.007417624
0.007434054
0.007454042
0.007474514
0.007493313
0.007509834
0.007523942
0.007535879
0.007546142
0.007555374
0.007564278
0.007573529
0.007583708
0.007595253
0.007608427
0.007623314
0.007639838
0.007657808
0.007676982
0.00769715
0.007718226
0.007740369
0.007764134
0.007790657
0.00782196
0.007861361
0.007906745
0.007428533
0.007412174
0.007412636
0.007427224
0.007449374
0.007474325
0.007499015
0.007521414
0.00754107
0.007557928
0.007572287
0.007584659
0.007595674
0.007605995
0.007616254
0.007626998
0.00763865
0.007651486
0.007665629
0.007681064
0.007697677
0.007715296
0.007733763
0.007753007
0.007773152
0.007794664
0.007818553
0.007846721
0.007882526
0.007925008
0.007428084
0.007418538
0.007426393
0.007447251
0.007474559
0.007503789
0.007531917
0.007557262
0.007579432
0.007598441
0.007614636
0.007628556
0.007640837
0.00765214
0.007663087
0.007674222
0.00768597
0.007698623
0.007712336
0.007727136
0.00774295
0.007759645
0.007777074
0.007795139
0.007813871
0.007833548
0.007854866
0.007879289
0.007909754
0.007946384
0.007435703
0.007436587
0.007451653
0.007477545
0.007508726
0.007541096
0.007571624
0.007599011
0.007622861
0.007643229
0.007660502
0.00767525
0.007688136
0.007699845
0.007711022
0.007722229
0.007733916
0.007746398
0.007759856
0.007774342
0.007789809
0.007806137
0.007823174
0.007840784
0.007858896
0.007877572
0.007897095
0.007918186
0.007942323
0.007968087
)
;
        source          uniform 0;
        value           nonuniform List<scalar> 
900
(
300.1906
300.1985
300.206
300.2128
300.2188
300.2241
300.2288
300.2328
300.2363
300.2392
300.2416
300.2434
300.2448
300.2458
300.2462
300.2462
300.2457
300.2448
300.2433
300.2413
300.2388
300.2357
300.2321
300.2278
300.2229
300.2173
300.211
300.204
300.1963
300.1883
300.1986
300.2065
300.2138
300.2204
300.2263
300.2315
300.236
300.2398
300.2432
300.246
300.2482
300.25
300.2513
300.2522
300.2527
300.2527
300.2522
300.2513
300.2499
300.248
300.2455
300.2426
300.239
300.2348
300.2301
300.2246
300.2185
300.2117
300.2041
300.1962
300.2063
300.214
300.2212
300.2276
300.2333
300.2383
300.2427
300.2464
300.2496
300.2523
300.2544
300.2561
300.2573
300.2582
300.2586
300.2586
300.2581
300.2573
300.2559
300.2541
300.2518
300.2489
300.2455
300.2415
300.2368
300.2315
300.2256
300.2189
300.2115
300.2037
300.2132
300.2208
300.2278
300.2341
300.2396
300.2444
300.2486
300.2522
300.2553
300.2578
300.2598
300.2614
300.2626
300.2634
300.2638
300.2638
300.2634
300.2625
300.2612
300.2595
300.2573
300.2545
300.2512
300.2473
300.2428
300.2377
300.2319
300.2254
300.2181
300.2105
300.2195
300.2269
300.2337
300.2398
300.2452
300.2498
300.2539
300.2573
300.2602
300.2626
300.2645
300.266
300.2672
300.2679
300.2683
300.2683
300.2679
300.2671
300.2659
300.2642
300.2621
300.2594
300.2562
300.2525
300.2482
300.2432
300.2375
300.2312
300.2241
300.2166
300.225
300.2323
300.239
300.2449
300.2501
300.2546
300.2584
300.2617
300.2645
300.2668
300.2686
300.27
300.2711
300.2718
300.2722
300.2722
300.2718
300.271
300.2699
300.2683
300.2662
300.2637
300.2606
300.257
300.2528
300.248
300.2425
300.2363
300.2294
300.222
300.2299
300.237
300.2435
300.2493
300.2543
300.2587
300.2624
300.2655
300.2682
300.2704
300.2721
300.2734
300.2745
300.2751
300.2755
300.2755
300.2751
300.2744
300.2733
300.2717
300.2698
300.2673
300.2644
300.2609
300.2568
300.2522
300.2468
300.2408
300.234
300.2268
300.2341
300.2411
300.2475
300.2531
300.258
300.2622
300.2658
300.2688
300.2713
300.2734
300.2751
300.2763
300.2773
300.2779
300.2783
300.2782
300.2779
300.2772
300.2762
300.2747
300.2728
300.2705
300.2676
300.2642
300.2603
300.2557
300.2505
300.2446
300.238
300.2309
300.2377
300.2446
300.2509
300.2563
300.2611
300.2652
300.2686
300.2715
300.274
300.276
300.2775
300.2787
300.2796
300.2803
300.2806
300.2806
300.2802
300.2796
300.2786
300.2772
300.2753
300.2731
300.2703
300.267
300.2632
300.2588
300.2537
300.2479
300.2414
300.2344
300.2408
300.2476
300.2537
300.2591
300.2637
300.2676
300.271
300.2738
300.2761
300.278
300.2795
300.2807
300.2816
300.2822
300.2825
300.2825
300.2821
300.2815
300.2806
300.2792
300.2774
300.2752
300.2726
300.2694
300.2656
300.2613
300.2563
300.2507
300.2443
300.2374
300.2435
300.25
300.256
300.2613
300.2658
300.2696
300.2729
300.2756
300.2779
300.2797
300.2812
300.2823
300.2831
300.2837
300.284
300.284
300.2837
300.2831
300.2821
300.2808
300.2791
300.277
300.2744
300.2712
300.2676
300.2633
300.2585
300.2529
300.2466
300.2398
300.2895
300.252
300.2578
300.263
300.2674
300.2712
300.2744
300.277
300.2792
300.281
300.2824
300.2835
300.2843
300.2849
300.2852
300.2851
300.2849
300.2843
300.2834
300.2821
300.2804
300.2783
300.2758
300.2725
300.2689
300.2647
300.2599
300.2544
300.2482
300.2417
300.2496
300.2535
300.2592
300.2642
300.2686
300.2723
300.2755
300.2781
300.2802
300.282
300.2833
300.2844
300.2852
300.2857
300.286
300.286
300.2857
300.2852
300.2843
300.283
300.2814
300.2793
300.2765
300.2709
300.2669
300.2627
300.258
300.2526
300.2467
300.2424
300.3166
300.2569
300.2602
300.2651
300.2694
300.2731
300.2762
300.2788
300.2809
300.2826
300.2839
300.285
300.2858
300.2863
300.2866
300.2866
300.2863
300.2858
300.2849
300.2836
300.282
300.2798
300.2746
300.2466
300.1937
300.1892
300.1845
300.1793
300.1755
300.1911
300.3197
300.2577
300.2607
300.2655
300.2698
300.2735
300.2765
300.2791
300.2812
300.2829
300.2842
300.2853
300.286
300.2866
300.2868
300.2868
300.2866
300.286
300.2852
300.2839
300.2823
300.2801
300.2746
300.2443
300.1909
300.1864
300.1817
300.1764
300.1706
300.1664
300.3198
300.2577
300.2607
300.2655
300.2698
300.2735
300.2765
300.2791
300.2812
300.2829
300.2842
300.2853
300.286
300.2866
300.2868
300.2868
300.2866
300.286
300.2852
300.2839
300.2823
300.2801
300.2746
300.2441
300.1907
300.1862
300.1815
300.1762
300.1701
300.1637
300.3191
300.2572
300.2602
300.2651
300.2694
300.2731
300.2762
300.2787
300.2809
300.2826
300.2839
300.285
300.2858
300.2863
300.2866
300.2866
300.2863
300.2857
300.2849
300.2836
300.282
300.2798
300.2743
300.2437
300.1903
300.1858
300.1811
300.1757
300.1696
300.163
300.3156
300.256
300.2593
300.2642
300.2686
300.2723
300.2755
300.2781
300.2802
300.282
300.2836
300.2844
300.2852
300.2857
300.286
300.286
300.2857
300.2852
300.2843
300.283
300.2813
300.2791
300.2736
300.2432
300.1897
300.1852
300.1805
300.175
300.1689
300.1622
300.2479
300.2521
300.2578
300.2629
300.2674
300.2712
300.2743
300.277
300.2792
300.2812
300.3437
300.2837
300.2843
300.2849
300.2851
300.2851
300.2848
300.2843
300.2833
300.2821
300.2804
300.2781
300.2729
300.2448
300.1918
300.1872
300.1824
300.1769
300.1707
300.164
300.2434
300.2499
300.256
300.2612
300.2657
300.2696
300.2729
300.2756
300.2778
300.2797
300.2814
300.2823
300.2831
300.2837
300.2839
300.2839
300.2836
300.283
300.2821
300.2808
300.2791
300.2769
300.274
300.2683
300.2642
300.2599
300.255
300.2495
300.2432
300.2364
300.2407
300.2475
300.2536
300.259
300.2636
300.2676
300.2709
300.2737
300.2761
300.278
300.2795
300.2807
300.2815
300.2821
300.2824
300.2824
300.2821
300.2815
300.2805
300.2791
300.2774
300.2752
300.2725
300.2691
300.2654
300.261
300.2561
300.2504
300.2442
300.2372
300.2377
300.2445
300.2508
300.2563
300.261
300.2651
300.2685
300.2714
300.2739
300.2759
300.2774
300.2787
300.2796
300.2802
300.2805
300.2805
300.2802
300.2795
300.2785
300.2771
300.2753
300.273
300.2703
300.267
300.2631
300.2587
300.2536
300.2481
300.2436
300.2346
300.234
300.241
300.2474
300.253
300.2579
300.2621
300.2657
300.2687
300.2712
300.2733
300.275
300.2762
300.2772
300.2778
300.2782
300.2781
300.2778
300.2771
300.2761
300.2746
300.2727
300.2704
300.2675
300.2641
300.2602
300.2556
300.2506
300.2468
300.3018
300.2332
300.2297
300.2369
300.2434
300.2492
300.2542
300.2585
300.2623
300.2654
300.2681
300.2702
300.272
300.2733
300.2743
300.275
300.2753
300.2753
300.275
300.2743
300.2731
300.2716
300.2697
300.2672
300.2643
300.2608
300.2567
300.252
300.2467
300.2409
300.2362
300.2269
300.2249
300.2321
300.2388
300.2447
300.2499
300.2544
300.2583
300.2616
300.2643
300.2666
300.2685
300.2699
300.2709
300.2717
300.272
300.272
300.2716
300.2709
300.2697
300.2681
300.2661
300.2635
300.2605
300.2569
300.2527
300.2478
300.2424
300.2362
300.2294
300.2219
300.2193
300.2267
300.2336
300.2397
300.245
300.2497
300.2537
300.2571
300.26
300.2624
300.2644
300.2659
300.267
300.2677
300.2681
300.2681
300.2677
300.2669
300.2657
300.264
300.2619
300.2592
300.2561
300.2523
300.248
300.243
300.2374
300.231
300.224
300.2165
300.2131
300.2206
300.2276
300.2339
300.2394
300.2442
300.2484
300.252
300.255
300.2576
300.2596
300.2612
300.2624
300.2632
300.2636
300.2636
300.2631
300.2623
300.261
300.2593
300.2571
300.2543
300.251
300.2471
300.2427
300.2375
300.2317
300.2252
300.218
300.2103
300.2061
300.2138
300.221
300.2274
300.2331
300.2381
300.2424
300.2462
300.2494
300.252
300.2542
300.2558
300.2571
300.2579
300.2584
300.2584
300.2579
300.257
300.2557
300.2539
300.2515
300.2487
300.2452
300.2412
300.2366
300.2313
300.2254
300.2187
300.2113
300.2035
300.1984
300.2063
300.2136
300.2202
300.2261
300.2312
300.2357
300.2396
300.2429
300.2457
300.248
300.2497
300.2511
300.252
300.2524
300.2524
300.2519
300.251
300.2496
300.2477
300.2453
300.2423
300.2388
300.2346
300.2298
300.2244
300.2183
300.2114
300.2039
300.196
300.1903
300.1983
300.2058
300.2125
300.2185
300.2238
300.2285
300.2325
300.236
300.239
300.2413
300.2431
300.2445
300.2455
300.246
300.2459
300.2454
300.2445
300.243
300.2411
300.2386
300.2355
300.2318
300.2275
300.2226
300.217
300.2108
300.2038
300.1961
300.188
)
;
        qrNbr           qr;
        logInterval     -1;
        writePrecision  7;
        updateHeader    1;
        writeToFile     0;
        useUserTime     1;
        kappaMethod     solidThermo;
        kappa           none;
    }
}


// ************************************************************************* //
