cellI x y z T 
0 4.057435 4.057435 3.962826 
1 4.375 4.052059 3.967826 
2 4.708333 4.052059 3.967826 
3 5.041666 4.052059 3.967826 
4 5.375 4.052059 3.967826 
5 5.708333 4.052059 3.967826 
6 4.052059 4.375 3.967826 
7 4.375 4.375 3.977273 
8 4.708334 4.375 3.977273 
9 5.041666 4.375 3.977273 
10 5.375 4.375 3.977273 
11 5.708334 4.375 3.977273 
12 4.052059 4.708334 3.967826 
13 4.375 4.708334 3.977273 
14 4.708334 4.708334 3.977273 
15 5.041666 4.708334 3.977273 
16 5.375 4.708334 3.977273 
17 5.708334 4.708334 3.977273 
18 4.052059 5.041666 3.967826 
19 4.375 5.041666 3.977273 
20 4.708334 5.041667 3.977273 
21 5.041667 5.041667 3.977273 
22 5.375 5.041666 3.977273 
23 5.708334 5.041667 3.977273 
24 4.052059 5.375 3.967826 
25 4.375 5.375 3.977273 
26 4.708334 5.375 3.977273 
27 5.041666 5.375 3.977273 
28 5.375 5.375 3.977273 
29 5.708334 5.375 3.977273 
30 4.052059 5.708334 3.967826 
31 4.375 5.708333 3.977273 
32 4.708334 5.708334 3.977273 
33 5.041666 5.708334 3.977273 
34 5.375 5.708333 3.977273 
35 5.708334 5.708334 3.977273 
36 4.053277 4.053277 3.899285 
37 4.291666 4.043745 3.899937 
38 4.043745 4.291667 3.899937 
39 4.291666 4.291666 3.901515 
40 4.375 4.043745 3.899937 
41 4.625 4.043745 3.899937 
42 4.375 4.291667 3.901515 
43 4.625 4.291667 3.901515 
44 4.708333 4.043745 3.899937 
45 4.958333 4.043745 3.899937 
46 4.708334 4.291666 3.901515 
47 4.958334 4.291666 3.901515 
48 5.041666 4.043745 3.899937 
49 5.291666 4.043745 3.899937 
50 5.041666 4.291666 3.901515 
51 5.291666 4.291666 3.901515 
52 5.375 4.043745 3.899937 
53 5.625 4.043745 3.899937 
54 5.375 4.291667 3.901515 
55 5.625 4.291666 3.901515 
56 5.708333 4.043745 3.899937 
57 5.946723 4.053277 3.899285 
58 5.708333 4.291666 3.901515 
59 5.956255 4.291666 3.899937 
60 4.043745 4.375 3.899937 
61 4.291667 4.375 3.901515 
62 4.043745 4.625 3.899937 
63 4.291666 4.625 3.901515 
64 4.375 4.375 3.901515 
65 4.625 4.375 3.901515 
66 4.375 4.625 3.901515 
67 4.625 4.625 3.901515 
68 4.708334 4.375 3.901515 
69 4.958334 4.375 3.901515 
70 4.708334 4.625 3.901515 
71 4.958334 4.625 3.901515 
72 5.041666 4.375 3.901515 
73 5.291667 4.375 3.901515 
74 5.041666 4.625 3.901515 
75 5.291666 4.625 3.901515 
76 5.375 4.375 3.901515 
77 5.625 4.375 3.901515 
78 5.375 4.625 3.901515 
79 5.625 4.625 3.901515 
80 5.708334 4.375 3.901515 
81 5.956255 4.375 3.899937 
82 5.708333 4.625 3.901515 
83 5.956255 4.625 3.899937 
84 4.043745 4.708334 3.899937 
85 4.291666 4.708334 3.901515 
86 4.043745 4.958334 3.899937 
87 4.291666 4.958334 3.901515 
88 4.375 4.708334 3.901515 
89 4.625 4.708334 3.901515 
90 4.375 4.958334 3.901515 
91 4.625 4.958334 3.901515 
92 4.708334 4.708334 3.901515 
93 4.958334 4.708334 3.901515 
94 4.708334 4.958334 3.901515 
95 4.958334 4.958334 3.901515 
96 5.041666 4.708333 3.901515 
97 5.291666 4.708334 3.901515 
98 5.041666 4.958334 3.901515 
99 5.291666 4.958334 3.901515 
100 5.375 4.708334 3.901515 
101 5.625 4.708334 3.901515 
102 5.375 4.958334 3.901515 
103 5.625 4.958334 3.901515 
104 5.708333 4.708333 3.901515 
105 5.956255 4.708334 3.899937 
106 5.708333 4.958334 3.901515 
107 5.956255 4.958334 3.899937 
108 4.043745 5.041666 3.899937 
109 4.291666 5.041666 3.901515 
110 4.043745 5.291667 3.899937 
111 4.291666 5.291666 3.901515 
112 4.375 5.041666 3.901515 
113 4.625 5.041666 3.901515 
114 4.375 5.291667 3.901515 
115 4.625 5.291667 3.901515 
116 4.708333 5.041666 3.901515 
117 4.958334 5.041666 3.901515 
118 4.708334 5.291666 3.901515 
119 4.958334 5.291666 3.901515 
120 5.041666 5.041666 3.901515 
121 5.291666 5.041666 3.901515 
122 5.041666 5.291666 3.901515 
123 5.291666 5.291666 3.901515 
124 5.375 5.041666 3.901515 
125 5.625 5.041666 3.901515 
126 5.375 5.291666 3.901515 
127 5.625 5.291666 3.901515 
128 5.708333 5.041666 3.901515 
129 5.956255 5.041667 3.899937 
130 5.708333 5.291666 3.901515 
131 5.956255 5.291666 3.899937 
132 4.043745 5.375 3.899937 
133 4.291667 5.375 3.901515 
134 4.043745 5.625 3.899937 
135 4.291667 5.625 3.901515 
136 4.375 5.375 3.901515 
137 4.625 5.375 3.901515 
138 4.375 5.625 3.901515 
139 4.625 5.625 3.901515 
140 4.708334 5.375 3.901515 
141 4.958334 5.375 3.901515 
142 4.708334 5.625 3.901515 
143 4.958334 5.625 3.901515 
144 5.041666 5.375 3.901515 
145 5.291666 5.375 3.901515 
146 5.041666 5.625 3.901515 
147 5.291667 5.625 3.901515 
148 5.375 5.375 3.901515 
149 5.625 5.375 3.901515 
150 5.375 5.625 3.901515 
151 5.625 5.625 3.901515 
152 5.708334 5.375 3.901515 
153 5.956255 5.375 3.899937 
154 5.708333 5.625 3.901515 
155 5.956255 5.625 3.899937 
156 4.043745 5.708333 3.899937 
157 4.291666 5.708333 3.901515 
158 4.053277 5.946723 3.899285 
159 4.291666 5.956255 3.899937 
160 4.375 5.708333 3.901515 
161 4.625 5.708334 3.901515 
162 4.375 5.956255 3.899937 
163 4.625 5.956255 3.899937 
164 4.708334 5.708334 3.901515 
165 4.958334 5.708333 3.901515 
166 4.708334 5.956255 3.899937 
167 4.958334 5.956255 3.899937 
168 5.041666 5.708333 3.901515 
169 5.291666 5.708333 3.901515 
170 5.041666 5.956255 3.899937 
171 5.291666 5.956255 3.899937 
172 5.375 5.708334 3.901515 
173 5.625 5.708333 3.901515 
174 5.375 5.956255 3.899937 
175 5.625 5.956255 3.899937 
176 5.708333 5.708333 3.901515 
177 5.956255 5.708334 3.899937 
178 5.708333 5.956255 3.899937 
179 5.946723 5.946723 3.899285 
180 4.291666 4.052059 3.967826 
181 4.052059 4.291666 3.967826 
182 4.291666 4.291666 3.977273 
183 4.625 4.052059 3.967826 
184 4.375 4.291666 3.977273 
185 4.625 4.291666 3.977273 
186 4.958334 4.052059 3.967826 
187 4.708334 4.291666 3.977273 
188 4.958333 4.291666 3.977273 
189 5.291666 4.052059 3.967826 
190 5.041666 4.291666 3.977273 
191 5.291666 4.291666 3.977273 
192 5.625 4.052059 3.967826 
193 5.375 4.291666 3.977273 
194 5.625 4.291667 3.977273 
195 5.942565 4.057435 3.962826 
196 5.708333 4.291666 3.977273 
197 5.947941 4.291667 3.967826 
198 4.291666 4.375 3.977273 
199 4.052059 4.625 3.967826 
200 4.291666 4.625 3.977273 
201 4.625 4.375 3.977273 
202 4.375 4.625 3.977273 
203 4.625 4.625 3.977273 
204 4.958334 4.375 3.977273 
205 4.708334 4.625 3.977273 
206 4.958334 4.625 3.977273 
207 5.291666 4.375 3.977273 
208 5.041666 4.625 3.977273 
209 5.291667 4.625 3.977273 
210 5.625 4.375 3.977273 
211 5.375 4.625 3.977273 
212 5.625 4.625 3.977273 
213 5.947941 4.375 3.967826 
214 5.708333 4.625 3.977273 
215 5.947941 4.625 3.967826 
216 4.291666 4.708334 3.977273 
217 4.052059 4.958333 3.967826 
218 4.291666 4.958333 3.977273 
219 4.625 4.708334 3.977273 
220 4.375 4.958334 3.977273 
221 4.625 4.958334 3.977273 
222 4.958333 4.708334 3.977273 
223 4.708333 4.958333 3.977273 
224 4.958333 4.958333 3.977273 
225 5.291666 4.708334 3.977273 
226 5.041666 4.958333 3.977273 
227 5.291666 4.958333 3.977273 
228 5.625 4.708334 3.977273 
229 5.375 4.958334 3.977273 
230 5.625 4.958334 3.977273 
231 5.947941 4.708334 3.967826 
232 5.708333 4.958333 3.977273 
233 5.947941 4.958334 3.967826 
234 4.291666 5.041666 3.977273 
235 4.052059 5.291666 3.967826 
236 4.291666 5.291666 3.977273 
237 4.625 5.041666 3.977273 
238 4.375 5.291666 3.977273 
239 4.625 5.291667 3.977273 
240 4.958333 5.041666 3.977273 
241 4.708334 5.291666 3.977273 
242 4.958333 5.291666 3.977273 
243 5.291666 5.041666 3.977273 
244 5.041666 5.291666 3.977273 
245 5.291666 5.291666 3.977273 
246 5.625 5.041666 3.977273 
247 5.375 5.291666 3.977273 
248 5.625 5.291667 3.977273 
249 5.947941 5.041666 3.967826 
250 5.708333 5.291666 3.977273 
251 5.947941 5.291666 3.967826 
252 4.291666 5.375 3.977273 
253 4.052059 5.625 3.967826 
254 4.291667 5.625 3.977273 
255 4.625 5.375 3.977273 
256 4.375 5.625 3.977273 
257 4.625 5.625 3.977273 
258 4.958334 5.375 3.977273 
259 4.708334 5.625 3.977273 
260 4.958334 5.625 3.977273 
261 5.291666 5.375 3.977273 
262 5.041666 5.625 3.977273 
263 5.291667 5.625 3.977273 
264 5.625 5.375 3.977273 
265 5.375 5.625 3.977273 
266 5.625 5.625 3.977273 
267 5.947941 5.375 3.967826 
268 5.708333 5.625 3.977273 
269 5.947941 5.625 3.967826 
270 4.291666 5.708333 3.977273 
271 4.057435 5.942565 3.962826 
272 4.291666 5.947941 3.967826 
273 4.625 5.708333 3.977273 
274 4.375 5.947941 3.967826 
275 4.625 5.947941 3.967826 
276 4.958333 5.708333 3.977273 
277 4.708333 5.947941 3.967826 
278 4.958334 5.947941 3.967826 
279 5.291666 5.708333 3.977273 
280 5.041666 5.947941 3.967826 
281 5.291666 5.947941 3.967826 
282 5.625 5.708333 3.977273 
283 5.375 5.947941 3.967826 
284 5.625 5.947941 3.967826 
285 5.947941 5.708333 3.967826 
286 5.708334 5.947941 3.967826 
287 5.942565 5.942565 3.962826 
288 4.126982 4.126982 3.753326 
289 4.057435 4.057435 3.764447 
290 4.128022 4.053093 3.760362 
291 4.053093 4.128022 3.760362 
292 4.458334 4.126908 3.751734 
293 4.375 4.052059 3.759447 
294 4.458334 4.052059 3.759447 
295 4.375 4.126908 3.751734 
296 4.791666 4.126908 3.751734 
297 4.708334 4.052059 3.759447 
298 4.791667 4.052059 3.759447 
299 4.708334 4.126908 3.751734 
300 5.125 4.126908 3.751734 
301 5.041666 4.052059 3.759447 
302 5.125 4.052059 3.759447 
303 5.041666 4.126908 3.751734 
304 5.458334 4.126908 3.751734 
305 5.375 4.052059 3.759447 
306 5.458334 4.052059 3.759447 
307 5.375 4.126908 3.751734 
308 5.791486 4.126918 3.751877 
309 5.708333 4.052059 3.759447 
310 5.791394 4.052155 3.759532 
311 5.708333 4.126908 3.751734 
312 4.126908 4.458333 3.751734 
313 4.052059 4.375 3.759447 
314 4.126908 4.375 3.751734 
315 4.052059 4.458333 3.759447 
316 4.458333 4.458333 3.75 
317 4.375 4.375 3.75 
318 4.458333 4.375 3.75 
319 4.375 4.458333 3.75 
320 4.791666 4.458333 3.75 
321 4.708334 4.375 3.75 
322 4.791666 4.375 3.75 
323 4.708333 4.458333 3.75 
324 5.125 4.458334 3.75 
325 5.041666 4.375 3.75 
326 5.125 4.375 3.75 
327 5.041666 4.458333 3.75 
328 5.458333 4.458333 3.75 
329 5.375 4.375 3.75 
330 5.458333 4.375 3.75 
331 5.375 4.458333 3.75 
332 5.791495 4.458333 3.750156 
333 5.708333 4.375 3.75 
334 5.791495 4.375 3.750156 
335 5.708334 4.458334 3.75 
336 4.126908 4.791666 3.751734 
337 4.052059 4.708334 3.759447 
338 4.126908 4.708333 3.751734 
339 4.052059 4.791666 3.759447 
340 4.458333 4.791666 3.75 
341 4.375 4.708334 3.75 
342 4.458333 4.708333 3.75 
343 4.375 4.791666 3.75 
344 4.791666 4.791666 3.75 
345 4.708334 4.708334 3.75 
346 4.791666 4.708334 3.75 
347 4.708334 4.791666 3.75 
348 5.125 4.791666 3.75 
349 5.041666 4.708334 3.75 
350 5.125 4.708334 3.75 
351 5.041666 4.791666 3.75 
352 5.458333 4.791666 3.75 
353 5.375 4.708334 3.75 
354 5.458333 4.708334 3.75 
355 5.375 4.791666 3.75 
356 5.791495 4.791666 3.750156 
357 5.708333 4.708333 3.75 
358 5.791495 4.708334 3.750156 
359 5.708334 4.791666 3.75 
360 4.126908 5.125 3.751734 
361 4.052059 5.041666 3.759447 
362 4.126908 5.041666 3.751734 
363 4.052059 5.125 3.759447 
364 4.458333 5.125 3.75 
365 4.375 5.041666 3.75 
366 4.458334 5.041666 3.75 
367 4.375 5.125 3.75 
368 4.791666 5.125 3.75 
369 4.708334 5.041666 3.75 
370 4.791666 5.041666 3.75 
371 4.708334 5.125 3.75 
372 5.125 5.125 3.75 
373 5.041666 5.041666 3.75 
374 5.125 5.041666 3.75 
375 5.041666 5.125 3.75 
376 5.458334 5.125 3.75 
377 5.375 5.041666 3.75 
378 5.458334 5.041666 3.75 
379 5.375 5.125 3.75 
380 5.791495 5.125 3.750156 
381 5.708334 5.041666 3.75 
382 5.791495 5.041666 3.750156 
383 5.708334 5.125 3.75 
384 4.126908 5.458334 3.751734 
385 4.052059 5.375 3.759447 
386 4.126908 5.375 3.751734 
387 4.052059 5.458334 3.759447 
388 4.458333 5.458333 3.75 
389 4.375 5.375 3.75 
390 4.458333 5.375 3.75 
391 4.375 5.458333 3.75 
392 4.791666 5.458334 3.75 
393 4.708334 5.375 3.75 
394 4.791666 5.375 3.75 
395 4.708334 5.458333 3.75 
396 5.125 5.458334 3.75 
397 5.041666 5.375 3.75 
398 5.125 5.375 3.75 
399 5.041666 5.458333 3.75 
400 5.458333 5.458333 3.75 
401 5.375 5.375 3.75 
402 5.458333 5.375 3.75 
403 5.375 5.458333 3.75 
404 5.791495 5.458333 3.750156 
405 5.708333 5.375 3.75 
406 5.791495 5.375 3.750156 
407 5.708334 5.458333 3.75 
408 4.126918 5.791486 3.751877 
409 4.052059 5.708333 3.759447 
410 4.126908 5.708334 3.751734 
411 4.052155 5.791394 3.759532 
412 4.458333 5.791495 3.750156 
413 4.375 5.708333 3.75 
414 4.458334 5.708334 3.75 
415 4.375 5.791495 3.750156 
416 4.791666 5.791495 3.750156 
417 4.708333 5.708333 3.75 
418 4.791666 5.708334 3.75 
419 4.708334 5.791495 3.750156 
420 5.125 5.791495 3.750156 
421 5.041666 5.708333 3.75 
422 5.125 5.708334 3.75 
423 5.041666 5.791495 3.750156 
424 5.458333 5.791495 3.750156 
425 5.375 5.708333 3.75 
426 5.458333 5.708334 3.75 
427 5.375 5.791495 3.750156 
428 5.791493 5.791493 3.750311 
429 5.708333 5.708333 3.75 
430 5.791495 5.708334 3.750156 
431 5.708333 5.791495 3.750156 
432 4.128022 4.053093 3.966911 
433 4.053093 4.128022 3.966911 
434 4.126982 4.126982 3.973947 
435 4.458334 4.052059 3.967826 
436 4.375 4.126908 3.975538 
437 4.458334 4.126908 3.975538 
438 4.791666 4.052059 3.967826 
439 4.708334 4.126908 3.975538 
440 4.791667 4.126908 3.975538 
441 5.125 4.052059 3.967826 
442 5.041667 4.126908 3.975538 
443 5.125 4.126908 3.975538 
444 5.458333 4.052059 3.967826 
445 5.375 4.126908 3.975538 
446 5.458334 4.126908 3.975538 
447 5.791394 4.052155 3.967741 
448 5.708333 4.126908 3.975538 
449 5.791486 4.126918 3.975396 
450 4.126908 4.375 3.975538 
451 4.052059 4.458334 3.967826 
452 4.126908 4.458334 3.975538 
453 4.458334 4.375 3.977273 
454 4.375 4.458334 3.977273 
455 4.458334 4.458334 3.977273 
456 4.791666 4.375 3.977273 
457 4.708334 4.458334 3.977273 
458 4.791667 4.458334 3.977273 
459 5.125 4.375 3.977273 
460 5.041667 4.458334 3.977273 
461 5.125 4.458334 3.977273 
462 5.458333 4.375 3.977273 
463 5.375 4.458334 3.977273 
464 5.458334 4.458334 3.977273 
465 5.791495 4.375 3.977117 
466 5.708334 4.458334 3.977273 
467 5.791495 4.458334 3.977117 
468 4.126908 4.708334 3.975538 
469 4.052059 4.791666 3.967826 
470 4.126908 4.791666 3.975538 
471 4.458334 4.708334 3.977273 
472 4.375 4.791667 3.977273 
473 4.458334 4.791667 3.977273 
474 4.791667 4.708334 3.977273 
475 4.708334 4.791667 3.977273 
476 4.791667 4.791667 3.977273 
477 5.125 4.708334 3.977273 
478 5.041667 4.791666 3.977273 
479 5.125 4.791667 3.977273 
480 5.458334 4.708334 3.977273 
481 5.375 4.791667 3.977273 
482 5.458334 4.791667 3.977273 
483 5.791495 4.708333 3.977117 
484 5.708334 4.791667 3.977273 
485 5.791495 4.791666 3.977117 
486 4.126908 5.041667 3.975538 
487 4.052059 5.125 3.967826 
488 4.126908 5.125 3.975538 
489 4.458334 5.041666 3.977273 
490 4.375 5.125 3.977273 
491 4.458334 5.125 3.977273 
492 4.791667 5.041666 3.977273 
493 4.708334 5.125 3.977273 
494 4.791666 5.125 3.977273 
495 5.125 5.041666 3.977273 
496 5.041666 5.125 3.977273 
497 5.125 5.125 3.977273 
498 5.458334 5.041666 3.977273 
499 5.375 5.125 3.977273 
500 5.458333 5.125 3.977273 
501 5.791495 5.041666 3.977117 
502 5.708333 5.125 3.977273 
503 5.791495 5.125 3.977117 
504 4.126908 5.375 3.975538 
505 4.052059 5.458334 3.967826 
506 4.126908 5.458333 3.975538 
507 4.458334 5.375 3.977273 
508 4.375 5.458333 3.977273 
509 4.458334 5.458334 3.977273 
510 4.791666 5.375 3.977273 
511 4.708334 5.458334 3.977273 
512 4.791667 5.458334 3.977273 
513 5.125 5.375 3.977273 
514 5.041667 5.458334 3.977273 
515 5.125 5.458334 3.977273 
516 5.458333 5.375 3.977273 
517 5.375 5.458333 3.977273 
518 5.458334 5.458334 3.977273 
519 5.791495 5.375 3.977117 
520 5.708334 5.458334 3.977273 
521 5.791495 5.458333 3.977117 
522 4.126908 5.708334 3.975538 
523 4.052155 5.791394 3.967741 
524 4.126918 5.791486 3.975396 
525 4.458334 5.708334 3.977273 
526 4.375 5.791495 3.977117 
527 4.458334 5.791495 3.977117 
528 4.791667 5.708334 3.977273 
529 4.708333 5.791495 3.977117 
530 4.791666 5.791495 3.977117 
531 5.125 5.708334 3.977273 
532 5.041666 5.791495 3.977117 
533 5.125 5.791495 3.977117 
534 5.458334 5.708334 3.977273 
535 5.375 5.791495 3.977117 
536 5.458334 5.791495 3.977117 
537 5.791495 5.708333 3.977117 
538 5.708333 5.791495 3.977117 
539 5.791493 5.791493 3.976962 
540 4.208514 4.126918 3.751877 
541 4.291666 4.052059 3.759447 
542 4.208606 4.052155 3.759532 
543 4.291666 4.126908 3.751734 
544 4.126918 4.208514 3.751877 
545 4.052059 4.291666 3.759447 
546 4.052155 4.208606 3.759532 
547 4.126908 4.291666 3.751734 
548 4.208507 4.208507 3.750311 
549 4.291666 4.291666 3.75 
550 4.291666 4.208505 3.750156 
551 4.208505 4.291667 3.750156 
552 4.125 4.125 3.825757 
553 4.053277 4.053277 3.827987 
554 4.126993 4.045492 3.899895 
555 4.045492 4.126993 3.899895 
556 4.126993 4.045492 3.827377 
557 4.045492 4.126993 3.827377 
558 4.125 4.125 3.901515 
559 4.208334 4.125 3.825758 
560 4.291667 4.043745 3.827335 
561 4.208515 4.043902 3.899931 
562 4.291666 4.125 3.901515 
563 4.208515 4.043902 3.827341 
564 4.291666 4.125 3.825757 
565 4.208333 4.125 3.901515 
566 4.125 4.208334 3.825758 
567 4.043745 4.291667 3.827335 
568 4.043902 4.208515 3.899931 
569 4.125 4.291666 3.901515 
570 4.043902 4.208515 3.827341 
571 4.125 4.291666 3.825758 
572 4.125 4.208333 3.901515 
573 4.208334 4.208334 3.825758 
574 4.291666 4.291666 3.825757 
575 4.291666 4.208333 3.901515 
576 4.208333 4.291666 3.901515 
577 4.291666 4.208334 3.825757 
578 4.208334 4.291666 3.825757 
579 4.208333 4.208333 3.901515 
580 4.541666 4.126908 3.751734 
581 4.625 4.052059 3.759447 
582 4.541666 4.052059 3.759447 
583 4.625 4.126908 3.751734 
584 4.458334 4.208505 3.750156 
585 4.375 4.291667 3.75 
586 4.375 4.208505 3.750156 
587 4.458333 4.291667 3.75 
588 4.541666 4.208505 3.750156 
589 4.625 4.291666 3.75 
590 4.625 4.208505 3.750156 
591 4.541666 4.291666 3.75 
592 4.458334 4.125 3.825757 
593 4.375 4.043745 3.827335 
594 4.458334 4.043745 3.899937 
595 4.375 4.125 3.901515 
596 4.458334 4.043745 3.827335 
597 4.375 4.125 3.825757 
598 4.458334 4.125 3.901515 
599 4.541666 4.125 3.825758 
600 4.625 4.043745 3.827335 
601 4.541666 4.043745 3.899937 
602 4.625 4.125 3.901515 
603 4.541666 4.043745 3.827335 
604 4.625 4.125 3.825757 
605 4.541667 4.125 3.901515 
606 4.458334 4.208334 3.825757 
607 4.375 4.291666 3.825758 
608 4.375 4.208333 3.901515 
609 4.458333 4.291666 3.901515 
610 4.375 4.208334 3.825758 
611 4.458334 4.291666 3.825758 
612 4.458333 4.208334 3.901515 
613 4.541666 4.208334 3.825758 
614 4.625 4.291666 3.825758 
615 4.625 4.208334 3.901515 
616 4.541666 4.291666 3.901515 
617 4.625 4.208334 3.825758 
618 4.541667 4.291666 3.825758 
619 4.541666 4.208333 3.901515 
620 4.875 4.126908 3.751734 
621 4.958333 4.052059 3.759447 
622 4.875 4.052059 3.759447 
623 4.958334 4.126908 3.751734 
624 4.791666 4.208505 3.750156 
625 4.708334 4.291666 3.75 
626 4.708334 4.208505 3.750156 
627 4.791666 4.291666 3.75 
628 4.875 4.208505 3.750156 
629 4.958334 4.291666 3.75 
630 4.958333 4.208505 3.750156 
631 4.875 4.291666 3.75 
632 4.791666 4.125 3.825757 
633 4.708334 4.043745 3.827335 
634 4.791666 4.043745 3.899937 
635 4.708334 4.125 3.901515 
636 4.791667 4.043745 3.827335 
637 4.708334 4.125 3.825758 
638 4.791667 4.125 3.901515 
639 4.875 4.125 3.825757 
640 4.958334 4.043745 3.827335 
641 4.875 4.043745 3.899937 
642 4.958333 4.125 3.901515 
643 4.875 4.043745 3.827335 
644 4.958333 4.125 3.825757 
645 4.875 4.125 3.901515 
646 4.791666 4.208334 3.825757 
647 4.708334 4.291666 3.825757 
648 4.708334 4.208333 3.901515 
649 4.791666 4.291666 3.901515 
650 4.708334 4.208334 3.825758 
651 4.791666 4.291666 3.825758 
652 4.791667 4.208334 3.901515 
653 4.875 4.208334 3.825758 
654 4.958333 4.291666 3.825757 
655 4.958333 4.208333 3.901515 
656 4.875 4.291666 3.901515 
657 4.958333 4.208334 3.825757 
658 4.875 4.291666 3.825758 
659 4.875 4.208334 3.901515 
660 5.208334 4.126908 3.751734 
661 5.291666 4.052059 3.759447 
662 5.208334 4.052059 3.759447 
663 5.291666 4.126908 3.751734 
664 5.125 4.208505 3.750156 
665 5.041667 4.291666 3.75 
666 5.041666 4.208505 3.750156 
667 5.125 4.291666 3.75 
668 5.208334 4.208505 3.750156 
669 5.291666 4.291666 3.75 
670 5.291666 4.208505 3.750156 
671 5.208334 4.291666 3.75 
672 5.125 4.125 3.825757 
673 5.041666 4.043745 3.827335 
674 5.125 4.043745 3.899937 
675 5.041666 4.125 3.901515 
676 5.125 4.043745 3.827335 
677 5.041666 4.125 3.825757 
678 5.125 4.125 3.901515 
679 5.208333 4.125 3.825758 
680 5.291667 4.043745 3.827335 
681 5.208334 4.043745 3.899937 
682 5.291666 4.125 3.901515 
683 5.208333 4.043745 3.827335 
684 5.291666 4.125 3.825757 
685 5.208334 4.125 3.901515 
686 5.125 4.208334 3.825758 
687 5.041666 4.291666 3.825758 
688 5.041666 4.208334 3.901515 
689 5.125 4.291666 3.901515 
690 5.041666 4.208334 3.825757 
691 5.125 4.291666 3.825758 
692 5.125 4.208333 3.901515 
693 5.208334 4.208334 3.825758 
694 5.291666 4.291666 3.825757 
695 5.291666 4.208334 3.901515 
696 5.208334 4.291666 3.901515 
697 5.291666 4.208334 3.825758 
698 5.208334 4.291666 3.825757 
699 5.208333 4.208333 3.901515 
700 5.541666 4.126908 3.751734 
701 5.625 4.052059 3.759447 
702 5.541666 4.052059 3.759447 
703 5.625 4.126908 3.751734 
704 5.458333 4.208505 3.750156 
705 5.375 4.291667 3.75 
706 5.375 4.208505 3.750156 
707 5.458333 4.291666 3.75 
708 5.541666 4.208505 3.750156 
709 5.625 4.291666 3.75 
710 5.625 4.208505 3.750156 
711 5.541666 4.291666 3.75 
712 5.458333 4.125 3.825757 
713 5.375 4.043745 3.827335 
714 5.458333 4.043745 3.899937 
715 5.375 4.125 3.901515 
716 5.458334 4.043745 3.827335 
717 5.375 4.125 3.825757 
718 5.458334 4.125 3.901515 
719 5.541666 4.125 3.825758 
720 5.625 4.043745 3.827335 
721 5.541666 4.043745 3.899937 
722 5.625 4.125 3.901515 
723 5.541666 4.043745 3.827335 
724 5.625 4.125 3.825757 
725 5.541666 4.125 3.901515 
726 5.458334 4.208334 3.825758 
727 5.375 4.291666 3.825757 
728 5.375 4.208333 3.901515 
729 5.458333 4.291666 3.901515 
730 5.375 4.208334 3.825758 
731 5.458333 4.291666 3.825758 
732 5.458333 4.208334 3.901515 
733 5.541666 4.208334 3.825758 
734 5.625 4.291666 3.825758 
735 5.625 4.208334 3.901515 
736 5.541666 4.291666 3.901515 
737 5.625 4.208333 3.825757 
738 5.541666 4.291666 3.825757 
739 5.541666 4.208333 3.901515 
740 5.873018 4.126982 3.753326 
741 5.942565 4.057435 3.764447 
742 5.871978 4.053093 3.760362 
743 5.946907 4.128022 3.760362 
744 5.791493 4.208507 3.750311 
745 5.708334 4.291666 3.75 
746 5.708333 4.208505 3.750156 
747 5.791495 4.291666 3.750156 
748 5.873082 4.208514 3.751877 
749 5.947941 4.291666 3.759447 
750 5.947845 4.208606 3.759532 
751 5.873092 4.291666 3.751734 
752 5.791666 4.125 3.825757 
753 5.708334 4.043745 3.827335 
754 5.791485 4.043902 3.899931 
755 5.708334 4.125 3.901515 
756 5.791485 4.043902 3.827341 
757 5.708334 4.125 3.825758 
758 5.791666 4.125 3.901515 
759 5.875 4.125 3.825757 
760 5.946723 4.053277 3.827987 
761 5.873007 4.045492 3.899895 
762 5.954508 4.126993 3.899895 
763 5.873007 4.045492 3.827377 
764 5.954508 4.126993 3.827377 
765 5.875 4.125 3.901515 
766 5.791667 4.208334 3.825757 
767 5.708334 4.291666 3.825757 
768 5.708333 4.208334 3.901515 
769 5.791666 4.291666 3.901515 
770 5.708334 4.208334 3.825758 
771 5.791667 4.291666 3.825758 
772 5.791666 4.208333 3.901515 
773 5.875 4.208334 3.825758 
774 5.956255 4.291667 3.827335 
775 5.956098 4.208515 3.899931 
776 5.875 4.291667 3.901515 
777 5.956098 4.208515 3.827341 
778 5.875 4.291666 3.825758 
779 5.875 4.208333 3.901515 
780 4.208505 4.458333 3.750156 
781 4.291666 4.375 3.75 
782 4.208505 4.375 3.750156 
783 4.291667 4.458334 3.75 
784 4.126908 4.541666 3.751734 
785 4.052059 4.625 3.759447 
786 4.052059 4.541666 3.759447 
787 4.126908 4.625 3.751734 
788 4.208505 4.541667 3.750156 
789 4.291667 4.625 3.75 
790 4.291666 4.541666 3.75 
791 4.208505 4.625 3.750156 
792 4.125 4.458334 3.825758 
793 4.043745 4.375 3.827335 
794 4.125 4.375 3.901515 
795 4.043745 4.458334 3.899937 
796 4.125 4.375 3.825757 
797 4.043745 4.458333 3.827335 
798 4.125 4.458334 3.901515 
799 4.208334 4.458334 3.825757 
800 4.291666 4.375 3.825758 
801 4.208333 4.375 3.901515 
802 4.291666 4.458333 3.901515 
803 4.208333 4.375 3.825757 
804 4.291666 4.458333 3.825757 
805 4.208334 4.458333 3.901515 
806 4.125 4.541666 3.825757 
807 4.043745 4.625 3.827335 
808 4.043745 4.541666 3.899937 
809 4.125 4.625 3.901515 
810 4.043745 4.541667 3.827335 
811 4.125 4.625 3.825757 
812 4.125 4.541667 3.901515 
813 4.208334 4.541667 3.825757 
814 4.291666 4.625 3.825757 
815 4.291666 4.541666 3.901515 
816 4.208334 4.625 3.901515 
817 4.291666 4.541666 3.825757 
818 4.208334 4.625 3.825758 
819 4.208333 4.541666 3.901515 
820 4.541666 4.458333 3.75 
821 4.625 4.375 3.75 
822 4.541667 4.375 3.75 
823 4.625 4.458333 3.75 
824 4.458333 4.541666 3.75 
825 4.375 4.625 3.75 
826 4.375 4.541667 3.75 
827 4.458333 4.625 3.75 
828 4.541666 4.541666 3.75 
829 4.625 4.625 3.75 
830 4.625 4.541667 3.75 
831 4.541667 4.625 3.75 
832 4.458334 4.458334 3.825757 
833 4.375 4.375 3.825757 
834 4.458334 4.375 3.901515 
835 4.375 4.458334 3.901515 
836 4.458334 4.375 3.825758 
837 4.375 4.458334 3.825758 
838 4.458333 4.458333 3.901515 
839 4.541667 4.458334 3.825757 
840 4.625 4.375 3.825757 
841 4.541666 4.375 3.901515 
842 4.625 4.458334 3.901515 
843 4.541666 4.375 3.825757 
844 4.625 4.458334 3.825758 
845 4.541666 4.458333 3.901515 
846 4.458334 4.541667 3.825757 
847 4.375 4.625 3.825757 
848 4.375 4.541667 3.901515 
849 4.458334 4.625 3.901515 
850 4.375 4.541666 3.825758 
851 4.458334 4.625 3.825757 
852 4.458333 4.541666 3.901515 
853 4.541666 4.541667 3.825757 
854 4.625 4.625 3.825757 
855 4.625 4.541667 3.901515 
856 4.541667 4.625 3.901515 
857 4.625 4.541666 3.825757 
858 4.541667 4.625 3.825758 
859 4.541666 4.541666 3.901515 
860 4.875 4.458334 3.75 
861 4.958334 4.375 3.75 
862 4.875 4.375 3.75 
863 4.958333 4.458333 3.75 
864 4.791666 4.541666 3.75 
865 4.708334 4.625 3.75 
866 4.708333 4.541666 3.75 
867 4.791666 4.625 3.75 
868 4.875 4.541667 3.75 
869 4.958334 4.625 3.75 
870 4.958334 4.541666 3.75 
871 4.875 4.625 3.75 
872 4.791666 4.458334 3.825757 
873 4.708334 4.375 3.825757 
874 4.791666 4.375 3.901515 
875 4.708333 4.458333 3.901515 
876 4.791666 4.375 3.825758 
877 4.708334 4.458334 3.825757 
878 4.791666 4.458333 3.901515 
879 4.875 4.458333 3.825757 
880 4.958334 4.375 3.825757 
881 4.875 4.375 3.901515 
882 4.958333 4.458334 3.901515 
883 4.875 4.375 3.825758 
884 4.958333 4.458334 3.825757 
885 4.875 4.458334 3.901515 
886 4.791666 4.541667 3.825757 
887 4.708334 4.625 3.825757 
888 4.708333 4.541666 3.901515 
889 4.791667 4.625 3.901515 
890 4.708334 4.541667 3.825758 
891 4.791666 4.625 3.825758 
892 4.791666 4.541666 3.901515 
893 4.875 4.541667 3.825758 
894 4.958334 4.625 3.825758 
895 4.958333 4.541666 3.901515 
896 4.875 4.625 3.901515 
897 4.958333 4.541666 3.825757 
898 4.875 4.625 3.825757 
899 4.875 4.541666 3.901515 
900 5.208334 4.458333 3.75 
901 5.291666 4.375 3.75 
902 5.208334 4.375 3.75 
903 5.291666 4.458333 3.75 
904 5.125 4.541666 3.75 
905 5.041667 4.625 3.75 
906 5.041666 4.541666 3.75 
907 5.125 4.625 3.75 
908 5.208333 4.541666 3.75 
909 5.291667 4.625 3.75 
910 5.291666 4.541666 3.75 
911 5.208334 4.625 3.75 
912 5.125 4.458334 3.825758 
913 5.041666 4.375 3.825758 
914 5.125 4.375 3.901515 
915 5.041666 4.458333 3.901515 
916 5.125 4.375 3.825757 
917 5.041666 4.458333 3.825757 
918 5.125 4.458334 3.901515 
919 5.208334 4.458334 3.825757 
920 5.291666 4.375 3.825758 
921 5.208333 4.375 3.901515 
922 5.291666 4.458334 3.901515 
923 5.208334 4.375 3.825757 
924 5.291666 4.458334 3.825757 
925 5.208333 4.458333 3.901515 
926 5.125 4.541667 3.825758 
927 5.041666 4.625 3.825758 
928 5.041666 4.541666 3.901515 
929 5.125 4.625 3.901515 
930 5.041667 4.541667 3.825758 
931 5.125 4.625 3.825757 
932 5.125 4.541666 3.901515 
933 5.208334 4.541667 3.825757 
934 5.291666 4.625 3.825757 
935 5.291666 4.541666 3.901515 
936 5.208334 4.625 3.901515 
937 5.291666 4.541666 3.825757 
938 5.208334 4.625 3.825758 
939 5.208333 4.541666 3.901515 
940 5.541666 4.458333 3.75 
941 5.625 4.375 3.75 
942 5.541667 4.375 3.75 
943 5.625 4.458333 3.75 
944 5.458333 4.541666 3.75 
945 5.375 4.625 3.75 
946 5.375 4.541667 3.75 
947 5.458333 4.625 3.75 
948 5.541666 4.541666 3.75 
949 5.625 4.625 3.75 
950 5.625 4.541667 3.75 
951 5.541667 4.625 3.75 
952 5.458333 4.458334 3.825757 
953 5.375 4.375 3.825757 
954 5.458333 4.375 3.901515 
955 5.375 4.458334 3.901515 
956 5.458333 4.375 3.825758 
957 5.375 4.458334 3.825758 
958 5.458333 4.458333 3.901515 
959 5.541666 4.458334 3.825757 
960 5.625 4.375 3.825757 
961 5.541666 4.375 3.901515 
962 5.625 4.458334 3.901515 
963 5.541666 4.375 3.825757 
964 5.625 4.458334 3.825758 
965 5.541666 4.458333 3.901515 
966 5.458334 4.541667 3.825758 
967 5.375 4.625 3.825757 
968 5.375 4.541666 3.901515 
969 5.458333 4.625 3.901515 
970 5.375 4.541666 3.825758 
971 5.458334 4.625 3.825758 
972 5.458333 4.541666 3.901515 
973 5.541666 4.541667 3.825758 
974 5.625 4.625 3.825757 
975 5.625 4.541667 3.901515 
976 5.541667 4.625 3.901515 
977 5.625 4.541666 3.825757 
978 5.541666 4.625 3.825758 
979 5.541666 4.541666 3.901515 
980 5.873092 4.458334 3.751734 
981 5.947941 4.375 3.759447 
982 5.873092 4.375 3.751734 
983 5.947941 4.458334 3.759447 
984 5.791495 4.541667 3.750156 
985 5.708333 4.625 3.75 
986 5.708334 4.541667 3.75 
987 5.791495 4.625 3.750156 
988 5.873092 4.541666 3.751734 
989 5.947941 4.625 3.759447 
990 5.947941 4.541666 3.759447 
991 5.873092 4.625 3.751734 
992 5.791666 4.458334 3.825757 
993 5.708333 4.375 3.825757 
994 5.791666 4.375 3.901515 
995 5.708333 4.458333 3.901515 
996 5.791666 4.375 3.825758 
997 5.708333 4.458333 3.825757 
998 5.791666 4.458333 3.901515 
999 5.875 4.458333 3.825757 
1000 5.956255 4.375 3.827335 
1001 5.875 4.375 3.901515 
1002 5.956255 4.458334 3.899937 
1003 5.875 4.375 3.825758 
1004 5.956255 4.458334 3.827335 
1005 5.875 4.458334 3.901515 
1006 5.791667 4.541667 3.825757 
1007 5.708333 4.625 3.825757 
1008 5.708334 4.541666 3.901515 
1009 5.791666 4.625 3.901515 
1010 5.708334 4.541667 3.825758 
1011 5.791666 4.625 3.825758 
1012 5.791666 4.541666 3.901515 
1013 5.875 4.541667 3.825758 
1014 5.956255 4.625 3.827335 
1015 5.956255 4.541667 3.899937 
1016 5.875 4.625 3.901515 
1017 5.956255 4.541666 3.827335 
1018 5.875 4.625 3.825758 
1019 5.875 4.541666 3.901515 
1020 4.208505 4.791667 3.750156 
1021 4.291666 4.708334 3.75 
1022 4.208505 4.708334 3.750156 
1023 4.291666 4.791666 3.75 
1024 4.126908 4.875 3.751734 
1025 4.052059 4.958333 3.759447 
1026 4.052059 4.875 3.759447 
1027 4.126908 4.958334 3.751734 
1028 4.208505 4.875 3.750156 
1029 4.291666 4.958334 3.75 
1030 4.291667 4.875 3.75 
1031 4.208505 4.958334 3.750156 
1032 4.125 4.791666 3.825757 
1033 4.043745 4.708333 3.827335 
1034 4.125 4.708334 3.901515 
1035 4.043745 4.791666 3.899937 
1036 4.125 4.708333 3.825758 
1037 4.043745 4.791666 3.827335 
1038 4.125 4.791666 3.901515 
1039 4.208334 4.791666 3.825757 
1040 4.291666 4.708334 3.825757 
1041 4.208334 4.708333 3.901515 
1042 4.291666 4.791666 3.901515 
1043 4.208334 4.708334 3.825757 
1044 4.291666 4.791666 3.825758 
1045 4.208334 4.791667 3.901515 
1046 4.125 4.875 3.825757 
1047 4.043745 4.958334 3.827335 
1048 4.043745 4.875 3.899937 
1049 4.125 4.958333 3.901515 
1050 4.043745 4.875 3.827335 
1051 4.125 4.958334 3.825757 
1052 4.125 4.875 3.901515 
1053 4.208334 4.875 3.825757 
1054 4.291666 4.958333 3.825757 
1055 4.291666 4.875 3.901515 
1056 4.208334 4.958333 3.901515 
1057 4.291666 4.875 3.825758 
1058 4.208334 4.958334 3.825757 
1059 4.208333 4.875 3.901515 
1060 4.541666 4.791666 3.75 
1061 4.625 4.708334 3.75 
1062 4.541666 4.708333 3.75 
1063 4.625 4.791666 3.75 
1064 4.458334 4.875 3.75 
1065 4.375 4.958334 3.75 
1066 4.375 4.875 3.75 
1067 4.458333 4.958333 3.75 
1068 4.541666 4.875 3.75 
1069 4.625 4.958334 3.75 
1070 4.625 4.875 3.75 
1071 4.541666 4.958334 3.75 
1072 4.458334 4.791666 3.825758 
1073 4.375 4.708334 3.825758 
1074 4.458333 4.708334 3.901515 
1075 4.375 4.791666 3.901515 
1076 4.458334 4.708334 3.825757 
1077 4.375 4.791666 3.825758 
1078 4.458333 4.791666 3.901515 
1079 4.541667 4.791666 3.825757 
1080 4.625 4.708334 3.825758 
1081 4.541666 4.708333 3.901515 
1082 4.625 4.791666 3.901515 
1083 4.541666 4.708333 3.825757 
1084 4.625 4.791666 3.825757 
1085 4.541666 4.791666 3.901515 
1086 4.458334 4.875 3.825757 
1087 4.375 4.958334 3.825758 
1088 4.375 4.875 3.901515 
1089 4.458333 4.958333 3.901515 
1090 4.375 4.875 3.825757 
1091 4.458334 4.958333 3.825758 
1092 4.458334 4.875 3.901515 
1093 4.541666 4.875 3.825757 
1094 4.625 4.958334 3.825758 
1095 4.625 4.875 3.901515 
1096 4.541666 4.958333 3.901515 
1097 4.625 4.875 3.825757 
1098 4.541667 4.958334 3.825758 
1099 4.541667 4.875 3.901515 
1100 4.875 4.791666 3.75 
1101 4.958334 4.708334 3.75 
1102 4.875 4.708334 3.75 
1103 4.958333 4.791666 3.75 
1104 4.791666 4.875 3.75 
1105 4.708334 4.958334 3.75 
1106 4.708334 4.875 3.75 
1107 4.791666 4.958333 3.75 
1108 4.875 4.875 3.75 
1109 4.958333 4.958334 3.75 
1110 4.958334 4.875 3.75 
1111 4.875 4.958334 3.75 
1112 4.791666 4.791666 3.825757 
1113 4.708334 4.708334 3.825758 
1114 4.791666 4.708334 3.901515 
1115 4.708334 4.791666 3.901515 
1116 4.791666 4.708334 3.825758 
1117 4.708334 4.791666 3.825757 
1118 4.791666 4.791666 3.901515 
1119 4.875 4.791666 3.825757 
1120 4.958334 4.708334 3.825757 
1121 4.875 4.708334 3.901515 
1122 4.958333 4.791666 3.901515 
1123 4.875 4.708334 3.825758 
1124 4.958333 4.791666 3.825757 
1125 4.875 4.791666 3.901515 
1126 4.791666 4.875 3.825758 
1127 4.708334 4.958333 3.825757 
1128 4.708334 4.875 3.901515 
1129 4.791666 4.958333 3.901515 
1130 4.708334 4.875 3.825758 
1131 4.791666 4.958333 3.825758 
1132 4.791666 4.875 3.901515 
1133 4.875 4.875 3.825757 
1134 4.958333 4.958333 3.825757 
1135 4.958334 4.875 3.901515 
1136 4.875 4.958334 3.901515 
1137 4.958334 4.875 3.825758 
1138 4.875 4.958333 3.825757 
1139 4.875 4.875 3.901515 
1140 5.208333 4.791666 3.75 
1141 5.291667 4.708334 3.75 
1142 5.208334 4.708334 3.75 
1143 5.291666 4.791666 3.75 
1144 5.125 4.875 3.75 
1145 5.041666 4.958334 3.75 
1146 5.041666 4.875 3.75 
1147 5.125 4.958334 3.75 
1148 5.208334 4.875 3.75 
1149 5.291667 4.958334 3.75 
1150 5.291666 4.875 3.75 
1151 5.208334 4.958333 3.75 
1152 5.125 4.791666 3.825757 
1153 5.041667 4.708334 3.825758 
1154 5.125 4.708334 3.901515 
1155 5.041666 4.791666 3.901515 
1156 5.125 4.708333 3.825757 
1157 5.041666 4.791666 3.825757 
1158 5.125 4.791666 3.901515 
1159 5.208334 4.791666 3.825757 
1160 5.291666 4.708333 3.825757 
1161 5.208334 4.708333 3.901515 
1162 5.291666 4.791666 3.901515 
1163 5.208334 4.708334 3.825757 
1164 5.291666 4.791666 3.825757 
1165 5.208333 4.791666 3.901515 
1166 5.125 4.875 3.825758 
1167 5.041666 4.958334 3.825758 
1168 5.041666 4.875 3.901515 
1169 5.125 4.958333 3.901515 
1170 5.041666 4.875 3.825758 
1171 5.125 4.958334 3.825757 
1172 5.125 4.875 3.901515 
1173 5.208334 4.875 3.825757 
1174 5.291666 4.958333 3.825757 
1175 5.291666 4.875 3.901515 
1176 5.208333 4.958333 3.901515 
1177 5.291666 4.875 3.825758 
1178 5.208334 4.958334 3.825757 
1179 5.208334 4.875 3.901515 
1180 5.541666 4.791666 3.75 
1181 5.625 4.708334 3.75 
1182 5.541666 4.708333 3.75 
1183 5.625 4.791666 3.75 
1184 5.458333 4.875 3.75 
1185 5.375 4.958334 3.75 
1186 5.375 4.875 3.75 
1187 5.458333 4.958334 3.75 
1188 5.541666 4.875 3.75 
1189 5.625 4.958334 3.75 
1190 5.625 4.875 3.75 
1191 5.541666 4.958334 3.75 
1192 5.458333 4.791666 3.825758 
1193 5.375 4.708334 3.825758 
1194 5.458333 4.708334 3.901515 
1195 5.375 4.791666 3.901515 
1196 5.458333 4.708334 3.825758 
1197 5.375 4.791667 3.825758 
1198 5.458333 4.791666 3.901515 
1199 5.541666 4.791666 3.825757 
1200 5.625 4.708334 3.825758 
1201 5.541666 4.708333 3.901515 
1202 5.625 4.791666 3.901515 
1203 5.541666 4.708334 3.825758 
1204 5.625 4.791666 3.825757 
1205 5.541666 4.791666 3.901515 
1206 5.458334 4.875 3.825758 
1207 5.375 4.958334 3.825757 
1208 5.375 4.875 3.901515 
1209 5.458333 4.958333 3.901515 
1210 5.375 4.875 3.825757 
1211 5.458333 4.958333 3.825758 
1212 5.458334 4.875 3.901515 
1213 5.541667 4.875 3.825758 
1214 5.625 4.958334 3.825757 
1215 5.625 4.875 3.901515 
1216 5.541666 4.958333 3.901515 
1217 5.625 4.875 3.825757 
1218 5.541666 4.958334 3.825757 
1219 5.541666 4.875 3.901515 
1220 5.873092 4.791666 3.751734 
1221 5.947941 4.708334 3.759447 
1222 5.873092 4.708333 3.751734 
1223 5.947941 4.791666 3.759447 
1224 5.791495 4.875 3.750156 
1225 5.708333 4.958333 3.75 
1226 5.708334 4.875 3.75 
1227 5.791495 4.958333 3.750156 
1228 5.873092 4.875 3.751734 
1229 5.947941 4.958334 3.759447 
1230 5.947941 4.875 3.759447 
1231 5.873092 4.958334 3.751734 
1232 5.791666 4.791666 3.825758 
1233 5.708334 4.708334 3.825758 
1234 5.791666 4.708333 3.901515 
1235 5.708333 4.791666 3.901515 
1236 5.791666 4.708334 3.825758 
1237 5.708333 4.791666 3.825757 
1238 5.791666 4.791666 3.901515 
1239 5.875 4.791666 3.825757 
1240 5.956255 4.708334 3.827335 
1241 5.875 4.708334 3.901515 
1242 5.956255 4.791667 3.899937 
1243 5.875 4.708334 3.825758 
1244 5.956255 4.791666 3.827335 
1245 5.875 4.791667 3.901515 
1246 5.791666 4.875 3.825758 
1247 5.708334 4.958333 3.825757 
1248 5.708334 4.875 3.901515 
1249 5.791666 4.958333 3.901515 
1250 5.708333 4.875 3.825758 
1251 5.791667 4.958333 3.825758 
1252 5.791666 4.875 3.901515 
1253 5.875 4.875 3.825757 
1254 5.956255 4.958334 3.827335 
1255 5.956255 4.875 3.899937 
1256 5.875 4.958334 3.901515 
1257 5.956255 4.875 3.827335 
1258 5.875 4.958333 3.825757 
1259 5.875 4.875 3.901515 
1260 4.208505 5.125 3.750156 
1261 4.291666 5.041666 3.75 
1262 4.208505 5.041667 3.750156 
1263 4.291666 5.125 3.75 
1264 4.126908 5.208333 3.751734 
1265 4.052059 5.291666 3.759447 
1266 4.052059 5.208334 3.759447 
1267 4.126908 5.291666 3.751734 
1268 4.208505 5.208334 3.750156 
1269 4.291666 5.291666 3.75 
1270 4.291666 5.208333 3.75 
1271 4.208505 5.291666 3.750156 
1272 4.125 5.125 3.825757 
1273 4.043745 5.041666 3.827335 
1274 4.125 5.041666 3.901515 
1275 4.043745 5.125 3.899937 
1276 4.125 5.041666 3.825757 
1277 4.043745 5.125 3.827335 
1278 4.125 5.125 3.901515 
1279 4.208333 5.125 3.825757 
1280 4.291666 5.041666 3.825758 
1281 4.208334 5.041666 3.901515 
1282 4.291666 5.125 3.901515 
1283 4.208334 5.041667 3.825758 
1284 4.291666 5.125 3.825757 
1285 4.208333 5.125 3.901515 
1286 4.125 5.208334 3.825757 
1287 4.043745 5.291666 3.827335 
1288 4.043745 5.208334 3.899937 
1289 4.125 5.291666 3.901515 
1290 4.043745 5.208334 3.827335 
1291 4.125 5.291666 3.825758 
1292 4.125 5.208334 3.901515 
1293 4.208334 5.208334 3.825758 
1294 4.291666 5.291666 3.825757 
1295 4.291666 5.208334 3.901515 
1296 4.208334 5.291666 3.901515 
1297 4.291666 5.208334 3.825757 
1298 4.208334 5.291666 3.825758 
1299 4.208333 5.208333 3.901515 
1300 4.541666 5.125 3.75 
1301 4.625 5.041666 3.75 
1302 4.541666 5.041666 3.75 
1303 4.625 5.125 3.75 
1304 4.458333 5.208334 3.75 
1305 4.375 5.291666 3.75 
1306 4.375 5.208334 3.75 
1307 4.458333 5.291666 3.75 
1308 4.541666 5.208333 3.75 
1309 4.625 5.291667 3.75 
1310 4.625 5.208334 3.75 
1311 4.541666 5.291666 3.75 
1312 4.458334 5.125 3.825758 
1313 4.375 5.041666 3.825758 
1314 4.458333 5.041666 3.901515 
1315 4.375 5.125 3.901515 
1316 4.458334 5.041667 3.825758 
1317 4.375 5.125 3.825757 
1318 4.458334 5.125 3.901515 
1319 4.541666 5.125 3.825758 
1320 4.625 5.041666 3.825758 
1321 4.541666 5.041666 3.901515 
1322 4.625 5.125 3.901515 
1323 4.541666 5.041666 3.825757 
1324 4.625 5.125 3.825757 
1325 4.541667 5.125 3.901515 
1326 4.458334 5.208334 3.825757 
1327 4.375 5.291666 3.825758 
1328 4.375 5.208333 3.901515 
1329 4.458333 5.291666 3.901515 
1330 4.375 5.208334 3.825758 
1331 4.458333 5.291666 3.825757 
1332 4.458333 5.208333 3.901515 
1333 4.541666 5.208334 3.825758 
1334 4.625 5.291666 3.825758 
1335 4.625 5.208334 3.901515 
1336 4.541667 5.291666 3.901515 
1337 4.625 5.208333 3.825758 
1338 4.541667 5.291666 3.825758 
1339 4.541666 5.208333 3.901515 
1340 4.875 5.125 3.75 
1341 4.958334 5.041666 3.75 
1342 4.875 5.041666 3.75 
1343 4.958334 5.125 3.75 
1344 4.791666 5.208334 3.75 
1345 4.708334 5.291667 3.75 
1346 4.708334 5.208333 3.75 
1347 4.791666 5.291666 3.75 
1348 4.875 5.208334 3.75 
1349 4.958333 5.291667 3.75 
1350 4.958333 5.208333 3.75 
1351 4.875 5.291666 3.75 
1352 4.791666 5.125 3.825758 
1353 4.708334 5.041666 3.825758 
1354 4.791666 5.041666 3.901515 
1355 4.708334 5.125 3.901515 
1356 4.791666 5.041666 3.825757 
1357 4.708334 5.125 3.825758 
1358 4.791666 5.125 3.901515 
1359 4.875 5.125 3.825757 
1360 4.958334 5.041666 3.825758 
1361 4.875 5.041666 3.901515 
1362 4.958333 5.125 3.901515 
1363 4.875 5.041666 3.825758 
1364 4.958333 5.125 3.825757 
1365 4.875 5.125 3.901515 
1366 4.791666 5.208334 3.825757 
1367 4.708334 5.291667 3.825757 
1368 4.708334 5.208333 3.901515 
1369 4.791666 5.291666 3.901515 
1370 4.708334 5.208334 3.825758 
1371 4.791666 5.291666 3.825757 
1372 4.791667 5.208333 3.901515 
1373 4.875 5.208334 3.825758 
1374 4.958333 5.291666 3.825757 
1375 4.958333 5.208334 3.901515 
1376 4.875 5.291666 3.901515 
1377 4.958333 5.208334 3.825757 
1378 4.875 5.291666 3.825757 
1379 4.875 5.208334 3.901515 
1380 5.208334 5.125 3.75 
1381 5.291667 5.041666 3.75 
1382 5.208334 5.041666 3.75 
1383 5.291666 5.125 3.75 
1384 5.125 5.208334 3.75 
1385 5.041666 5.291667 3.75 
1386 5.041666 5.208334 3.75 
1387 5.125 5.291666 3.75 
1388 5.208333 5.208333 3.75 
1389 5.291667 5.291666 3.75 
1390 5.291666 5.208333 3.75 
1391 5.208334 5.291666 3.75 
1392 5.125 5.125 3.825757 
1393 5.041666 5.041666 3.825758 
1394 5.125 5.041666 3.901515 
1395 5.041666 5.125 3.901515 
1396 5.125 5.041666 3.825758 
1397 5.041666 5.125 3.825758 
1398 5.125 5.125 3.901515 
1399 5.208333 5.125 3.825758 
1400 5.291666 5.041666 3.825757 
1401 5.208333 5.041666 3.901515 
1402 5.291666 5.125 3.901515 
1403 5.208334 5.041667 3.825758 
1404 5.291666 5.125 3.825758 
1405 5.208334 5.125 3.901515 
1406 5.125 5.208334 3.825758 
1407 5.041666 5.291666 3.825757 
1408 5.041666 5.208333 3.901515 
1409 5.125 5.291666 3.901515 
1410 5.041666 5.208334 3.825758 
1411 5.125 5.291666 3.825758 
1412 5.125 5.208334 3.901515 
1413 5.208334 5.208334 3.825758 
1414 5.291666 5.291666 3.825757 
1415 5.291666 5.208333 3.901515 
1416 5.208333 5.291666 3.901515 
1417 5.291666 5.208334 3.825758 
1418 5.208334 5.291666 3.825758 
1419 5.208333 5.208333 3.901515 
1420 5.541666 5.125 3.75 
1421 5.625 5.041666 3.75 
1422 5.541666 5.041666 3.75 
1423 5.625 5.125 3.75 
1424 5.458333 5.208334 3.75 
1425 5.375 5.291666 3.75 
1426 5.375 5.208334 3.75 
1427 5.458333 5.291666 3.75 
1428 5.541666 5.208334 3.75 
1429 5.625 5.291666 3.75 
1430 5.625 5.208334 3.75 
1431 5.541666 5.291666 3.75 
1432 5.458333 5.125 3.825758 
1433 5.375 5.041666 3.825757 
1434 5.458334 5.041666 3.901515 
1435 5.375 5.125 3.901515 
1436 5.458333 5.041666 3.825757 
1437 5.375 5.125 3.825757 
1438 5.458333 5.125 3.901515 
1439 5.541666 5.125 3.825757 
1440 5.625 5.041666 3.825758 
1441 5.541666 5.041666 3.901515 
1442 5.625 5.125 3.901515 
1443 5.541666 5.041667 3.825757 
1444 5.625 5.125 3.825757 
1445 5.541666 5.125 3.901515 
1446 5.458334 5.208334 3.825758 
1447 5.375 5.291666 3.825758 
1448 5.375 5.208333 3.901515 
1449 5.458334 5.291666 3.901515 
1450 5.375 5.208334 3.825758 
1451 5.458333 5.291666 3.825757 
1452 5.458333 5.208333 3.901515 
1453 5.541666 5.208334 3.825758 
1454 5.625 5.291666 3.825757 
1455 5.625 5.208334 3.901515 
1456 5.541666 5.291666 3.901515 
1457 5.625 5.208334 3.825757 
1458 5.541666 5.291666 3.825757 
1459 5.541666 5.208333 3.901515 
1460 5.873092 5.125 3.751734 
1461 5.947941 5.041666 3.759447 
1462 5.873092 5.041666 3.751734 
1463 5.947941 5.125 3.759447 
1464 5.791495 5.208334 3.750156 
1465 5.708333 5.291666 3.75 
1466 5.708334 5.208333 3.75 
1467 5.791495 5.291666 3.750156 
1468 5.873092 5.208333 3.751734 
1469 5.947941 5.291667 3.759447 
1470 5.947941 5.208334 3.759447 
1471 5.873092 5.291666 3.751734 
1472 5.791666 5.125 3.825758 
1473 5.708334 5.041666 3.825758 
1474 5.791666 5.041666 3.901515 
1475 5.708334 5.125 3.901515 
1476 5.791666 5.041666 3.825757 
1477 5.708334 5.125 3.825758 
1478 5.791666 5.125 3.901515 
1479 5.875 5.125 3.825757 
1480 5.956255 5.041666 3.827335 
1481 5.875 5.041666 3.901515 
1482 5.956255 5.125 3.899937 
1483 5.875 5.041666 3.825758 
1484 5.956255 5.125 3.827335 
1485 5.875 5.125 3.901515 
1486 5.791667 5.208334 3.825757 
1487 5.708334 5.291667 3.825757 
1488 5.708333 5.208334 3.901515 
1489 5.791666 5.291666 3.901515 
1490 5.708334 5.208334 3.825758 
1491 5.791666 5.291666 3.825757 
1492 5.791666 5.208333 3.901515 
1493 5.875 5.208334 3.825758 
1494 5.956255 5.291667 3.827335 
1495 5.956255 5.208334 3.899937 
1496 5.875 5.291667 3.901515 
1497 5.956255 5.208334 3.827335 
1498 5.875 5.291666 3.825757 
1499 5.875 5.208334 3.901515 
1500 4.208505 5.458334 3.750156 
1501 4.291666 5.375 3.75 
1502 4.208505 5.375 3.750156 
1503 4.291667 5.458334 3.75 
1504 4.126908 5.541666 3.751734 
1505 4.052059 5.625 3.759447 
1506 4.052059 5.541666 3.759447 
1507 4.126908 5.625 3.751734 
1508 4.208505 5.541666 3.750156 
1509 4.291667 5.625 3.75 
1510 4.291666 5.541666 3.75 
1511 4.208505 5.625 3.750156 
1512 4.125 5.458334 3.825757 
1513 4.043745 5.375 3.827335 
1514 4.125 5.375 3.901515 
1515 4.043745 5.458333 3.899937 
1516 4.125 5.375 3.825757 
1517 4.043745 5.458333 3.827335 
1518 4.125 5.458334 3.901515 
1519 4.208334 5.458334 3.825757 
1520 4.291666 5.375 3.825758 
1521 4.208333 5.375 3.901515 
1522 4.291666 5.458333 3.901515 
1523 4.208333 5.375 3.825757 
1524 4.291666 5.458333 3.825758 
1525 4.208334 5.458333 3.901515 
1526 4.125 5.541667 3.825758 
1527 4.043745 5.625 3.827335 
1528 4.043745 5.541666 3.899937 
1529 4.125 5.625 3.901515 
1530 4.043745 5.541666 3.827335 
1531 4.125 5.625 3.825757 
1532 4.125 5.541667 3.901515 
1533 4.208334 5.541666 3.825757 
1534 4.291666 5.625 3.825757 
1535 4.291666 5.541666 3.901515 
1536 4.208334 5.625 3.901515 
1537 4.291666 5.541666 3.825758 
1538 4.208334 5.625 3.825758 
1539 4.208333 5.541666 3.901515 
1540 4.541666 5.458333 3.75 
1541 4.625 5.375 3.75 
1542 4.541667 5.375 3.75 
1543 4.625 5.458333 3.75 
1544 4.458334 5.541666 3.75 
1545 4.375 5.625 3.75 
1546 4.375 5.541667 3.75 
1547 4.458333 5.625 3.75 
1548 4.541666 5.541666 3.75 
1549 4.625 5.625 3.75 
1550 4.625 5.541667 3.75 
1551 4.541667 5.625 3.75 
1552 4.458334 5.458333 3.825758 
1553 4.375 5.375 3.825757 
1554 4.458334 5.375 3.901515 
1555 4.375 5.458333 3.901515 
1556 4.458334 5.375 3.825758 
1557 4.375 5.458334 3.825758 
1558 4.458333 5.458333 3.901515 
1559 4.541667 5.458333 3.825757 
1560 4.625 5.375 3.825757 
1561 4.541666 5.375 3.901515 
1562 4.625 5.458334 3.901515 
1563 4.541666 5.375 3.825757 
1564 4.625 5.458333 3.825757 
1565 4.541667 5.458333 3.901515 
1566 4.458334 5.541666 3.825758 
1567 4.375 5.625 3.825758 
1568 4.375 5.541666 3.901515 
1569 4.458333 5.625 3.901515 
1570 4.375 5.541666 3.825757 
1571 4.458333 5.625 3.825758 
1572 4.458334 5.541666 3.901515 
1573 4.541666 5.541666 3.825757 
1574 4.625 5.625 3.825757 
1575 4.625 5.541666 3.901515 
1576 4.541667 5.625 3.901515 
1577 4.625 5.541666 3.825758 
1578 4.541667 5.625 3.825758 
1579 4.541666 5.541666 3.901515 
1580 4.875 5.458333 3.75 
1581 4.958334 5.375 3.75 
1582 4.875 5.375 3.75 
1583 4.958333 5.458333 3.75 
1584 4.791666 5.541666 3.75 
1585 4.708334 5.625 3.75 
1586 4.708334 5.541666 3.75 
1587 4.791666 5.625 3.75 
1588 4.875 5.541667 3.75 
1589 4.958334 5.625 3.75 
1590 4.958334 5.541666 3.75 
1591 4.875 5.625 3.75 
1592 4.791666 5.458333 3.825758 
1593 4.708334 5.375 3.825757 
1594 4.791666 5.375 3.901515 
1595 4.708334 5.458333 3.901515 
1596 4.791666 5.375 3.825758 
1597 4.708334 5.458333 3.825757 
1598 4.791666 5.458333 3.901515 
1599 4.875 5.458334 3.825757 
1600 4.958334 5.375 3.825757 
1601 4.875 5.375 3.901515 
1602 4.958333 5.458333 3.901515 
1603 4.875 5.375 3.825758 
1604 4.958333 5.458333 3.825757 
1605 4.875 5.458334 3.901515 
1606 4.791666 5.541666 3.825757 
1607 4.708334 5.625 3.825757 
1608 4.708334 5.541666 3.901515 
1609 4.791666 5.625 3.901515 
1610 4.708334 5.541666 3.825758 
1611 4.791667 5.625 3.825758 
1612 4.791666 5.541666 3.901515 
1613 4.875 5.541667 3.825758 
1614 4.958334 5.625 3.825758 
1615 4.958333 5.541666 3.901515 
1616 4.875 5.625 3.901515 
1617 4.958333 5.541666 3.825758 
1618 4.875 5.625 3.825757 
1619 4.875 5.541666 3.901515 
1620 5.208333 5.458333 3.75 
1621 5.291666 5.375 3.75 
1622 5.208334 5.375 3.75 
1623 5.291666 5.458333 3.75 
1624 5.125 5.541666 3.75 
1625 5.041666 5.625 3.75 
1626 5.041666 5.541666 3.75 
1627 5.125 5.625 3.75 
1628 5.208333 5.541666 3.75 
1629 5.291667 5.625 3.75 
1630 5.291666 5.541666 3.75 
1631 5.208334 5.625 3.75 
1632 5.125 5.458334 3.825757 
1633 5.041666 5.375 3.825757 
1634 5.125 5.375 3.901515 
1635 5.041666 5.458333 3.901515 
1636 5.125 5.375 3.825757 
1637 5.041666 5.458333 3.825757 
1638 5.125 5.458333 3.901515 
1639 5.208334 5.458333 3.825757 
1640 5.291666 5.375 3.825758 
1641 5.208333 5.375 3.901515 
1642 5.291666 5.458333 3.901515 
1643 5.208334 5.375 3.825757 
1644 5.291666 5.458333 3.825757 
1645 5.208333 5.458333 3.901515 
1646 5.125 5.541667 3.825758 
1647 5.041667 5.625 3.825757 
1648 5.041666 5.541666 3.901515 
1649 5.125 5.625 3.901515 
1650 5.041666 5.541666 3.825758 
1651 5.125 5.625 3.825757 
1652 5.125 5.541666 3.901515 
1653 5.208334 5.541666 3.825757 
1654 5.291666 5.625 3.825757 
1655 5.291666 5.541666 3.901515 
1656 5.208334 5.625 3.901515 
1657 5.291666 5.541666 3.825758 
1658 5.208334 5.625 3.825758 
1659 5.208333 5.541666 3.901515 
1660 5.541666 5.458333 3.75 
1661 5.625 5.375 3.75 
1662 5.541667 5.375 3.75 
1663 5.625 5.458333 3.75 
1664 5.458333 5.541666 3.75 
1665 5.375 5.625 3.75 
1666 5.375 5.541667 3.75 
1667 5.458333 5.625 3.75 
1668 5.541666 5.541666 3.75 
1669 5.625 5.625 3.75 
1670 5.625 5.541666 3.75 
1671 5.541666 5.625 3.75 
1672 5.458334 5.458334 3.825757 
1673 5.375 5.375 3.825757 
1674 5.458334 5.375 3.901515 
1675 5.375 5.458333 3.901515 
1676 5.458333 5.375 3.825758 
1677 5.375 5.458334 3.825758 
1678 5.458333 5.458333 3.901515 
1679 5.541666 5.458333 3.825757 
1680 5.625 5.375 3.825757 
1681 5.541666 5.375 3.901515 
1682 5.625 5.458334 3.901515 
1683 5.541667 5.375 3.825758 
1684 5.625 5.458333 3.825757 
1685 5.541666 5.458333 3.901515 
1686 5.458333 5.541666 3.825757 
1687 5.375 5.625 3.825757 
1688 5.375 5.541666 3.901515 
1689 5.458333 5.625 3.901515 
1690 5.375 5.541666 3.825757 
1691 5.458334 5.625 3.825758 
1692 5.458333 5.541666 3.901515 
1693 5.541666 5.541666 3.825758 
1694 5.625 5.625 3.825757 
1695 5.625 5.541666 3.901515 
1696 5.541667 5.625 3.901515 
1697 5.625 5.541666 3.825757 
1698 5.541666 5.625 3.825758 
1699 5.541666 5.541666 3.901515 
1700 5.873092 5.458333 3.751734 
1701 5.947941 5.375 3.759447 
1702 5.873092 5.375 3.751734 
1703 5.947941 5.458334 3.759447 
1704 5.791495 5.541666 3.750156 
1705 5.708333 5.625 3.75 
1706 5.708334 5.541666 3.75 
1707 5.791495 5.625 3.750156 
1708 5.873092 5.541666 3.751734 
1709 5.947941 5.625 3.759447 
1710 5.947941 5.541666 3.759447 
1711 5.873092 5.625 3.751734 
1712 5.791666 5.458334 3.825757 
1713 5.708333 5.375 3.825757 
1714 5.791666 5.375 3.901515 
1715 5.708333 5.458333 3.901515 
1716 5.791666 5.375 3.825758 
1717 5.708333 5.458333 3.825757 
1718 5.791666 5.458333 3.901515 
1719 5.875 5.458334 3.825757 
1720 5.956255 5.375 3.827335 
1721 5.875 5.375 3.901515 
1722 5.956255 5.458334 3.899937 
1723 5.875 5.375 3.825757 
1724 5.956255 5.458333 3.827335 
1725 5.875 5.458334 3.901515 
1726 5.791667 5.541666 3.825758 
1727 5.708333 5.625 3.825758 
1728 5.708333 5.541666 3.901515 
1729 5.791666 5.625 3.901515 
1730 5.708333 5.541666 3.825758 
1731 5.791666 5.625 3.825757 
1732 5.791666 5.541666 3.901515 
1733 5.875 5.541667 3.825758 
1734 5.956255 5.625 3.827335 
1735 5.956255 5.541666 3.899937 
1736 5.875 5.625 3.901515 
1737 5.956255 5.541666 3.827335 
1738 5.875 5.625 3.825758 
1739 5.875 5.541666 3.901515 
1740 4.208507 5.791493 3.750311 
1741 4.291666 5.708334 3.75 
1742 4.208505 5.708333 3.750156 
1743 4.291667 5.791495 3.750156 
1744 4.126982 5.873018 3.753326 
1745 4.057435 5.942565 3.764447 
1746 4.053093 5.871978 3.760362 
1747 4.128022 5.946907 3.760362 
1748 4.208514 5.873082 3.751877 
1749 4.291666 5.947941 3.759447 
1750 4.291666 5.873092 3.751734 
1751 4.208606 5.947845 3.759532 
1752 4.125 5.791666 3.825758 
1753 4.043745 5.708333 3.827335 
1754 4.125 5.708334 3.901515 
1755 4.043902 5.791485 3.899931 
1756 4.125 5.708333 3.825758 
1757 4.043902 5.791485 3.827341 
1758 4.125 5.791666 3.901515 
1759 4.208334 5.791667 3.825758 
1760 4.291666 5.708334 3.825758 
1761 4.208334 5.708333 3.901515 
1762 4.291666 5.791666 3.901515 
1763 4.208333 5.708333 3.825757 
1764 4.291666 5.791666 3.825758 
1765 4.208334 5.791667 3.901515 
1766 4.125 5.875 3.825757 
1767 4.053277 5.946723 3.827987 
1768 4.045492 5.873007 3.899895 
1769 4.126993 5.954508 3.899895 
1770 4.045492 5.873007 3.827377 
1771 4.126993 5.954508 3.827377 
1772 4.125 5.875 3.901515 
1773 4.208334 5.875 3.825757 
1774 4.291666 5.956255 3.827335 
1775 4.291666 5.875 3.901515 
1776 4.208515 5.956098 3.899931 
1777 4.291666 5.875 3.825758 
1778 4.208515 5.956098 3.827341 
1779 4.208333 5.875 3.901515 
1780 4.541666 5.791495 3.750156 
1781 4.625 5.708333 3.75 
1782 4.541667 5.708334 3.75 
1783 4.625 5.791495 3.750156 
1784 4.458334 5.873092 3.751734 
1785 4.375 5.947941 3.759447 
1786 4.375 5.873092 3.751734 
1787 4.458333 5.947941 3.759447 
1788 4.541666 5.873092 3.751734 
1789 4.625 5.947941 3.759447 
1790 4.625 5.873092 3.751734 
1791 4.541666 5.947941 3.759447 
1792 4.458334 5.791666 3.825757 
1793 4.375 5.708333 3.825757 
1794 4.458333 5.708333 3.901515 
1795 4.375 5.791666 3.901515 
1796 4.458334 5.708334 3.825757 
1797 4.375 5.791666 3.825758 
1798 4.458333 5.791666 3.901515 
1799 4.541667 5.791667 3.825757 
1800 4.625 5.708333 3.825758 
1801 4.541666 5.708333 3.901515 
1802 4.625 5.791666 3.901515 
1803 4.541666 5.708333 3.825757 
1804 4.625 5.791666 3.825758 
1805 4.541666 5.791667 3.901515 
1806 4.458334 5.875 3.825757 
1807 4.375 5.956255 3.827335 
1808 4.375 5.875 3.901515 
1809 4.458334 5.956255 3.899937 
1810 4.375 5.875 3.825758 
1811 4.458334 5.956255 3.827335 
1812 4.458334 5.875 3.901515 
1813 4.541666 5.875 3.825757 
1814 4.625 5.956255 3.827335 
1815 4.625 5.875 3.901515 
1816 4.541666 5.956255 3.899937 
1817 4.625 5.875 3.825758 
1818 4.541666 5.956255 3.827335 
1819 4.541667 5.875 3.901515 
1820 4.875 5.791495 3.750156 
1821 4.958333 5.708333 3.75 
1822 4.875 5.708334 3.75 
1823 4.958334 5.791495 3.750156 
1824 4.791666 5.873092 3.751734 
1825 4.708334 5.947941 3.759447 
1826 4.708333 5.873092 3.751734 
1827 4.791666 5.947941 3.759447 
1828 4.875 5.873092 3.751734 
1829 4.958333 5.947941 3.759447 
1830 4.958334 5.873092 3.751734 
1831 4.875 5.947941 3.759447 
1832 4.791666 5.791666 3.825757 
1833 4.708334 5.708334 3.825758 
1834 4.791666 5.708333 3.901515 
1835 4.708334 5.791666 3.901515 
1836 4.791666 5.708334 3.825758 
1837 4.708334 5.791667 3.825757 
1838 4.791667 5.791666 3.901515 
1839 4.875 5.791666 3.825757 
1840 4.958334 5.708334 3.825758 
1841 4.875 5.708334 3.901515 
1842 4.958333 5.791666 3.901515 
1843 4.875 5.708334 3.825758 
1844 4.958333 5.791666 3.825757 
1845 4.875 5.791666 3.901515 
1846 4.791666 5.875 3.825758 
1847 4.708333 5.956255 3.827335 
1848 4.708334 5.875 3.901515 
1849 4.791666 5.956255 3.899937 
1850 4.708334 5.875 3.825758 
1851 4.791666 5.956255 3.827335 
1852 4.791666 5.875 3.901515 
1853 4.875 5.875 3.825757 
1854 4.958333 5.956255 3.827335 
1855 4.958334 5.875 3.901515 
1856 4.875 5.956255 3.899937 
1857 4.958334 5.875 3.825758 
1858 4.875 5.956255 3.827335 
1859 4.875 5.875 3.901515 
1860 5.208334 5.791495 3.750156 
1861 5.291666 5.708333 3.75 
1862 5.208333 5.708333 3.75 
1863 5.291666 5.791495 3.750156 
1864 5.125 5.873092 3.751734 
1865 5.041666 5.947941 3.759447 
1866 5.041666 5.873092 3.751734 
1867 5.125 5.947941 3.759447 
1868 5.208334 5.873092 3.751734 
1869 5.291666 5.947941 3.759447 
1870 5.291666 5.873092 3.751734 
1871 5.208334 5.947941 3.759447 
1872 5.125 5.791666 3.825758 
1873 5.041667 5.708334 3.825758 
1874 5.125 5.708334 3.901515 
1875 5.041666 5.791666 3.901515 
1876 5.125 5.708333 3.825757 
1877 5.041666 5.791666 3.825757 
1878 5.125 5.791666 3.901515 
1879 5.208334 5.791667 3.825757 
1880 5.291666 5.708333 3.825757 
1881 5.208333 5.708333 3.901515 
1882 5.291666 5.791666 3.901515 
1883 5.208334 5.708333 3.825757 
1884 5.291666 5.791666 3.825757 
1885 5.208334 5.791667 3.901515 
1886 5.125 5.875 3.825757 
1887 5.041666 5.956255 3.827335 
1888 5.041666 5.875 3.901515 
1889 5.125 5.956255 3.899937 
1890 5.041666 5.875 3.825757 
1891 5.125 5.956255 3.827335 
1892 5.125 5.875 3.901515 
1893 5.208334 5.875 3.825757 
1894 5.291666 5.956255 3.827335 
1895 5.291666 5.875 3.901515 
1896 5.208333 5.956255 3.899937 
1897 5.291666 5.875 3.825758 
1898 5.208333 5.956255 3.827335 
1899 5.208334 5.875 3.901515 
1900 5.541666 5.791495 3.750156 
1901 5.625 5.708333 3.75 
1902 5.541666 5.708333 3.75 
1903 5.625 5.791495 3.750156 
1904 5.458333 5.873092 3.751734 
1905 5.375 5.947941 3.759447 
1906 5.375 5.873092 3.751734 
1907 5.458333 5.947941 3.759447 
1908 5.541666 5.873092 3.751734 
1909 5.625 5.947941 3.759447 
1910 5.625 5.873092 3.751734 
1911 5.541666 5.947941 3.759447 
1912 5.458333 5.791666 3.825757 
1913 5.375 5.708333 3.825757 
1914 5.458333 5.708333 3.901515 
1915 5.375 5.791666 3.901515 
1916 5.458333 5.708334 3.825758 
1917 5.375 5.791666 3.825757 
1918 5.458333 5.791666 3.901515 
1919 5.541666 5.791667 3.825757 
1920 5.625 5.708333 3.825758 
1921 5.541666 5.708334 3.901515 
1922 5.625 5.791666 3.901515 
1923 5.541666 5.708334 3.825757 
1924 5.625 5.791666 3.825758 
1925 5.541666 5.791667 3.901515 
1926 5.458334 5.875 3.825758 
1927 5.375 5.956255 3.827335 
1928 5.375 5.875 3.901515 
1929 5.458333 5.956255 3.899937 
1930 5.375 5.875 3.825757 
1931 5.458333 5.956255 3.827335 
1932 5.458333 5.875 3.901515 
1933 5.541667 5.875 3.825758 
1934 5.625 5.956255 3.827335 
1935 5.625 5.875 3.901515 
1936 5.541666 5.956255 3.899937 
1937 5.625 5.875 3.825757 
1938 5.541666 5.956255 3.827335 
1939 5.541666 5.875 3.901515 
1940 5.873082 5.791486 3.751877 
1941 5.947941 5.708333 3.759447 
1942 5.873092 5.708333 3.751734 
1943 5.947845 5.791394 3.759532 
1944 5.791486 5.873082 3.751877 
1945 5.708334 5.947941 3.759447 
1946 5.708333 5.873092 3.751734 
1947 5.791394 5.947845 3.759532 
1948 5.873018 5.873018 3.753326 
1949 5.942565 5.942565 3.764447 
1950 5.946907 5.871978 3.760362 
1951 5.871978 5.946907 3.760362 
1952 5.791666 5.791666 3.825757 
1953 5.708334 5.708334 3.825758 
1954 5.791666 5.708333 3.901515 
1955 5.708333 5.791666 3.901515 
1956 5.791666 5.708334 3.825758 
1957 5.708333 5.791666 3.825757 
1958 5.791667 5.791666 3.901515 
1959 5.875 5.791666 3.825757 
1960 5.956255 5.708334 3.827335 
1961 5.875 5.708333 3.901515 
1962 5.956098 5.791485 3.899931 
1963 5.875 5.708334 3.825758 
1964 5.956098 5.791485 3.827341 
1965 5.875 5.791666 3.901515 
1966 5.791666 5.875 3.825758 
1967 5.708333 5.956255 3.827335 
1968 5.708334 5.875 3.901515 
1969 5.791485 5.956098 3.899931 
1970 5.708333 5.875 3.825757 
1971 5.791485 5.956098 3.827341 
1972 5.791666 5.875 3.901515 
1973 5.875 5.875 3.825757 
1974 5.946723 5.946723 3.827987 
1975 5.954508 5.873007 3.899895 
1976 5.873007 5.954508 3.899895 
1977 5.954508 5.873007 3.827377 
1978 5.873007 5.954508 3.827377 
1979 5.875 5.875 3.901515 
1980 4.208606 4.052155 3.967741 
1981 4.291666 4.126908 3.975538 
1982 4.208514 4.126918 3.975396 
1983 4.052155 4.208606 3.967741 
1984 4.126908 4.291666 3.975538 
1985 4.126918 4.208514 3.975396 
1986 4.291666 4.208505 3.977117 
1987 4.208505 4.291666 3.977117 
1988 4.208507 4.208507 3.976962 
1989 4.541666 4.052059 3.967826 
1990 4.625 4.126908 3.975538 
1991 4.541667 4.126908 3.975538 
1992 4.375 4.208505 3.977117 
1993 4.458334 4.291666 3.977273 
1994 4.458334 4.208505 3.977117 
1995 4.625 4.208505 3.977117 
1996 4.541666 4.291666 3.977273 
1997 4.541666 4.208505 3.977117 
1998 4.875 4.052059 3.967826 
1999 4.958334 4.126908 3.975538 
2000 4.875 4.126908 3.975538 
2001 4.708333 4.208505 3.977117 
2002 4.791666 4.291666 3.977273 
2003 4.791666 4.208505 3.977117 
2004 4.958333 4.208505 3.977117 
2005 4.875 4.291667 3.977273 
2006 4.875 4.208505 3.977117 
2007 5.208334 4.052059 3.967826 
2008 5.291666 4.126908 3.975538 
2009 5.208334 4.126908 3.975538 
2010 5.041666 4.208505 3.977117 
2011 5.125 4.291666 3.977273 
2012 5.125 4.208505 3.977117 
2013 5.291666 4.208505 3.977117 
2014 5.208333 4.291666 3.977273 
2015 5.208334 4.208505 3.977117 
2016 5.541666 4.052059 3.967826 
2017 5.625 4.126908 3.975538 
2018 5.541667 4.126908 3.975538 
2019 5.375 4.208505 3.977117 
2020 5.458333 4.291666 3.977273 
2021 5.458334 4.208505 3.977117 
2022 5.625 4.208505 3.977117 
2023 5.541666 4.291666 3.977273 
2024 5.541666 4.208505 3.977117 
2025 5.871978 4.053093 3.966911 
2026 5.946907 4.128022 3.966911 
2027 5.873018 4.126982 3.973947 
2028 5.708333 4.208505 3.977117 
2029 5.791495 4.291666 3.977117 
2030 5.791493 4.208507 3.976962 
2031 5.947845 4.208606 3.967741 
2032 5.873092 4.291666 3.975538 
2033 5.873082 4.208514 3.975396 
2034 4.208505 4.375 3.977117 
2035 4.291666 4.458334 3.977273 
2036 4.208505 4.458334 3.977117 
2037 4.052059 4.541667 3.967826 
2038 4.126908 4.625 3.975538 
2039 4.126908 4.541666 3.975538 
2040 4.291666 4.541666 3.977273 
2041 4.208505 4.625 3.977117 
2042 4.208505 4.541666 3.977117 
2043 4.541666 4.375 3.977273 
2044 4.625 4.458334 3.977273 
2045 4.541666 4.458334 3.977273 
2046 4.375 4.541666 3.977273 
2047 4.458334 4.625 3.977273 
2048 4.458334 4.541666 3.977273 
2049 4.625 4.541666 3.977273 
2050 4.541666 4.625 3.977273 
2051 4.541666 4.541666 3.977273 
2052 4.875 4.375 3.977273 
2053 4.958333 4.458334 3.977273 
2054 4.875 4.458334 3.977273 
2055 4.708333 4.541666 3.977273 
2056 4.791666 4.625 3.977273 
2057 4.791667 4.541666 3.977273 
2058 4.958333 4.541666 3.977273 
2059 4.875 4.625 3.977273 
2060 4.875 4.541666 3.977273 
2061 5.208334 4.375 3.977273 
2062 5.291666 4.458333 3.977273 
2063 5.208334 4.458334 3.977273 
2064 5.041666 4.541666 3.977273 
2065 5.125 4.625 3.977273 
2066 5.125 4.541666 3.977273 
2067 5.291666 4.541666 3.977273 
2068 5.208334 4.625 3.977273 
2069 5.208334 4.541666 3.977273 
2070 5.541666 4.375 3.977273 
2071 5.625 4.458333 3.977273 
2072 5.541667 4.458334 3.977273 
2073 5.375 4.541666 3.977273 
2074 5.458333 4.625 3.977273 
2075 5.458334 4.541666 3.977273 
2076 5.625 4.541666 3.977273 
2077 5.541666 4.625 3.977273 
2078 5.541667 4.541666 3.977273 
2079 5.873092 4.375 3.975538 
2080 5.947941 4.458334 3.967826 
2081 5.873092 4.458334 3.975538 
2082 5.708333 4.541666 3.977273 
2083 5.791495 4.625 3.977117 
2084 5.791495 4.541666 3.977117 
2085 5.947941 4.541666 3.967826 
2086 5.873092 4.625 3.975538 
2087 5.873092 4.541666 3.975538 
2088 4.208505 4.708333 3.977117 
2089 4.291666 4.791666 3.977273 
2090 4.208505 4.791666 3.977117 
2091 4.052059 4.875 3.967826 
2092 4.126908 4.958334 3.975538 
2093 4.126908 4.875 3.975538 
2094 4.291667 4.875 3.977273 
2095 4.208505 4.958334 3.977117 
2096 4.208505 4.875 3.977117 
2097 4.541666 4.708333 3.977273 
2098 4.625 4.791666 3.977273 
2099 4.541666 4.791667 3.977273 
2100 4.375 4.875 3.977273 
2101 4.458334 4.958333 3.977273 
2102 4.458334 4.875 3.977273 
2103 4.625 4.875 3.977273 
2104 4.541666 4.958333 3.977273 
2105 4.541666 4.875 3.977273 
2106 4.875 4.708334 3.977273 
2107 4.958333 4.791666 3.977273 
2108 4.875 4.791666 3.977273 
2109 4.708334 4.875 3.977273 
2110 4.791666 4.958333 3.977273 
2111 4.791667 4.875 3.977273 
2112 4.958334 4.875 3.977273 
2113 4.875 4.958334 3.977273 
2114 4.875 4.875 3.977273 
2115 5.208334 4.708333 3.977273 
2116 5.291666 4.791666 3.977273 
2117 5.208333 4.791666 3.977273 
2118 5.041666 4.875 3.977273 
2119 5.125 4.958334 3.977273 
2120 5.125 4.875 3.977273 
2121 5.291667 4.875 3.977273 
2122 5.208333 4.958333 3.977273 
2123 5.208334 4.875 3.977273 
2124 5.541666 4.708333 3.977273 
2125 5.625 4.791666 3.977273 
2126 5.541667 4.791666 3.977273 
2127 5.375 4.875 3.977273 
2128 5.458333 4.958333 3.977273 
2129 5.458333 4.875 3.977273 
2130 5.625 4.875 3.977273 
2131 5.541666 4.958333 3.977273 
2132 5.541666 4.875 3.977273 
2133 5.873092 4.708334 3.975538 
2134 5.947941 4.791666 3.967826 
2135 5.873092 4.791666 3.975538 
2136 5.708333 4.875 3.977273 
2137 5.791495 4.958334 3.977117 
2138 5.791495 4.875 3.977117 
2139 5.947941 4.875 3.967826 
2140 5.873092 4.958333 3.975538 
2141 5.873092 4.875 3.975538 
2142 4.208505 5.041666 3.977117 
2143 4.291666 5.125 3.977273 
2144 4.208505 5.125 3.977117 
2145 4.052059 5.208333 3.967826 
2146 4.126908 5.291666 3.975538 
2147 4.126908 5.208334 3.975538 
2148 4.291666 5.208334 3.977273 
2149 4.208505 5.291666 3.977117 
2150 4.208505 5.208334 3.977117 
2151 4.541666 5.041666 3.977273 
2152 4.625 5.125 3.977273 
2153 4.541666 5.125 3.977273 
2154 4.375 5.208334 3.977273 
2155 4.458334 5.291666 3.977273 
2156 4.458334 5.208334 3.977273 
2157 4.625 5.208334 3.977273 
2158 4.541666 5.291666 3.977273 
2159 4.541666 5.208333 3.977273 
2160 4.875 5.041666 3.977273 
2161 4.958334 5.125 3.977273 
2162 4.875 5.125 3.977273 
2163 4.708333 5.208334 3.977273 
2164 4.791666 5.291666 3.977273 
2165 4.791666 5.208334 3.977273 
2166 4.958333 5.208334 3.977273 
2167 4.875 5.291667 3.977273 
2168 4.875 5.208334 3.977273 
2169 5.208333 5.041666 3.977273 
2170 5.291666 5.125 3.977273 
2171 5.208334 5.125 3.977273 
2172 5.041666 5.208333 3.977273 
2173 5.125 5.291667 3.977273 
2174 5.125 5.208334 3.977273 
2175 5.291667 5.208334 3.977273 
2176 5.208333 5.291666 3.977273 
2177 5.208334 5.208334 3.977273 
2178 5.541666 5.041666 3.977273 
2179 5.625 5.125 3.977273 
2180 5.541666 5.125 3.977273 
2181 5.375 5.208334 3.977273 
2182 5.458333 5.291666 3.977273 
2183 5.458334 5.208334 3.977273 
2184 5.625 5.208334 3.977273 
2185 5.541666 5.291666 3.977273 
2186 5.541667 5.208334 3.977273 
2187 5.873092 5.041666 3.975538 
2188 5.947941 5.125 3.967826 
2189 5.873092 5.125 3.975538 
2190 5.708333 5.208334 3.977273 
2191 5.791495 5.291666 3.977117 
2192 5.791495 5.208334 3.977117 
2193 5.947941 5.208334 3.967826 
2194 5.873092 5.291666 3.975538 
2195 5.873092 5.208334 3.975538 
2196 4.208505 5.375 3.977117 
2197 4.291666 5.458334 3.977273 
2198 4.208505 5.458333 3.977117 
2199 4.052059 5.541666 3.967826 
2200 4.126908 5.625 3.975538 
2201 4.126908 5.541666 3.975538 
2202 4.291666 5.541666 3.977273 
2203 4.208505 5.625 3.977117 
2204 4.208505 5.541666 3.977117 
2205 4.541666 5.375 3.977273 
2206 4.625 5.458333 3.977273 
2207 4.541666 5.458334 3.977273 
2208 4.375 5.541666 3.977273 
2209 4.458334 5.625 3.977273 
2210 4.458334 5.541667 3.977273 
2211 4.625 5.541666 3.977273 
2212 4.541666 5.625 3.977273 
2213 4.541666 5.541666 3.977273 
2214 4.875 5.375 3.977273 
2215 4.958333 5.458334 3.977273 
2216 4.875 5.458333 3.977273 
2217 4.708333 5.541666 3.977273 
2218 4.791666 5.625 3.977273 
2219 4.791667 5.541667 3.977273 
2220 4.958333 5.541666 3.977273 
2221 4.875 5.625 3.977273 
2222 4.875 5.541666 3.977273 
2223 5.208334 5.375 3.977273 
2224 5.291666 5.458333 3.977273 
2225 5.208333 5.458334 3.977273 
2226 5.041666 5.541666 3.977273 
2227 5.125 5.625 3.977273 
2228 5.125 5.541666 3.977273 
2229 5.291666 5.541666 3.977273 
2230 5.208334 5.625 3.977273 
2231 5.208334 5.541667 3.977273 
2232 5.541666 5.375 3.977273 
2233 5.625 5.458334 3.977273 
2234 5.541667 5.458333 3.977273 
2235 5.375 5.541666 3.977273 
2236 5.458333 5.625 3.977273 
2237 5.458334 5.541667 3.977273 
2238 5.625 5.541666 3.977273 
2239 5.541666 5.625 3.977273 
2240 5.541667 5.541667 3.977273 
2241 5.873092 5.375 3.975538 
2242 5.947941 5.458334 3.967826 
2243 5.873092 5.458333 3.975538 
2244 5.708333 5.541666 3.977273 
2245 5.791495 5.625 3.977117 
2246 5.791495 5.541666 3.977117 
2247 5.947941 5.541666 3.967826 
2248 5.873092 5.625 3.975538 
2249 5.873092 5.541666 3.975538 
2250 4.208505 5.708333 3.977117 
2251 4.291666 5.791495 3.977117 
2252 4.208507 5.791493 3.976962 
2253 4.053093 5.871978 3.966911 
2254 4.128022 5.946907 3.966911 
2255 4.126982 5.873018 3.973947 
2256 4.291667 5.873092 3.975538 
2257 4.208606 5.947845 3.967741 
2258 4.208514 5.873082 3.975396 
2259 4.541666 5.708333 3.977273 
2260 4.625 5.791495 3.977117 
2261 4.541666 5.791495 3.977117 
2262 4.375 5.873092 3.975538 
2263 4.458334 5.947941 3.967826 
2264 4.458334 5.873092 3.975538 
2265 4.625 5.873092 3.975538 
2266 4.541667 5.947941 3.967826 
2267 4.541666 5.873092 3.975538 
2268 4.875 5.708333 3.977273 
2269 4.958334 5.791495 3.977117 
2270 4.875 5.791495 3.977117 
2271 4.708334 5.873092 3.975538 
2272 4.791666 5.947941 3.967826 
2273 4.791666 5.873092 3.975538 
2274 4.958334 5.873092 3.975538 
2275 4.875 5.947941 3.967826 
2276 4.875 5.873092 3.975538 
2277 5.208334 5.708333 3.977273 
2278 5.291666 5.791495 3.977117 
2279 5.208334 5.791495 3.977117 
2280 5.041666 5.873092 3.975538 
2281 5.125 5.947941 3.967826 
2282 5.125 5.873092 3.975538 
2283 5.291666 5.873092 3.975538 
2284 5.208334 5.947941 3.967826 
2285 5.208334 5.873092 3.975538 
2286 5.541666 5.708333 3.977273 
2287 5.625 5.791495 3.977117 
2288 5.541666 5.791495 3.977117 
2289 5.375 5.873092 3.975538 
2290 5.458334 5.947941 3.967826 
2291 5.458334 5.873092 3.975538 
2292 5.625 5.873092 3.975538 
2293 5.541666 5.947941 3.967826 
2294 5.541666 5.873092 3.975538 
2295 5.873092 5.708334 3.975538 
2296 5.947845 5.791394 3.967741 
2297 5.873082 5.791486 3.975396 
2298 5.708334 5.873092 3.975538 
2299 5.791394 5.947845 3.967741 
2300 5.791486 5.873082 3.975396 
2301 5.946907 5.871978 3.966911 
2302 5.871978 5.946907 3.966911 
2303 5.873018 5.873018 3.973947 
