cellI T
0 320.7104
1 320.8668
2 320.9094
3 320.9155
4 320.9141
5 320.8722
6 320.8459
7 321.0197
8 321.0725
9 321.0853
10 321.0898
11 321.0447
12 320.8735
13 321.0543
14 321.1106
15 321.1233
16 321.1267
17 321.0855
18 320.8753
19 321.0579
20 321.1159
21 321.1286
22 321.1306
23 321.0887
24 320.8713
25 321.0511
26 321.1066
27 321.1196
28 321.1236
29 321.0821
30 320.8256
31 320.9954
32 321.0461
33 321.0576
34 321.0611
35 321.0155
36 320.7964
37 320.926
38 320.9125
39 321.0582
40 320.9523
41 320.9897
42 321.0872
43 321.1291
44 320.9941
45 320.999
46 321.1346
47 321.1424
48 320.9996
49 320.999
50 321.1438
51 321.1456
52 320.9972
53 320.974
54 321.1444
55 321.1205
56 320.9545
57 320.8408
58 321.0986
59 320.9652
60 320.9329
61 321.081
62 320.9584
63 321.1096
64 321.1106
65 321.1538
66 321.1404
67 321.1856
68 321.1596
69 321.1681
70 321.1917
71 321.2009
72 321.1698
73 321.1721
74 321.2027
75 321.2051
76 321.1711
77 321.1473
78 321.204
79 321.1806
80 321.125
81 320.9885
82 321.159
83 321.021
84 320.9607
85 321.1125
86 320.9625
87 321.1151
88 321.1434
89 321.1891
90 321.1464
91 321.1929
92 321.1953
93 321.2045
94 321.1992
95 321.2085
96 321.2062
97 321.2084
98 321.2102
99 321.212
100 321.2072
101 321.1837
102 321.2106
103 321.1866
104 321.1623
105 321.0252
106 321.1654
107 321.03
108 320.9626
109 321.1151
110 320.9608
111 321.1126
112 321.1464
113 321.1929
114 321.1435
115 321.1892
116 321.1992
117 321.2086
118 321.1954
119 321.2046
120 321.2102
121 321.212
122 321.2062
123 321.2085
124 321.2106
125 321.1866
126 321.2073
127 321.1837
128 321.1654
129 321.03
130 321.1624
131 321.0252
132 320.9585
133 321.1097
134 320.933
135 321.0811
136 321.1405
137 321.1857
138 321.1107
139 321.1539
140 321.1918
141 321.201
142 321.1596
143 321.1682
144 321.2027
145 321.2052
146 321.1698
147 321.1721
148 321.2041
149 321.1806
150 321.1711
151 321.1473
152 321.159
153 321.0211
154 321.125
155 320.9883
156 320.9125
157 321.0582
158 320.7959
159 320.9255
160 321.0872
161 321.1291
162 320.9519
163 320.9892
164 321.1346
165 321.1424
166 320.9936
167 320.9985
168 321.1438
169 321.1456
170 320.999
171 320.9984
172 321.1444
173 321.1205
174 320.9967
175 320.9734
176 321.0985
177 320.965
178 320.9539
179 320.8402
180 320.8399
181 320.8256
182 320.9649
183 320.9048
184 320.9953
185 321.04
186 320.9148
187 321.0461
188 321.0556
189 320.9156
190 321.0576
191 321.0614
192 320.8915
193 321.0611
194 321.0383
195 320.7596
196 321.0154
197 320.8864
198 320.9884
199 320.8712
200 321.018
201 321.0661
202 321.051
203 321.0997
204 321.083
205 321.1064
206 321.1171
207 321.0899
208 321.1195
209 321.1239
210 321.0676
211 321.1235
212 321.1027
213 320.9109
214 321.082
215 320.9468
216 321.021
217 320.8753
218 321.024
219 321.1038
220 321.0579
221 321.1089
222 321.1211
223 321.1159
224 321.1265
225 321.1272
226 321.1285
227 321.1315
228 321.1058
229 321.1306
230 321.1088
231 320.952
232 321.0887
233 320.9589
234 321.024
235 320.8736
236 321.0211
237 321.1089
238 321.0545
239 321.1039
240 321.1266
241 321.1107
242 321.1213
243 321.1315
244 321.1234
245 321.1273
246 321.1088
247 321.1267
248 321.1058
249 320.9589
250 321.0855
251 320.9521
252 321.0181
253 320.846
254 320.9885
255 321.0999
256 321.0198
257 321.0662
258 321.1173
259 321.0726
260 321.0831
261 321.1239
262 321.0854
263 321.09
264 321.1028
265 321.0898
266 321.0677
267 320.9469
268 321.0448
269 320.9108
270 320.965
271 320.7099
272 320.8394
273 321.04
274 320.8662
275 320.9043
276 321.0556
277 320.9089
278 320.9142
279 321.0615
280 320.915
281 320.915
282 321.0383
283 320.9135
284 320.8908
285 320.8862
286 320.8715
287 320.7589
288 320.9248
289 320.8065
290 320.866
291 320.8643
292 321.0528
293 320.9708
294 320.9887
295 321.0345
296 321.0788
297 321.0115
298 321.0138
299 321.0763
300 321.0814
301 321.0159
302 321.0158
303 321.0813
304 321.0731
305 321.012
306 321.0077
307 321.0776
308 320.9999
309 320.9666
310 320.9374
311 321.0306
312 321.0344
313 320.9548
314 321.0205
315 320.9684
316 321.1736
317 321.1382
318 321.158
319 321.1536
320 321.2038
321 321.1842
322 321.1874
323 321.2005
324 321.209
325 321.1917
326 321.1922
327 321.2084
328 321.2011
329 321.189
330 321.1843
331 321.2058
332 321.119
333 321.1376
334 321.1034
335 321.1537
336 321.0516
337 320.9838
338 321.0502
339 320.985
340 321.1938
341 321.1715
342 321.1921
343 321.1731
344 321.2256
345 321.22
346 321.2236
347 321.2219
348 321.2311
349 321.2285
350 321.2291
351 321.2306
352 321.2224
353 321.2256
354 321.2206
355 321.2275
356 321.139
357 321.1724
358 321.1373
359 321.174
360 321.0522
361 320.9858
362 321.0524
363 320.9856
364 321.1948
365 321.1743
366 321.1951
367 321.174
368 321.2267
369 321.2235
370 321.2271
371 321.223
372 321.2322
373 321.2322
374 321.2327
375 321.2317
376 321.2233
377 321.2289
378 321.2237
379 321.2284
380 321.1398
381 321.1752
382 321.1402
383 321.1748
384 321.043
385 320.9814
386 321.0478
387 320.9768
388 321.1833
389 321.1685
390 321.1889
391 321.163
392 321.214
393 321.2166
394 321.2201
395 321.2106
396 321.2194
397 321.225
398 321.2256
399 321.2188
400 321.2114
401 321.2222
402 321.2173
403 321.2162
404 321.1286
405 321.1692
406 321.1342
407 321.1635
408 320.9674
409 320.9338
410 320.9988
411 320.9038
412 321.0993
413 321.1146
414 321.1339
415 321.0805
416 321.1265
417 321.1593
418 321.1623
419 321.1237
420 321.1298
421 321.1661
422 321.1664
423 321.1296
424 321.1216
425 321.1631
426 321.1585
427 321.1262
428 321.0452
429 321.1128
430 321.0793
431 321.0774
432 320.7613
433 320.7591
434 320.8063
435 320.8853
436 320.9163
437 320.9355
438 320.9121
439 320.9609
440 320.9639
441 320.916
442 320.9683
443 320.969
444 320.9106
445 320.9678
446 320.9644
447 320.8442
448 320.9249
449 320.8951
450 320.8973
451 320.859
452 320.9108
453 321.0417
454 321.0355
455 321.058
456 321.077
457 321.0895
458 321.0941
459 321.0873
460 321.1028
461 321.1049
462 321.0873
463 321.1075
464 321.1051
465 321.009
466 321.0638
467 321.0285
468 320.9259
469 320.8746
470 320.9271
471 321.0778
472 321.0563
473 321.08
474 321.1152
475 321.1132
476 321.1179
477 321.1251
478 321.1258
479 321.1275
480 321.124
481 321.1286
482 321.1257
483 321.0538
484 321.0873
485 321.0562
486 320.9279
487 320.8751
488 320.9277
489 321.082
490 321.0575
491 321.0814
492 321.1207
493 321.1151
494 321.1198
495 321.1301
496 321.1276
497 321.1292
498 321.1276
499 321.1299
500 321.1269
501 321.0579
502 321.0882
503 321.0574
504 320.9236
505 320.867
506 320.919
507 321.0743
508 321.0454
509 321.0682
510 321.1112
511 321.1001
512 321.1047
513 321.1215
514 321.1133
515 321.1154
516 321.121
517 321.1178
518 321.1154
519 321.0494
520 321.0755
521 321.0414
522 320.8762
523 320.7964
524 320.8456
525 321.0166
526 320.9604
527 320.9806
528 321.0502
529 321.0081
530 321.0116
531 321.0593
532 321.0174
533 321.0186
534 321.0586
535 321.0188
536 321.0158
537 320.9808
538 320.9743
539 320.942
540 320.9715
541 320.9447
542 320.9097
543 321.0079
544 320.9675
545 320.9338
546 320.9039
547 320.9988
548 321.0157
549 321.0865
550 321.0532
551 321.0481
552 320.9344
553 320.8297
554 320.8474
555 320.8451
556 320.8822
557 320.8802
558 320.8961
559 320.9817
560 320.9606
561 320.8907
562 320.9801
563 320.9255
564 321.0183
565 320.9432
566 320.9773
567 320.9485
568 320.8834
569 320.969
570 320.919
571 321.0083
572 320.9382
573 321.0262
574 321.097
575 321.0251
576 321.019
577 321.0639
578 321.0583
579 320.987
580 321.0647
581 321.0074
582 321.0003
583 321.072
584 321.0994
585 321.1146
586 321.0806
587 321.1339
588 321.1116
589 321.1545
590 321.1193
591 321.1466
592 321.0635
593 320.9866
594 320.9706
595 321.0072
596 321.0046
597 321.0451
598 321.026
599 321.0755
600 321.0234
601 320.9824
602 321.0459
603 321.0163
604 321.0829
605 321.0382
606 321.1103
607 321.1252
608 321.0532
609 321.1073
610 321.0914
611 321.1446
612 321.0726
613 321.1227
614 321.1655
615 321.0935
616 321.1206
617 321.1305
618 321.1574
619 321.0854
620 321.0802
621 321.0157
622 321.015
623 321.081
624 321.1266
625 321.1594
626 321.1238
627 321.1624
628 321.1282
629 321.1655
630 321.1292
631 321.1643
632 321.09
633 321.0276
634 320.9966
635 321.0506
636 321.03
637 321.0873
638 321.0534
639 321.0916
640 321.0321
641 320.9981
642 321.0563
643 321.0314
644 321.0925
645 321.0552
646 321.1382
647 321.1706
648 321.0986
649 321.1381
650 321.1353
651 321.1738
652 321.1018
653 321.14
654 321.1773
655 321.1054
656 321.1406
657 321.1412
658 321.1759
659 321.1039
660 321.081
661 321.0143
662 321.0154
663 321.0799
664 321.13
665 321.1662
666 321.1298
667 321.1665
668 321.1297
669 321.1655
670 321.1287
671 321.1664
672 321.0933
673 321.0325
674 320.9998
675 321.0571
676 321.0325
677 321.093
678 321.0576
679 321.0931
680 321.0313
681 320.9997
682 321.0572
683 321.0322
684 321.0923
685 321.0577
686 321.1424
687 321.1783
688 321.1065
689 321.1449
690 321.142
691 321.1789
692 321.1073
693 321.1424
694 321.1786
695 321.1074
696 321.1456
697 321.1418
698 321.1791
699 321.1077
700 321.0652
701 320.9869
702 320.9999
703 321.0517
704 321.1219
705 321.1632
706 321.1264
707 321.1586
708 321.1136
709 321.1357
710 321.0997
711 321.1501
712 321.0861
713 321.0292
714 320.9934
715 321.0555
716 321.0251
717 321.0902
718 321.0518
719 321.0785
720 321.005
721 320.9863
722 321.032
723 321.0177
724 321.0656
725 321.0446
726 321.1358
727 321.1768
728 321.106
729 321.141
730 321.1398
731 321.1727
732 321.1024
733 321.128
734 321.1512
735 321.0822
736 321.1338
737 321.1147
738 321.1649
739 321.0951
740 320.9578
741 320.8418
742 320.8987
743 320.8999
744 321.0455
745 321.1129
746 321.0777
747 321.0795
748 321.0015
749 320.9713
750 320.9403
751 321.0341
752 321.0146
753 320.9852
754 320.9263
755 321.0118
756 320.9565
757 321.045
758 320.9818
759 320.9722
760 320.8683
761 320.889
762 320.8919
763 320.9184
764 320.9203
765 320.9403
766 321.0615
767 321.1292
768 321.0611
769 321.0655
770 321.0933
771 321.0962
772 321.0294
773 321.0172
774 320.9921
775 320.9331
776 321.02
777 320.9608
778 321.0504
779 320.9858
780 321.085
781 321.1096
782 321.0705
783 321.1245
784 321.0429
785 320.9813
786 320.9767
787 321.0477
788 321.0937
789 321.1389
790 321.1336
791 321.0987
792 321.0433
793 320.9692
794 320.9901
795 320.9461
796 321.0296
797 320.9825
798 321.0036
799 321.0945
800 321.1197
801 321.0409
802 321.0956
803 321.0804
804 321.1343
805 321.055
806 321.0516
807 320.9951
808 320.954
809 321.0163
810 320.9906
811 321.0563
812 321.0117
813 321.1031
814 321.1483
815 321.1045
816 321.0683
817 321.1432
818 321.108
819 321.0635
820 321.1868
821 321.1791
822 321.1709
823 321.1952
824 321.1832
825 321.1684
826 321.1629
827 321.1889
828 321.1966
829 321.2111
830 321.2052
831 321.2024
832 321.1836
833 321.1484
834 321.1312
835 321.1257
836 321.1683
837 321.1634
838 321.1467
839 321.197
840 321.1898
841 321.1449
842 321.1698
843 321.1814
844 321.2056
845 321.1607
846 321.193
847 321.1779
848 321.135
849 321.1619
850 321.1726
851 321.1985
852 321.1563
853 321.2066
854 321.221
855 321.1797
856 321.1763
857 321.2153
858 321.2122
859 321.1705
860 321.206
861 321.1908
862 321.1895
863 321.2075
864 321.214
865 321.2165
866 321.2105
867 321.2201
868 321.2163
869 321.224
870 321.2178
871 321.2224
872 321.2146
873 321.1951
874 321.1634
875 321.1758
876 321.1985
877 321.211
878 321.1797
879 321.217
880 321.2024
881 321.1661
882 321.1847
883 321.2008
884 321.2187
885 321.1826
886 321.2245
887 321.2267
888 321.1858
889 321.1958
890 321.2209
891 321.2304
892 321.1898
893 321.227
894 321.2347
895 321.1949
896 321.1987
897 321.2288
898 321.2329
899 321.1927
900 321.209
901 321.1913
902 321.1921
903 321.2082
904 321.2194
905 321.225
906 321.2188
907 321.2255
908 321.2194
909 321.2247
910 321.2186
911 321.2256
912 321.2208
913 321.2035
914 321.171
915 321.1865
916 321.2043
917 321.22
918 321.1879
919 321.2212
920 321.2042
921 321.1719
922 321.1891
923 321.2047
924 321.2209
925 321.1889
926 321.231
927 321.236
928 321.1967
929 321.204
930 321.2301
931 321.2369
932 321.1981
933 321.2314
934 321.2369
935 321.1993
936 321.205
937 321.231
938 321.2373
939 321.1991
940 321.1923
941 321.161
942 321.1757
943 321.1774
944 321.2114
945 321.2222
946 321.2162
947 321.2173
948 321.2025
949 321.1932
950 321.1874
951 321.2084
952 321.2151
953 321.2025
954 321.1677
955 321.1881
956 321.1984
957 321.2191
958 321.1848
959 321.2071
960 321.1766
961 321.1606
962 321.1645
963 321.1905
964 321.1931
965 321.1777
966 321.2252
967 321.2351
968 321.1983
969 321.2007
970 321.2293
971 321.2309
972 321.195
973 321.2172
974 321.2089
975 321.1748
976 321.1936
977 321.2031
978 321.2229
979 321.1879
980 321.072
981 320.9934
982 321.057
983 321.008
984 321.1286
985 321.1692
986 321.1635
987 321.1342
988 321.0813
989 321.0225
990 321.0171
991 321.0868
992 321.1364
993 321.1541
994 321.0912
995 321.1423
996 321.1205
997 321.1705
998 321.1083
999 321.0891
1000 321.0145
1001 321.0444
1002 321.0042
1003 321.0736
1004 321.0294
1005 321.0609
1006 321.1464
1007 321.1862
1008 321.1529
1009 321.1258
1010 321.1804
1011 321.1523
1012 321.1192
1013 321.0988
1014 321.0446
1015 321.0144
1016 321.0787
1017 321.0388
1018 321.1047
1019 321.0717
1020 321.1029
1021 321.1418
1022 321.1015
1023 321.1433
1024 321.0522
1025 320.9858
1026 320.9856
1027 321.0524
1028 321.1036
1029 321.1444
1030 321.1441
1031 321.1039
1032 321.06
1033 320.9975
1034 321.0187
1035 320.9618
1036 321.0588
1037 320.9987
1038 321.02
1039 321.112
1040 321.1511
1041 321.0709
1042 321.114
1043 321.1106
1044 321.1526
1045 321.0723
1046 321.0606
1047 320.9995
1048 320.9623
1049 321.0208
1050 320.9992
1051 321.0609
1052 321.0205
1053 321.1127
1054 321.1536
1055 321.1147
1056 321.0732
1057 321.1533
1058 321.1129
1059 321.0729
1060 321.2075
1061 321.2145
1062 321.2057
1063 321.2163
1064 321.1947
1065 321.1743
1066 321.174
1067 321.1951
1068 321.2085
1069 321.2178
1070 321.2174
1071 321.2089
1072 321.2033
1073 321.1809
1074 321.1651
1075 321.1451
1076 321.2016
1077 321.1825
1078 321.1669
1079 321.2172
1080 321.2244
1081 321.1797
1082 321.1912
1083 321.2154
1084 321.2262
1085 321.1816
1086 321.2042
1087 321.1837
1088 321.146
1089 321.1684
1090 321.1833
1091 321.2046
1092 321.1679
1093 321.2182
1094 321.2277
1095 321.1923
1096 321.1832
1097 321.2272
1098 321.2186
1099 321.1827
1100 321.228
1101 321.2275
1102 321.2259
1103 321.2296
1104 321.2266
1105 321.2235
1106 321.223
1107 321.2271
1108 321.2291
1109 321.2312
1110 321.2307
1111 321.2296
1112 321.2357
1113 321.2301
1114 321.1994
1115 321.1974
1116 321.2338
1117 321.232
1118 321.2015
1119 321.2383
1120 321.2381
1121 321.2023
1122 321.2066
1123 321.2363
1124 321.2401
1125 321.2045
1126 321.2368
1127 321.2335
1128 321.1986
1129 321.2034
1130 321.233
1131 321.2373
1132 321.2028
1133 321.2394
1134 321.2417
1135 321.2079
1136 321.2064
1137 321.2412
1138 321.2399
1139 321.2057
1140 321.231
1141 321.2281
1142 321.2291
1143 321.23
1144 321.2322
1145 321.2322
1146 321.2317
1147 321.2327
1148 321.2321
1149 321.2315
1150 321.231
1151 321.2326
1152 321.2422
1153 321.2394
1154 321.2075
1155 321.2083
1156 321.2403
1157 321.2414
1158 321.2095
1159 321.2425
1160 321.2402
1161 321.2083
1162 321.2103
1163 321.2407
1164 321.242
1165 321.2103
1166 321.2433
1167 321.243
1168 321.2095
1169 321.2114
1170 321.2425
1171 321.2438
1172 321.2107
1173 321.2436
1174 321.2435
1175 321.2114
1176 321.212
1177 321.243
1178 321.2441
1179 321.2115
1180 321.2133
1181 321.1964
1182 321.2116
1183 321.198
1184 321.2233
1185 321.2289
1186 321.2284
1187 321.2237
1188 321.2142
1189 321.1993
1190 321.1989
1191 321.2146
1192 321.2358
1193 321.2383
1194 321.2038
1195 321.209
1196 321.2341
1197 321.2401
1198 321.2055
1199 321.2277
1200 321.212
1201 321.1967
1202 321.1854
1203 321.226
1204 321.2136
1205 321.1983
1206 321.2367
1207 321.2415
1208 321.2101
1209 321.2069
1210 321.2411
1211 321.2371
1212 321.2065
1213 321.2286
1214 321.2148
1215 321.1862
1216 321.1996
1217 321.2145
1218 321.2289
1219 321.1992
1220 321.0916
1221 321.0257
1222 321.09
1223 321.0274
1224 321.1398
1225 321.1752
1226 321.1748
1227 321.1402
1228 321.0925
1229 321.0287
1230 321.0283
1231 321.0929
1232 321.1573
1233 321.1894
1234 321.1296
1235 321.1641
1236 321.1556
1237 321.1911
1238 321.1316
1239 321.11
1240 321.048
1241 321.0829
1242 321.0277
1243 321.1081
1244 321.05
1245 321.0853
1246 321.1582
1247 321.1923
1248 321.165
1249 321.1331
1250 321.1919
1251 321.1586
1252 321.1326
1253 321.111
1254 321.0516
1255 321.0292
1256 321.0872
1257 321.0511
1258 321.1115
1259 321.0866
1260 321.1036
1261 321.1444
1262 321.1039
1263 321.1441
1264 321.0516
1265 320.9838
1266 320.9851
1267 321.0503
1268 321.1029
1269 321.1418
1270 321.1434
1271 321.1015
1272 321.0606
1273 320.9995
1274 321.0208
1275 320.9624
1276 321.0609
1277 320.9993
1278 321.0206
1279 321.1127
1280 321.1536
1281 321.0732
1282 321.1148
1283 321.1129
1284 321.1534
1285 321.073
1286 321.0601
1287 320.9976
1288 320.9619
1289 321.0188
1290 320.9988
1291 321.0588
1292 321.02
1293 321.1121
1294 321.1512
1295 321.114
1296 321.071
1297 321.1526
1298 321.1107
1299 321.0723
1300 321.2085
1301 321.2178
1302 321.2089
1303 321.2174
1304 321.1939
1305 321.1715
1306 321.1732
1307 321.1921
1308 321.2076
1309 321.2145
1310 321.2164
1311 321.2058
1312 321.2043
1313 321.1837
1314 321.1684
1315 321.146
1316 321.2046
1317 321.1833
1318 321.168
1319 321.2182
1320 321.2277
1321 321.1832
1322 321.1924
1323 321.2186
1324 321.2273
1325 321.1827
1326 321.2034
1327 321.181
1328 321.1451
1329 321.1652
1330 321.1825
1331 321.2017
1332 321.167
1333 321.2173
1334 321.2244
1335 321.1912
1336 321.1797
1337 321.2263
1338 321.2155
1339 321.1817
1340 321.2291
1341 321.2312
1342 321.2296
1343 321.2307
1344 321.2256
1345 321.22
1346 321.222
1347 321.2236
1348 321.228
1349 321.2276
1350 321.2296
1351 321.226
1352 321.2368
1353 321.2335
1354 321.2035
1355 321.1987
1356 321.2373
1357 321.2331
1358 321.2029
1359 321.2394
1360 321.2417
1361 321.2064
1362 321.2079
1363 321.2399
1364 321.2412
1365 321.2058
1366 321.2358
1367 321.2301
1368 321.1975
1369 321.1995
1370 321.232
1371 321.2338
1372 321.2016
1373 321.2383
1374 321.2382
1375 321.2067
1376 321.2024
1377 321.2402
1378 321.2364
1379 321.2045
1380 321.2321
1381 321.2315
1382 321.2326
1383 321.2311
1384 321.2311
1385 321.2286
1386 321.2306
1387 321.2291
1388 321.231
1389 321.2281
1390 321.23
1391 321.2291
1392 321.2433
1393 321.243
1394 321.2114
1395 321.2096
1396 321.2438
1397 321.2425
1398 321.2108
1399 321.2436
1400 321.2435
1401 321.2121
1402 321.2114
1403 321.2441
1404 321.243
1405 321.2115
1406 321.2423
1407 321.2395
1408 321.2083
1409 321.2076
1410 321.2414
1411 321.2404
1412 321.2096
1413 321.2426
1414 321.2402
1415 321.2104
1416 321.2084
1417 321.2421
1418 321.2407
1419 321.2103
1420 321.2142
1421 321.1993
1422 321.2146
1423 321.1989
1424 321.2224
1425 321.2256
1426 321.2275
1427 321.2206
1428 321.2133
1429 321.1964
1430 321.1981
1431 321.2116
1432 321.2367
1433 321.2415
1434 321.207
1435 321.2101
1436 321.2371
1437 321.2411
1438 321.2065
1439 321.2286
1440 321.2148
1441 321.1997
1442 321.1862
1443 321.2289
1444 321.2145
1445 321.1992
1446 321.2358
1447 321.2384
1448 321.2091
1449 321.2039
1450 321.2401
1451 321.2341
1452 321.2056
1453 321.2277
1454 321.212
1455 321.1854
1456 321.1967
1457 321.2137
1458 321.2261
1459 321.1983
1460 321.0925
1461 321.0287
1462 321.0929
1463 321.0283
1464 321.139
1465 321.1724
1466 321.174
1467 321.1373
1468 321.0916
1469 321.0256
1470 321.0274
1471 321.0899
1472 321.1582
1473 321.1923
1474 321.1331
1475 321.165
1476 321.1586
1477 321.1919
1478 321.1326
1479 321.1111
1480 321.0516
1481 321.0872
1482 321.0293
1483 321.1115
1484 321.0511
1485 321.0867
1486 321.1573
1487 321.1894
1488 321.1641
1489 321.1296
1490 321.1911
1491 321.1556
1492 321.1316
1493 321.11
1494 321.048
1495 321.0278
1496 321.083
1497 321.05
1498 321.1081
1499 321.0854
1500 321.0938
1501 321.1389
1502 321.0988
1503 321.1337
1504 321.0345
1505 320.9549
1506 320.9685
1507 321.0205
1508 321.085
1509 321.1096
1510 321.1246
1511 321.0706
1512 321.0517
1513 320.9952
1514 321.0164
1515 320.9541
1516 321.0563
1517 320.9907
1518 321.0118
1519 321.1032
1520 321.1484
1521 321.0684
1522 321.1046
1523 321.1081
1524 321.1433
1525 321.0636
1526 321.0434
1527 320.9692
1528 320.9462
1529 320.9901
1530 320.9826
1531 321.0297
1532 321.0037
1533 321.0946
1534 321.1197
1535 321.0957
1536 321.041
1537 321.1344
1538 321.0804
1539 321.0551
1540 321.1967
1541 321.2111
1542 321.2025
1543 321.2052
1544 321.1737
1545 321.1383
1546 321.1536
1547 321.158
1548 321.1869
1549 321.1791
1550 321.1953
1551 321.171
1552 321.1931
1553 321.178
1554 321.162
1555 321.1351
1556 321.1986
1557 321.1727
1558 321.1564
1559 321.2067
1560 321.2211
1561 321.1764
1562 321.1798
1563 321.2123
1564 321.2154
1565 321.1706
1566 321.1837
1567 321.1485
1568 321.1258
1569 321.1313
1570 321.1635
1571 321.1683
1572 321.1468
1573 321.1971
1574 321.1898
1575 321.1699
1576 321.145
1577 321.2056
1578 321.1815
1579 321.1608
1580 321.2163
1581 321.224
1582 321.2224
1583 321.2179
1584 321.2038
1585 321.1842
1586 321.2005
1587 321.1874
1588 321.206
1589 321.1908
1590 321.2075
1591 321.1895
1592 321.2246
1593 321.2268
1594 321.1959
1595 321.1859
1596 321.2304
1597 321.2209
1598 321.1899
1599 321.227
1600 321.2348
1601 321.1988
1602 321.195
1603 321.233
1604 321.2288
1605 321.1928
1606 321.2146
1607 321.1951
1608 321.1759
1609 321.1634
1610 321.2111
1611 321.1985
1612 321.1798
1613 321.217
1614 321.2024
1615 321.1848
1616 321.1661
1617 321.2187
1618 321.2008
1619 321.1827
1620 321.2194
1621 321.2247
1622 321.2256
1623 321.2186
1624 321.209
1625 321.1917
1626 321.2085
1627 321.1921
1628 321.209
1629 321.1913
1630 321.2082
1631 321.1921
1632 321.231
1633 321.2361
1634 321.2041
1635 321.1967
1636 321.237
1637 321.2301
1638 321.1981
1639 321.2314
1640 321.2369
1641 321.205
1642 321.1994
1643 321.2373
1644 321.231
1645 321.1991
1646 321.2209
1647 321.2035
1648 321.1866
1649 321.1711
1650 321.22
1651 321.2043
1652 321.1879
1653 321.2213
1654 321.2042
1655 321.1892
1656 321.172
1657 321.2209
1658 321.2046
1659 321.1889
1660 321.2025
1661 321.1932
1662 321.2084
1663 321.1874
1664 321.2011
1665 321.1889
1666 321.2058
1667 321.1843
1668 321.1923
1669 321.1609
1670 321.1774
1671 321.1756
1672 321.2252
1673 321.2351
1674 321.2007
1675 321.1983
1676 321.231
1677 321.2293
1678 321.195
1679 321.2172
1680 321.2089
1681 321.1936
1682 321.1748
1683 321.2229
1684 321.2032
1685 321.1879
1686 321.2151
1687 321.2025
1688 321.1881
1689 321.1678
1690 321.2191
1691 321.1984
1692 321.1848
1693 321.2071
1694 321.1766
1695 321.1645
1696 321.1606
1697 321.1931
1698 321.1905
1699 321.1777
1700 321.0813
1701 321.0225
1702 321.0868
1703 321.017
1704 321.1189
1705 321.1375
1706 321.1536
1707 321.1033
1708 321.0719
1709 320.9932
1710 321.0079
1711 321.0568
1712 321.1464
1713 321.1862
1714 321.1259
1715 321.1529
1716 321.1523
1717 321.1805
1718 321.1193
1719 321.0988
1720 321.0446
1721 321.0788
1722 321.0144
1723 321.1047
1724 321.0388
1725 321.0718
1726 321.1364
1727 321.1541
1728 321.1424
1729 321.0911
1730 321.1704
1731 321.1204
1732 321.1084
1733 321.089
1734 321.0143
1735 321.0041
1736 321.0444
1737 321.0293
1738 321.0735
1739 321.0609
1740 321.0156
1741 321.0865
1742 321.0481
1743 321.0531
1744 320.9246
1745 320.8061
1746 320.864
1747 320.8657
1748 320.9713
1749 320.9445
1750 321.0077
1751 320.9094
1752 320.9772
1753 320.9485
1754 320.969
1755 320.8832
1756 321.0083
1757 320.9189
1758 320.9381
1759 321.0261
1760 321.097
1761 321.019
1762 321.025
1763 321.0583
1764 321.0638
1765 320.9869
1766 320.9341
1767 320.8292
1768 320.8448
1769 320.8468
1770 320.8799
1771 320.8817
1772 320.8958
1773 320.9815
1774 320.9602
1775 320.9799
1776 320.8901
1777 321.0181
1778 320.9251
1779 320.943
1780 321.1115
1781 321.1545
1782 321.1466
1783 321.1191
1784 321.0527
1785 320.9705
1786 321.0343
1787 320.9884
1788 321.0645
1789 321.0071
1790 321.0718
1791 321
1792 321.1103
1793 321.1252
1794 321.1073
1795 321.0531
1796 321.1446
1797 321.0913
1798 321.0726
1799 321.1226
1800 321.1655
1801 321.1206
1802 321.0934
1803 321.1574
1804 321.1304
1805 321.0853
1806 321.0633
1807 320.9863
1808 321.007
1809 320.9701
1810 321.0449
1811 321.0043
1812 321.0257
1813 321.0752
1814 321.0231
1815 321.0456
1816 320.9819
1817 321.0827
1818 321.0159
1819 321.038
1820 321.1281
1821 321.1654
1822 321.1642
1823 321.1291
1824 321.0785
1825 321.0111
1826 321.0761
1827 321.0134
1828 321.08
1829 321.0153
1830 321.0807
1831 321.0147
1832 321.1381
1833 321.1706
1834 321.1381
1835 321.0985
1836 321.1737
1837 321.1352
1838 321.1017
1839 321.1399
1840 321.1773
1841 321.1406
1842 321.1053
1843 321.1758
1844 321.1411
1845 321.1038
1846 321.0897
1847 321.0272
1848 321.0503
1849 320.9961
1850 321.0871
1851 321.0296
1852 321.0531
1853 321.0913
1854 321.0317
1855 321.056
1856 320.9976
1857 321.0922
1858 321.031
1859 321.0549
1860 321.1295
1861 321.1654
1862 321.1663
1863 321.1285
1864 321.0811
1865 321.0155
1866 321.0811
1867 321.0154
1868 321.0807
1869 321.0139
1870 321.0796
1871 321.015
1872 321.1423
1873 321.1782
1874 321.1449
1875 321.1064
1876 321.1789
1877 321.1418
1878 321.1072
1879 321.1423
1880 321.1785
1881 321.1456
1882 321.1073
1883 321.1791
1884 321.1416
1885 321.1075
1886 321.093
1887 321.032
1888 321.0568
1889 320.9992
1890 321.0928
1891 321.0321
1892 321.0573
1893 321.0928
1894 321.0308
1895 321.0568
1896 320.9991
1897 321.0919
1898 321.0318
1899 321.0574
1900 321.1134
1901 321.1356
1902 321.15
1903 321.0995
1904 321.0728
1905 321.0116
1906 321.0773
1907 321.0072
1908 321.0648
1909 320.9864
1910 321.0514
1911 320.9994
1912 321.1356
1913 321.1767
1914 321.141
1915 321.1058
1916 321.1727
1917 321.1397
1918 321.1022
1919 321.1278
1920 321.1511
1921 321.1337
1922 321.082
1923 321.1648
1924 321.1145
1925 321.095
1926 321.0858
1927 321.0288
1928 321.0552
1929 320.9928
1930 321.0899
1931 321.0246
1932 321.0514
1933 321.0782
1934 321.0045
1935 321.0316
1936 320.9857
1937 321.0652
1938 321.0172
1939 321.0442
1940 321.0011
1941 320.971
1942 321.0338
1943 320.9399
1944 320.9995
1945 320.9661
1946 321.0303
1947 320.9369
1948 320.9573
1949 320.8411
1950 320.8993
1951 320.8981
1952 321.0612
1953 321.129
1954 321.0654
1955 321.0609
1956 321.0961
1957 321.0931
1958 321.0292
1959 321.0169
1960 320.9919
1961 321.0199
1962 320.9327
1963 321.0502
1964 320.9604
1965 320.9855
1966 321.0142
1967 320.9846
1968 321.0114
1969 320.9256
1970 321.0447
1971 320.9559
1972 320.9814
1973 320.9718
1974 320.8677
1975 320.8914
1976 320.8883
1977 320.9198
1978 320.9178
1979 320.9398
1980 320.8042
1981 320.8884
1982 320.8511
1983 320.7966
1984 320.8762
1985 320.8457
1986 320.9313
1987 320.9244
1988 320.8923
1989 320.8974
1990 320.956
1991 320.9481
1992 320.9604
1993 321.0166
1994 320.9807
1995 321.0026
1996 321.0307
1997 320.994
1998 320.9138
1999 320.9672
2000 320.9659
2001 321.0081
2002 321.0502
2003 321.0117
2004 321.016
2005 321.0532
2006 321.0142
2007 320.9161
2008 320.9691
2009 320.9694
2010 321.0175
2011 321.0593
2012 321.0187
2013 321.0198
2014 321.0606
2015 321.0196
2016 320.9036
2017 320.945
2018 320.9575
2019 321.0189
2020 321.0586
2021 321.0158
2022 320.9959
2023 321.0516
2024 321.0089
2025 320.8078
2026 320.8112
2027 320.8563
2028 320.9744
2029 320.9808
2030 320.9422
2031 320.8529
2032 320.9366
2033 320.9007
2034 320.9467
2035 321.0035
2036 320.9609
2037 320.8669
2038 320.9235
2039 320.9189
2040 321.0127
2041 320.9744
2042 320.9695
2043 321.0564
2044 321.0829
2045 321.073
2046 321.0452
2047 321.0742
2048 321.0681
2049 321.0933
2050 321.0896
2051 321.0833
2052 321.0803
2053 321.1003
2054 321.0976
2055 321.1
2056 321.111
2057 321.1046
2058 321.1108
2059 321.1145
2060 321.1081
2061 321.0889
2062 321.1077
2063 321.1066
2064 321.1132
2065 321.1214
2066 321.1153
2067 321.118
2068 321.123
2069 321.117
2070 321.0808
2071 321.0861
2072 321.0988
2073 321.1178
2074 321.121
2075 321.1153
2076 321.0968
2077 321.1148
2078 321.1091
2079 320.9628
2080 320.9277
2081 320.981
2082 321.0754
2083 321.0492
2084 321.0412
2085 320.939
2086 321.0028
2087 320.9936
2088 320.9771
2089 321.0227
2090 320.9785
2091 320.8751
2092 320.9279
2093 320.9277
2094 321.0236
2095 320.9795
2096 320.9792
2097 321.0935
2098 321.1064
2099 321.0959
2100 321.0574
2101 321.082
2102 321.0813
2103 321.108
2104 321.0982
2105 321.0974
2106 321.1185
2107 321.1237
2108 321.1212
2109 321.115
2110 321.1207
2111 321.1197
2112 321.1255
2113 321.124
2114 321.123
2115 321.1265
2116 321.1292
2117 321.1287
2118 321.1275
2119 321.1301
2120 321.1291
2121 321.1306
2122 321.1311
2123 321.1302
2124 321.1177
2125 321.1074
2126 321.1193
2127 321.1298
2128 321.1275
2129 321.1269
2130 321.1083
2131 321.1209
2132 321.1204
2133 321.009
2134 320.9555
2135 321.0124
2136 321.0882
2137 321.0579
2138 321.0573
2139 320.9577
2140 321.015
2141 321.0142
2142 320.9795
2143 321.0236
2144 320.9792
2145 320.8747
2146 320.926
2147 320.9272
2148 321.0228
2149 320.9772
2150 320.9786
2151 321.0982
2152 321.1081
2153 321.0975
2154 321.0564
2155 321.0779
2156 321.0801
2157 321.1065
2158 321.0937
2159 321.096
2160 321.1241
2161 321.1256
2162 321.1231
2163 321.1133
2164 321.1153
2165 321.118
2166 321.1239
2167 321.1187
2168 321.1213
2169 321.1312
2170 321.1307
2171 321.1303
2172 321.1259
2173 321.1252
2174 321.1276
2175 321.1293
2176 321.1266
2177 321.1288
2178 321.121
2179 321.1084
2180 321.1204
2181 321.1286
2182 321.124
2183 321.1258
2184 321.1074
2185 321.1178
2186 321.1194
2187 321.015
2188 320.9578
2189 321.0143
2190 321.0873
2191 321.0539
2192 321.0562
2193 320.9556
2194 321.0093
2195 321.0125
2196 320.9745
2197 321.0128
2198 320.9696
2199 320.8591
2200 320.8974
2201 320.9109
2202 321.0036
2203 320.9468
2204 320.961
2205 321.0898
2206 321.0935
2207 321.0835
2208 321.0357
2209 321.0418
2210 321.0581
2211 321.083
2212 321.0565
2213 321.0731
2214 321.1146
2215 321.1109
2216 321.1082
2217 321.0896
2218 321.0771
2219 321.0942
2220 321.1005
2221 321.0804
2222 321.0977
2223 321.1231
2224 321.118
2225 321.1171
2226 321.1029
2227 321.0874
2228 321.105
2229 321.1078
2230 321.089
2231 321.1067
2232 321.1148
2233 321.0969
2234 321.1092
2235 321.1076
2236 321.0874
2237 321.1051
2238 321.0862
2239 321.0808
2240 321.0988
2241 321.0032
2242 320.9391
2243 320.9938
2244 321.064
2245 321.0091
2246 321.0286
2247 320.9277
2248 320.9628
2249 320.9811
2250 320.9244
2251 320.9312
2252 320.8922
2253 320.7588
2254 320.7607
2255 320.806
2256 320.8882
2257 320.8036
2258 320.8509
2259 321.0308
2260 321.0026
2261 320.994
2262 320.916
2263 320.8848
2264 320.9352
2265 320.9557
2266 320.8968
2267 320.9478
2268 321.0532
2269 321.0159
2270 321.0141
2271 320.9606
2272 320.9115
2273 320.9636
2274 320.9669
2275 320.9132
2276 320.9656
2277 321.0607
2278 321.0197
2279 321.0195
2280 320.968
2281 320.9154
2282 320.9687
2283 320.9688
2284 320.9155
2285 320.9691
2286 321.0516
2287 320.9958
2288 321.0088
2289 320.9675
2290 320.9099
2291 320.9641
2292 320.9447
2293 320.903
2294 320.9572
2295 320.9365
2296 320.8526
2297 320.9004
2298 320.9246
2299 320.8435
2300 320.8947
2301 320.8107
2302 320.8071
2303 320.8558
