/*--------------------------------*- C++ -*----------------------------------*\
| =========                 |                                                 |
| \\      /  F ield         | OpenFOAM: The Open Source CFD Toolbox           |
|  \\    /   O peration     | Version:  2506                                  |
|   \\  /    A nd           | Website:  www.openfoam.com                      |
|    \\/     M anipulation  |                                                 |
\*---------------------------------------------------------------------------*/
FoamFile
{
    version     2.0;
    format      ascii;
    arch        "LSB;label=32;scalar=64";
    class       volScalarField;
    location    "2000/air";
    object      qprimaryRad_1;
}
// * * * * * * * * * * * * * * * * * * * * * * * * * * * * * * * * * * * * * //

dimensions      [1 0 -3 0 0 0 0];

internalField   uniform 0;

boundaryField
{
    maxY
    {
        type            calculated;
        value           uniform 0;
    }
    minX
    {
        type            calculated;
        value           uniform 0;
    }
    maxX
    {
        type            calculated;
        value           uniform 0;
    }
    minY
    {
        type            calculated;
        value           uniform 0;
    }
    maxZ
    {
        type            calculated;
        value           uniform 0;
    }
    air_to_solid
    {
        type            calculated;
        value           nonuniform List<scalar> 
1536
(
0
0
0
0
0
0
0
0
0
0
0
0
0
0
0
0
0
0
0
0
0
0
0
0
0
0
0
0
0
0
0
0
0
0
0
0
4.460498
11.86251
10.18769
3.309154
8.331953
3.309154
8.331953
3.309154
8.331953
3.309154
8.331953
3.309154
8.331953
0
12.50684
11.06366
8.534423
8.534423
8.534423
8.534423
8.534423
0
12.50684
11.06366
8.534423
8.534423
8.534423
8.534423
8.534423
0
12.50684
11.06366
8.534423
8.534423
8.534423
8.534423
8.534423
0
12.50684
11.06366
8.534423
8.534423
8.534423
8.534423
8.534423
0
12.50684
11.06366
8.534423
8.534423
8.534423
8.534423
8.534423
0
3.514502
2.372729
2.372729
2.372729
2.372729
2.372729
3.649001
1.029194
1.029194
1.029194
1.029194
1.029194
1.029194
1.029194
1.029194
1.029194
1.029194
0
10.07459
10.76407
0
0
0
0
0
0
0
0
0
0
0
0
0
0
0
0
0
0
0
0
10.76407
10.76407
0
0
0
0
0
0
0
0
0
0
0
0
0
0
0
0
0
0
0
0
10.76407
10.76407
0
0
0
0
0
0
0
0
0
0
0
0
0
0
0
0
0
0
0
0
10.76407
10.76407
0
0
0
0
0
0
0
0
0
0
0
0
0
0
0
0
0
0
0
0
10.76407
10.76407
0
0
0
0
0
0
0
0
0
0
0
0
0
0
0
0
0
0
0
0
10.76407
9.780425
0
0
0
2.700646
0.03807783
0
0
0
0.03807783
0.03807783
0
0
0
0.03807783
0.03807783
0
0
0
0.03807783
0.03807783
0
0
0
0.03807783
0.03807783
0
0
0
0
0.03807783
0
0
3.309154
8.331953
12.50684
11.06366
8.534423
3.309154
8.331953
8.534423
8.534423
3.309154
8.331953
8.534423
8.534423
3.309154
8.331953
8.534423
8.534423
3.309154
8.331953
8.534423
8.534423
0.4887337
6.497649
8.534423
0
5.322134
8.534423
12.50684
11.06366
8.534423
8.534423
8.534423
8.534423
8.534423
8.534423
8.534423
8.534423
8.534423
8.534423
8.534423
8.534423
8.534423
5.322134
8.534423
0
5.322134
8.534423
12.50684
11.06366
8.534423
8.534423
8.534423
8.534423
8.534423
8.534423
8.534423
8.534423
8.534423
8.534423
8.534423
8.534423
8.534423
5.322134
8.534423
0
5.322134
8.534423
12.50684
11.06366
8.534423
8.534423
8.534423
8.534423
8.534423
8.534423
8.534423
8.534423
8.534423
8.534423
8.534423
8.534423
8.534423
5.322134
8.534423
0
5.322134
8.534423
12.50684
11.06366
8.534423
8.534423
8.534423
8.534423
8.534423
8.534423
8.534423
8.534423
8.534423
8.534423
8.534423
8.534423
8.534423
5.322134
8.534423
0
5.322134
8.534423
11.67011
10.00895
2.372729
8.053836
8.534423
8.053836
2.372729
8.053836
8.534423
8.053836
2.372729
8.053836
8.534423
8.053836
2.372729
8.053836
8.534423
8.053836
2.372729
8.053836
5.322134
8.053836
0
0
6.318905
0
0
0
0.457263
7.859243
0
6.998282
0
0
0
0
0
0
0
0
0
0
0
0
0
0
0
0
0
0
0
0
0
0
0
0
0
0
0
0
0
0
6.824957
6.824957
0
0
0
0
0
0
0
0
0
0
0
0
0
0
0
0
0
0
0
0
6.824957
6.824957
0
0
0
0
0
0
0
0
0
0
0
0
0
0
0
0
0
0
0
0
6.824957
6.824957
0
0
0
0
0
0
0
0
0
0
0
0
0
0
0
0
0
0
0
0
6.824957
6.824957
0
0
0
0
0
0
0
0
0
0
0
0
0
0
0
0
0
0
0
0
6.824957
6.834905
0
0
0
0
0
0
0
0
0
0
0
0
0
0
0
0
0
0
0
0
0
0
0
0
0
0
0
0
0
9.056614
8.722716
3.604005
10.98164
12.4509
8.548852
8.331953
3.309154
8.548852
8.548852
8.331953
3.309154
8.548852
8.548852
8.331953
3.309154
8.548852
8.548852
8.331953
3.309154
8.548852
8.498982
8.296124
3.259798
8.548852
9.107911
9.107911
11.06366
12.50684
8.534423
8.534423
8.534423
8.534423
8.534423
8.534423
8.534423
8.534423
8.534423
8.534423
8.534423
8.534423
8.476238
8.476238
8.534423
9.107911
9.107911
11.06366
12.50684
8.534423
8.534423
8.534423
8.534423
8.534423
8.534423
8.534423
8.534423
8.534423
8.534423
8.534423
8.534423
8.476238
8.476238
8.534423
9.107911
9.107911
11.06366
12.50684
8.534423
8.534423
8.534423
8.534423
8.534423
8.534423
8.534423
8.534423
8.534423
8.534423
8.534423
8.534423
8.476238
8.476238
8.534423
9.107911
9.107911
11.06366
12.50684
8.534423
8.534423
8.534423
8.534423
8.534423
8.534423
8.534423
8.534423
8.534423
8.534423
8.534423
8.534423
8.476238
8.476238
8.534423
9.099767
9.107911
11.05501
12.49989
8.531474
8.534423
8.531474
8.531474
8.534423
8.531474
8.531474
8.534423
8.531474
8.531474
8.534423
8.531474
8.474718
8.476238
8.531474
0
0
3.372085
1.534765
0.595245
0
1.078603
0.02049111
0
0
0
1.029194
0
0
1.029194
0
0
0
0
1.029194
0
0
1.029194
0
0
0
0
1.029194
0
0
1.029194
0
0
0
0
1.029194
0
0
1.029194
0
0
0
0
0.9706374
0
0
0.3947705
0
6.824957
6.83888
9.79767
10.71644
9.77692
9.696791
10.7623
9.704195
0
0
0
0
0
0
0
0
0
0
0
0
0
0
0
0
0
0
0
0
0
0
0
0
0
0
0
0
0
0
0
0
0
0
0
0
0
0
0
0
0
0
0
0
0
0
0
0
0
0
0
0
0
0
0
0
0
0
0
0
0
0
6.824957
6.824957
9.696791
10.76407
9.696791
9.696791
10.76407
9.696791
0
0
0
0
0
0
0
0
0
0
0
0
0
0
0
0
0
0
0
0
0
0
0
0
0
0
0
0
0
0
0
0
0
0
0
0
0
0
0
0
0
0
0
0
0
0
0
0
0
0
0
0
0
0
0
0
0
0
0
0
0
0
6.824957
6.824957
9.696791
10.76407
9.696791
9.696791
10.76407
9.696791
0
0
0
0
0
0
0
0
0
0
0
0
0
0
0
0
0
0
0
0
0
0
0
0
0
0
0
0
0
0
0
0
0
0
0
0
0
0
0
0
0
0
0
0
0
0
0
0
0
0
0
0
0
0
0
0
0
0
0
0
0
0
6.824957
6.824957
9.696791
10.76407
9.696791
9.696791
10.76407
9.696791
0
0
0
0
0
0
0
0
0
0
0
0
0
0
0
0
0
0
0
0
0
0
0
0
0
0
0
0
0
0
0
0
0
0
0
0
0
0
0
0
0
0
0
0
0
0
0
0
0
0
0
0
0
0
0
0
0
0
0
0
0
0
6.824957
6.824957
9.696791
10.76407
9.696791
9.696791
10.76407
9.696791
0
0
0
0
0
0
0
0
0
0
0
0
0
0
0
0
0
0
0
0
0
0
0
0
0
0
0
0
0
0
0
0
0
0
0
0
0
0
0
0
0
0
0
0
0
0
0
0
0
0
0
0
0
0
0
0
0
0
0
0
0
0
7.666851
6.958795
9.696791
10.75707
9.698966
9.503509
10.66122
9.721699
0
0
0
0
0
0
0
0
0
0
0
2.42373
0.544749
0
0
0.08746735
0
0
0
0
0
0
0
0
0
0
0
0
0
0.03807783
0
0
0.03807783
0
0
0
0
0
0
0
0
0
0
0
0
0
0.03807783
0
0
0.03807783
0
0
0
0
0
0
0
0
0
0
0
0
0
0.03807783
0
0
0.03807783
0
0
0
0
0
0
0
0
0
0
0
0
0
0.03807783
0
0
0.03807783
0
0
0
0
0
0
0
0
0
0
0
0
0
0
0
0
0
0
0
0
0
0
0
0
0
0
8.598511
8.371133
3.341953
8.548852
9.104588
11.05864
12.50387
9.107911
8.593606
8.537098
8.592334
8.548852
8.331953
3.309154
8.548852
8.537098
8.537098
8.534423
8.537098
8.537098
8.534423
8.548852
8.331953
3.309154
8.548852
8.537098
8.537098
8.534423
8.537098
8.537098
8.534423
8.548852
8.331953
3.309154
8.548852
8.537098
8.537098
8.534423
8.537098
8.537098
8.534423
8.548852
8.331953
3.309154
8.548852
8.537098
8.537098
8.534423
8.537098
8.537098
8.534423
8.018702
7.976082
2.788813
5.487174
0
8.480211
8.537098
8.476238
7.941381
5.334998
0
7.932876
8.592334
8.592334
8.534423
9.107911
11.06366
12.50684
9.107911
8.592334
8.534423
8.592334
8.534423
8.534423
8.534423
8.534423
8.534423
8.534423
8.534423
8.534423
8.534423
8.534423
8.534423
8.534423
8.534423
8.534423
8.534423
8.534423
8.534423
8.534423
8.534423
8.534423
8.534423
8.534423
8.534423
8.534423
8.534423
8.534423
8.534423
8.534423
8.534423
8.534423
8.534423
8.534423
8.534423
8.534423
8.534423
8.534423
7.932876
7.932876
5.322134
0
8.476238
8.534423
8.476238
7.932876
5.322134
0
7.932876
8.592334
8.592334
8.534423
9.107911
11.06366
12.50684
9.107911
8.592334
8.534423
8.592334
8.534423
8.534423
8.534423
8.534423
8.534423
8.534423
8.534423
8.534423
8.534423
8.534423
8.534423
8.534423
8.534423
8.534423
8.534423
8.534423
8.534423
8.534423
8.534423
8.534423
8.534423
8.534423
8.534423
8.534423
8.534423
8.534423
8.534423
8.534423
8.534423
8.534423
8.534423
8.534423
8.534423
8.534423
8.534423
8.534423
7.932876
7.932876
5.322134
0
8.476238
8.534423
8.476238
7.932876
5.322134
0
7.932876
8.592334
8.592334
8.534423
9.107911
11.06366
12.50684
9.107911
8.592334
8.534423
8.592334
8.534423
8.534423
8.534423
8.534423
8.534423
8.534423
8.534423
8.534423
8.534423
8.534423
8.534423
8.534423
8.534423
8.534423
8.534423
8.534423
8.534423
8.534423
8.534423
8.534423
8.534423
8.534423
8.534423
8.534423
8.534423
8.534423
8.534423
8.534423
8.534423
8.534423
8.534423
8.534423
8.534423
8.534423
8.534423
8.534423
7.932876
7.932876
5.322134
0
8.476238
8.534423
8.476238
7.932876
5.322134
0
7.932876
8.592334
8.592334
8.534423
9.107911
11.06366
12.50684
9.107911
8.592334
8.534423
8.592334
8.534423
8.534423
8.534423
8.534423
8.534423
8.534423
8.534423
8.534423
8.534423
8.534423
8.534423
8.534423
8.534423
8.534423
8.534423
8.534423
8.534423
8.534423
8.534423
8.534423
8.534423
8.534423
8.534423
8.534423
8.534423
8.534423
8.534423
8.534423
8.534423
8.534423
8.534423
8.534423
8.534423
8.534423
8.534423
8.534423
7.932876
7.932876
5.322134
0
8.476238
8.534423
8.476238
7.932876
5.322134
0
7.932876
8.588113
8.592334
8.531474
9.006338
10.94547
12.41141
8.456567
2.663807
8.542165
8.491934
8.093882
2.40519
8.531474
8.534423
8.531474
8.491934
8.491934
8.053836
2.372729
8.491934
8.491934
8.053836
2.372729
8.531474
8.534423
8.531474
8.491934
8.491934
8.053836
2.372729
8.491934
8.491934
8.053836
2.372729
8.531474
8.534423
8.531474
8.491934
8.491934
8.053836
2.372729
8.491934
8.491934
8.053836
2.372729
8.531474
8.534423
8.531474
8.491934
8.491934
8.053836
2.372729
8.491934
8.491934
8.053836
2.372729
7.93656
7.932876
5.331364
0
8.442637
8.491934
8.018873
2.323036
7.968426
5.451007
0
7.709932
1.848615
)
;
    }
    air_to_floor
    {
        type            calculated;
        value           nonuniform List<scalar> 
900
(
59.74096
59.74096
59.74096
59.74096
59.74096
59.74096
59.74096
59.74096
59.74096
59.74096
59.74096
59.74096
59.74096
59.74096
59.74096
59.74096
59.74096
59.74096
59.74096
59.74096
59.74096
59.74096
59.74096
59.74096
59.74096
59.74096
59.74096
59.74096
59.74096
59.74096
59.74096
59.74096
59.74096
59.74096
59.74096
59.74096
59.74096
59.74096
59.74096
59.74096
59.74096
59.74096
59.74096
59.74096
59.74096
59.74096
59.74096
59.74096
59.74096
59.74096
59.74096
59.74096
59.74096
59.74096
59.74096
59.74096
59.74096
59.74096
59.74096
59.74096
59.74096
59.74096
59.74096
59.74096
59.74096
59.74096
59.74096
59.74096
59.74096
59.74096
59.74096
59.74096
59.74096
59.74096
59.74096
59.74096
59.74096
59.74096
59.74096
59.74096
59.74096
59.74096
59.74096
59.74096
59.74096
59.74096
59.74096
59.74096
59.74096
59.74096
59.74096
59.74096
59.74096
59.74096
59.74096
59.74096
59.74096
59.74096
59.74096
59.74096
59.74096
59.74096
59.74096
59.74096
59.74096
59.74096
59.74096
59.74096
59.74096
59.74096
59.74096
59.74096
59.74096
59.74096
59.74096
59.74096
59.74096
59.74096
59.74096
59.74096
59.74096
59.74096
59.74096
59.74096
59.74096
59.74096
59.74096
59.74096
59.74096
59.74096
59.74096
59.74096
59.74096
59.74096
59.74096
59.74096
59.74096
59.74096
59.74096
59.74096
59.74096
59.74096
59.74096
59.74096
59.74096
59.74096
59.74096
59.74096
59.74096
59.74096
59.74096
59.74096
59.74096
59.74096
59.74096
59.74096
59.74096
59.74096
59.74096
59.74096
59.74096
59.74096
59.74096
59.74096
59.74096
59.74096
59.74096
59.74096
59.74096
59.74096
59.74096
59.74096
59.74096
59.74096
59.74096
59.74096
59.74096
59.74096
59.74096
59.74096
59.74096
59.74096
59.74096
59.74096
59.74096
59.74096
59.74096
59.74096
59.74096
59.74096
59.74096
59.74096
59.74096
59.74096
59.74096
59.74096
59.74096
59.74096
59.74096
59.74096
59.74096
59.74096
59.74096
59.74096
59.74096
59.74096
59.74096
59.74096
59.74096
59.74096
59.74096
59.74096
59.74096
59.74096
59.74096
59.74096
59.74096
59.74096
59.74096
59.74096
59.74096
59.74096
59.74096
59.74096
59.74096
59.74096
59.74096
59.74096
59.74096
59.74096
59.74096
59.74096
59.74096
59.74096
59.74096
59.74096
59.74096
59.74096
59.74096
59.74096
59.74096
59.74096
59.74096
59.74096
59.74096
59.74096
59.74096
59.74096
59.74096
59.74096
59.74096
59.74096
59.74096
59.74096
59.74096
59.74096
59.74096
59.74096
59.74096
59.74096
59.74096
59.74096
59.74096
59.74096
59.74096
59.74096
59.74096
59.74096
59.74096
59.74096
59.74096
59.74096
59.74096
59.74096
59.74096
59.74096
59.74096
59.74096
59.74096
59.74096
59.74096
59.74096
59.74096
59.74096
59.74096
59.74096
59.74096
59.74096
59.74096
59.74096
59.74096
59.74096
59.74096
59.74096
59.74096
59.74096
59.74096
59.74096
59.74096
59.74096
59.74096
59.74096
59.74096
59.74096
59.74096
59.74096
59.74096
59.74096
59.74096
59.74096
59.74096
59.74096
59.74096
59.74096
59.74096
59.74096
59.74096
59.74096
59.74096
59.74096
59.74096
59.74096
59.74096
59.74096
59.74096
59.74096
59.74096
59.74096
59.74096
59.74096
59.74096
59.74096
59.74096
59.74096
59.74096
59.74096
59.74096
59.74096
59.74096
59.74096
59.74096
59.74096
59.74096
59.74096
59.74096
59.74096
59.74096
59.74096
59.74096
59.74096
59.74096
59.74096
59.74096
59.74096
59.74096
59.74096
59.74096
59.74096
59.74096
59.74096
59.74096
59.74096
59.74096
59.74096
59.74096
59.74096
59.74096
59.74096
59.74096
59.74096
59.74096
59.74096
59.74096
59.74096
59.74096
59.74096
59.74096
59.74096
59.74096
59.74096
59.74096
59.74096
59.74096
59.74096
59.74096
59.74096
59.74096
59.74096
59.74096
59.74096
59.74096
59.74096
59.74096
59.74096
59.74096
59.74096
59.74096
59.74096
59.74096
59.74096
59.74096
59.74096
59.74096
59.74096
59.74096
59.74096
59.74096
59.74096
59.74096
59.74096
59.74096
59.74096
59.74096
59.74096
59.74096
59.74096
0
0
0
0
59.74096
59.74096
59.74096
59.74096
59.74096
59.74096
59.74096
59.74096
59.74096
59.74096
59.74096
59.74096
59.74096
59.74096
59.74096
59.74096
59.74096
59.74096
59.74096
59.74096
59.74096
59.74096
59.74096
59.74096
59.74096
59.74096
0
0
0
0
59.74096
59.74096
59.74096
59.74096
59.74096
59.74096
59.74096
59.74096
59.74096
59.74096
59.74096
59.74096
59.74096
59.74096
59.74096
59.74096
59.74096
59.74096
59.74096
59.74096
59.74096
59.74096
59.74096
59.74096
59.74096
59.74096
0
0
0
0
59.74096
59.74096
59.74096
59.74096
59.74096
59.74096
59.74096
59.74096
59.74096
59.74096
59.74096
59.74096
59.74096
59.74096
59.74096
59.74096
59.74096
59.74096
59.74096
59.74096
59.74096
59.74096
59.74096
59.74096
59.74096
59.74096
0
0
0
0
59.74096
59.74096
59.74096
59.74096
59.74096
59.74096
59.74096
59.74096
59.74096
59.74096
59.74096
59.74096
59.74096
59.74096
59.74096
59.74096
59.74096
59.74096
59.74096
59.74096
59.74096
59.74096
59.74096
59.74096
59.74096
59.74096
0
0
0
0
59.74096
59.74096
59.74096
59.74096
59.74096
59.74096
59.74096
59.74096
59.74096
59.74096
59.74096
59.74096
59.74096
59.74096
59.74096
59.74096
59.74096
59.74096
59.74096
59.74096
59.74096
59.74096
59.74096
59.74096
59.74096
59.74096
0
0
0
0
59.74096
59.74096
59.74096
59.74096
59.74096
59.74096
59.74096
59.74096
59.74096
59.74096
59.74096
59.74096
59.74096
59.74096
59.74096
59.74096
59.74096
59.74096
59.74096
59.74096
59.74096
59.74096
59.74096
59.74096
59.74096
59.74096
59.74096
59.74096
59.74096
59.74096
59.74096
59.74096
59.74096
59.74096
59.74096
59.74096
59.74096
59.74096
59.74096
59.74096
59.74096
59.74096
59.74096
59.74096
59.74096
59.74096
59.74096
59.74096
59.74096
59.74096
59.74096
59.74096
59.74096
59.74096
59.74096
59.74096
59.74096
59.74096
59.74096
59.74096
59.74096
59.74096
59.74096
59.74096
59.74096
59.74096
59.74096
59.74096
59.74096
59.74096
59.74096
59.74096
59.74096
59.74096
59.74096
59.74096
59.74096
59.74096
59.74096
59.74096
59.74096
59.74096
59.74096
59.74096
59.74096
59.74096
59.74096
59.74096
59.74096
59.74096
59.74096
59.74096
59.74096
59.74096
59.74096
59.74096
59.74096
59.74096
59.74096
59.74096
59.74096
59.74096
59.74096
59.74096
59.74096
59.74096
59.74096
59.74096
59.74096
59.74096
59.74096
59.74096
59.74096
59.74096
59.74096
59.74096
59.74096
59.74096
59.74096
59.74096
59.74096
59.74096
59.74096
59.74096
59.74096
59.74096
59.74096
59.74096
59.74096
59.74096
59.74096
59.74096
59.74096
59.74096
59.74096
59.74096
59.74096
59.74096
59.74096
59.74096
59.74096
59.74096
59.74096
59.74096
59.74096
59.74096
59.74096
59.74096
59.74096
59.74096
59.74096
59.74096
59.74096
59.74096
59.74096
59.74096
59.74096
59.74096
59.74096
59.74096
59.74096
59.74096
59.74096
59.74096
59.74096
59.74096
59.74096
59.74096
59.74096
59.74096
59.74096
59.74096
59.74096
59.74096
59.74096
59.74096
59.74096
59.74096
59.74096
59.74096
59.74096
59.74096
59.74096
59.74096
59.74096
59.74096
59.74096
59.74096
59.74096
59.74096
59.74096
59.74096
59.74096
59.74096
59.74096
59.74096
59.74096
59.74096
59.74096
59.74096
59.74096
59.74096
59.74096
59.74096
59.74096
59.74096
59.74096
59.74096
59.74096
59.74096
59.74096
59.74096
59.74096
59.74096
59.74096
59.74096
59.74096
59.74096
59.74096
59.74096
59.74096
59.74096
59.74096
59.74096
59.74096
59.74096
59.74096
59.74096
59.74096
59.74096
59.74096
59.74096
59.74096
59.74096
59.74096
59.74096
59.74096
59.74096
59.74096
59.74096
59.74096
59.74096
59.74096
59.74096
59.74096
59.74096
59.74096
59.74096
59.74096
59.74096
59.74096
59.74096
59.74096
59.74096
59.74096
59.74096
59.74096
59.74096
59.74096
59.74096
59.74096
59.74096
59.74096
59.74096
59.74096
59.74096
59.74096
59.74096
59.74096
59.74096
59.74096
59.74096
59.74096
59.74096
59.74096
59.74096
59.74096
59.74096
59.74096
59.74096
59.74096
59.74096
59.74096
59.74096
59.74096
59.74096
59.74096
59.74096
59.74096
59.74096
59.74096
59.74096
59.74096
59.74096
59.74096
59.74096
59.74096
59.74096
59.74096
59.74096
59.74096
59.74096
59.74096
59.74096
59.74096
59.74096
59.74096
59.74096
59.74096
59.74096
59.74096
59.74096
59.74096
59.74096
59.74096
59.74096
59.74096
59.74096
59.74096
59.74096
59.74096
59.74096
59.74096
59.74096
59.74096
59.74096
59.74096
59.74096
59.74096
59.74096
)
;
    }
}


// ************************************************************************* //
