/*--------------------------------*- C++ -*----------------------------------*\
| =========                 |                                                 |
| \\      /  F ield         | OpenFOAM: The Open Source CFD Toolbox           |
|  \\    /   O peration     | Version:  2506                                  |
|   \\  /    A nd           | Website:  www.openfoam.com                      |
|    \\/     M anipulation  |                                                 |
\*---------------------------------------------------------------------------*/
FoamFile
{
    version     2.0;
    format      ascii;
    arch        "LSB;label=32;scalar=64";
    class       volScalarField;
    location    "500/air";
    object      qprimaryRad_0;
}
// * * * * * * * * * * * * * * * * * * * * * * * * * * * * * * * * * * * * * //

dimensions      [1 0 -3 0 0 0 0];

internalField   uniform 0;

boundaryField
{
    maxY
    {
        type            calculated;
        value           uniform 0;
    }
    minX
    {
        type            calculated;
        value           uniform 0;
    }
    maxX
    {
        type            calculated;
        value           uniform 0;
    }
    minY
    {
        type            calculated;
        value           uniform 0;
    }
    maxZ
    {
        type            calculated;
        value           uniform 0;
    }
    air_to_solid
    {
        type            calculated;
        value           nonuniform List<scalar> 
1536
(
0
0
0
0
0
0
0
0
0
0
0
0
0
0
0
0
0
0
0
0
0
0
0
0
0
0
0
0
0
0
0
0
0
0
0
0
10.49776
23.18571
22.56992
8.677978
19.23384
8.677978
19.23384
8.677978
19.23384
8.677978
19.23384
8.677978
19.23384
0
24.44394
23.91631
19.34288
19.34288
19.34288
19.34288
19.34288
0
24.44394
23.91631
19.34288
19.34288
19.34288
19.34288
19.34288
0
24.44394
23.91631
19.34288
19.34288
19.34288
19.34288
19.34288
0
24.44394
23.91631
19.34288
19.34288
19.34288
19.34288
19.34288
0
24.44394
23.91631
19.34288
19.34288
19.34288
19.34288
19.34288
0
5.973762
4.199751
4.199751
4.199751
4.199751
4.199751
8.237414
3.579351
3.579351
3.579351
3.579351
3.579351
3.579351
3.579351
3.579351
3.579351
3.579351
0
19.25165
20.26612
0
0
0
0
0
0
0
0
0
0
0
0
0
0
0
0
0
0
0
0
20.26612
20.26612
0
0
0
0
0
0
0
0
0
0
0
0
0
0
0
0
0
0
0
0
20.26612
20.26612
0
0
0
0
0
0
0
0
0
0
0
0
0
0
0
0
0
0
0
0
20.26612
20.26612
0
0
0
0
0
0
0
0
0
0
0
0
0
0
0
0
0
0
0
0
20.26612
20.26612
0
0
0
0
0
0
0
0
0
0
0
0
0
0
0
0
0
0
0
0
20.26612
17.8449
0
0
0
3.702132
0
0
0
0
0
0
0
0
0
0
0
0
0
0
0
0
0
0
0
0
0
0
0
0
0
0
0
0
8.677978
19.23384
24.44394
23.91631
19.34288
8.677978
19.23384
19.34288
19.34288
8.677978
19.23384
19.34288
19.34288
8.677978
19.23384
19.34288
19.34288
8.677978
19.23384
19.34288
19.34288
3.09939
15.69633
19.34288
0
13.22134
19.34288
24.44394
23.91631
19.34288
19.34288
19.34288
19.34288
19.34288
19.34288
19.34288
19.34288
19.34288
19.34288
19.34288
19.34288
19.34288
13.22134
19.34288
0
13.22134
19.34288
24.44394
23.91631
19.34288
19.34288
19.34288
19.34288
19.34288
19.34288
19.34288
19.34288
19.34288
19.34288
19.34288
19.34288
19.34288
13.22134
19.34288
0
13.22134
19.34288
24.44394
23.91631
19.34288
19.34288
19.34288
19.34288
19.34288
19.34288
19.34288
19.34288
19.34288
19.34288
19.34288
19.34288
19.34288
13.22134
19.34288
0
13.22134
19.34288
24.44394
23.91631
19.34288
19.34288
19.34288
19.34288
19.34288
19.34288
19.34288
19.34288
19.34288
19.34288
19.34288
19.34288
19.34288
13.22134
19.34288
0
13.22134
19.34288
22.26564
21.71512
4.199751
17.90381
19.34288
17.90381
4.199751
17.90381
19.34288
17.90381
4.199751
17.90381
19.34288
17.90381
4.199751
17.90381
19.34288
17.90381
4.199751
17.90381
13.22134
17.90381
0
0
14.84153
0
0
0
1.424602
14.1125
0
11.99299
0
0
0
0
0
0
0
0
0
0
0
0
0
0
0
0
0
0
0
0
0
0
0
0
0
0
0
0
0
0
11.56621
11.56621
0
0
0
0
0
0
0
0
0
0
0
0
0
0
0
0
0
0
0
0
11.56621
11.56621
0
0
0
0
0
0
0
0
0
0
0
0
0
0
0
0
0
0
0
0
11.56621
11.56621
0
0
0
0
0
0
0
0
0
0
0
0
0
0
0
0
0
0
0
0
11.56621
11.56621
0
0
0
0
0
0
0
0
0
0
0
0
0
0
0
0
0
0
0
0
11.56621
11.58234
0
0
0
0
0
0
0
0
0
0
0
0
0
0
0
0
0
0
0
0
0
0
0
0
0
0
0
0
0
20.38014
19.95372
9.18644
23.82579
24.3511
19.44718
19.23384
8.677978
19.44718
19.44718
19.23384
8.677978
19.44718
19.44718
19.23384
8.677978
19.44718
19.44718
19.23384
8.677978
19.44718
19.35352
19.16668
8.583125
19.44718
20.40548
20.40548
23.91631
24.44394
19.34288
19.34288
19.34288
19.34288
19.34288
19.34288
19.34288
19.34288
19.34288
19.34288
19.34288
19.34288
19.23444
19.23444
19.34288
20.40548
20.40548
23.91631
24.44394
19.34288
19.34288
19.34288
19.34288
19.34288
19.34288
19.34288
19.34288
19.34288
19.34288
19.34288
19.34288
19.23444
19.23444
19.34288
20.40548
20.40548
23.91631
24.44394
19.34288
19.34288
19.34288
19.34288
19.34288
19.34288
19.34288
19.34288
19.34288
19.34288
19.34288
19.34288
19.23444
19.23444
19.34288
20.40548
20.40548
23.91631
24.44394
19.34288
19.34288
19.34288
19.34288
19.34288
19.34288
19.34288
19.34288
19.34288
19.34288
19.34288
19.34288
19.23444
19.23444
19.34288
20.38334
20.40548
23.89575
24.42177
19.32912
19.34288
19.32912
19.32912
19.34288
19.32912
19.32912
19.34288
19.32912
19.32912
19.34288
19.32912
19.22354
19.23444
19.32912
0
0
7.609797
4.493703
2.364324
1.16041
3.669565
1.271403
0
0
1.16041
3.579351
1.16041
1.16041
3.579351
1.16041
0
0
1.16041
3.579351
1.16041
1.16041
3.579351
1.16041
0
0
1.16041
3.579351
1.16041
1.16041
3.579351
1.16041
0
0
1.16041
3.579351
1.16041
1.16041
3.579351
1.16041
0
0
1.16041
3.468452
1.070305
0
2.370188
0.2408098
11.56621
11.60136
18.62403
20.23222
18.10284
17.84718
20.26861
17.87046
0
0
0
0
0
0
0
0
0
0
0
0
0
0
0
0
0
0
0
0
0
0
0
0
0
0
0
0
0
0
0
0
0
0
0
0
0
0
0
0
0
0
0
0
0
0
0
0
0
0
0
0
0
0
0
0
0
0
0
0
0
0
11.56621
11.56621
17.84718
20.26612
17.84718
17.84718
20.26612
17.84718
0
0
0
0
0
0
0
0
0
0
0
0
0
0
0
0
0
0
0
0
0
0
0
0
0
0
0
0
0
0
0
0
0
0
0
0
0
0
0
0
0
0
0
0
0
0
0
0
0
0
0
0
0
0
0
0
0
0
0
0
0
0
11.56621
11.56621
17.84718
20.26612
17.84718
17.84718
20.26612
17.84718
0
0
0
0
0
0
0
0
0
0
0
0
0
0
0
0
0
0
0
0
0
0
0
0
0
0
0
0
0
0
0
0
0
0
0
0
0
0
0
0
0
0
0
0
0
0
0
0
0
0
0
0
0
0
0
0
0
0
0
0
0
0
11.56621
11.56621
17.84718
20.26612
17.84718
17.84718
20.26612
17.84718
0
0
0
0
0
0
0
0
0
0
0
0
0
0
0
0
0
0
0
0
0
0
0
0
0
0
0
0
0
0
0
0
0
0
0
0
0
0
0
0
0
0
0
0
0
0
0
0
0
0
0
0
0
0
0
0
0
0
0
0
0
0
11.56621
11.56621
17.84718
20.26612
17.84718
17.84718
20.26612
17.84718
0
0
0
0
0
0
0
0
0
0
0
0
0
0
0
0
0
0
0
0
0
0
0
0
0
0
0
0
0
0
0
0
0
0
0
0
0
0
0
0
0
0
0
0
0
0
0
0
0
0
0
0
0
0
0
0
0
0
0
0
0
0
13.19243
11.80415
17.84718
20.2436
17.84545
17.21728
19.96814
17.83876
0
0
0
0
0
0
0
0
0
0
0
3.074515
0
0
0
0
0
0
0
0
0
0
0
0
0
0
0
0
0
0
0
0
0
0
0
0
0
0
0
0
0
0
0
0
0
0
0
0
0
0
0
0
0
0
0
0
0
0
0
0
0
0
0
0
0
0
0
0
0
0
0
0
0
0
0
0
0
0
0
0
0
0
0
0
0
0
0
0
0
0
0
0
0
0
0
0
0
0
0
0
0
0
0
0
0
0
0
0
0
0
19.53892
19.30641
8.736158
19.44718
20.4064
23.91312
24.44081
20.40548
19.46104
19.35602
19.4507
19.44718
19.23384
8.677978
19.44718
19.35602
19.35602
19.34288
19.35602
19.35602
19.34288
19.44718
19.23384
8.677978
19.44718
19.35602
19.35602
19.34288
19.35602
19.35602
19.34288
19.44718
19.23384
8.677978
19.44718
19.35602
19.35602
19.34288
19.35602
19.35602
19.34288
19.44718
19.23384
8.677978
19.44718
19.35602
19.35602
19.34288
19.35602
19.35602
19.34288
18.44678
18.56293
7.667948
13.59102
0
19.24981
19.35602
19.23444
18.23964
13.25145
0
18.21669
19.4507
19.4507
19.34288
20.40548
23.91631
24.44394
20.40548
19.4507
19.34288
19.4507
19.34288
19.34288
19.34288
19.34288
19.34288
19.34288
19.34288
19.34288
19.34288
19.34288
19.34288
19.34288
19.34288
19.34288
19.34288
19.34288
19.34288
19.34288
19.34288
19.34288
19.34288
19.34288
19.34288
19.34288
19.34288
19.34288
19.34288
19.34288
19.34288
19.34288
19.34288
19.34288
19.34288
19.34288
19.34288
19.34288
18.21669
18.21669
13.22134
0
19.23444
19.34288
19.23444
18.21669
13.22134
0
18.21669
19.4507
19.4507
19.34288
20.40548
23.91631
24.44394
20.40548
19.4507
19.34288
19.4507
19.34288
19.34288
19.34288
19.34288
19.34288
19.34288
19.34288
19.34288
19.34288
19.34288
19.34288
19.34288
19.34288
19.34288
19.34288
19.34288
19.34288
19.34288
19.34288
19.34288
19.34288
19.34288
19.34288
19.34288
19.34288
19.34288
19.34288
19.34288
19.34288
19.34288
19.34288
19.34288
19.34288
19.34288
19.34288
19.34288
18.21669
18.21669
13.22134
0
19.23444
19.34288
19.23444
18.21669
13.22134
0
18.21669
19.4507
19.4507
19.34288
20.40548
23.91631
24.44394
20.40548
19.4507
19.34288
19.4507
19.34288
19.34288
19.34288
19.34288
19.34288
19.34288
19.34288
19.34288
19.34288
19.34288
19.34288
19.34288
19.34288
19.34288
19.34288
19.34288
19.34288
19.34288
19.34288
19.34288
19.34288
19.34288
19.34288
19.34288
19.34288
19.34288
19.34288
19.34288
19.34288
19.34288
19.34288
19.34288
19.34288
19.34288
19.34288
19.34288
18.21669
18.21669
13.22134
0
19.23444
19.34288
19.23444
18.21669
13.22134
0
18.21669
19.4507
19.4507
19.34288
20.40548
23.91631
24.44394
20.40548
19.4507
19.34288
19.4507
19.34288
19.34288
19.34288
19.34288
19.34288
19.34288
19.34288
19.34288
19.34288
19.34288
19.34288
19.34288
19.34288
19.34288
19.34288
19.34288
19.34288
19.34288
19.34288
19.34288
19.34288
19.34288
19.34288
19.34288
19.34288
19.34288
19.34288
19.34288
19.34288
19.34288
19.34288
19.34288
19.34288
19.34288
19.34288
19.34288
18.21669
18.21669
13.22134
0
19.23444
19.34288
19.23444
18.21669
13.22134
0
18.21669
19.43477
19.4507
19.32912
20.1397
23.65283
24.16226
18.68092
4.690167
19.26946
19.17498
17.98052
4.256314
19.32912
19.34288
19.32912
19.17498
19.17498
17.90381
4.199751
19.17498
19.17498
17.90381
4.199751
19.32912
19.34288
19.32912
19.17498
19.17498
17.90381
4.199751
19.17498
19.17498
17.90381
4.199751
19.32912
19.34288
19.32912
19.17498
19.17498
17.90381
4.199751
19.17498
19.17498
17.90381
4.199751
19.32912
19.34288
19.32912
19.17498
19.17498
17.90381
4.199751
19.17498
19.17498
17.90381
4.199751
18.21659
18.21669
13.23408
0
19.08407
19.17498
17.8408
4.103281
18.20634
13.41806
0
17.29013
3.171675
)
;
    }
    air_to_floor
    {
        type            calculated;
        value           nonuniform List<scalar> 
900
(
58.02864
58.02864
58.02864
58.02864
58.02864
58.02864
58.02864
58.02864
58.02864
58.02864
58.02864
58.02864
58.02864
58.02864
58.02864
58.02864
58.02864
58.02864
58.02864
58.02864
58.02864
58.02864
58.02864
58.02864
58.02864
58.02864
58.02864
58.02864
58.02864
58.02864
58.02864
58.02864
58.02864
58.02864
58.02864
58.02864
58.02864
58.02864
58.02864
58.02864
58.02864
58.02864
58.02864
58.02864
58.02864
58.02864
58.02864
58.02864
58.02864
58.02864
58.02864
58.02864
58.02864
58.02864
58.02864
58.02864
58.02864
58.02864
58.02864
58.02864
58.02864
58.02864
58.02864
58.02864
58.02864
58.02864
58.02864
58.02864
58.02864
58.02864
58.02864
58.02864
58.02864
58.02864
58.02864
58.02864
58.02864
58.02864
58.02864
58.02864
58.02864
58.02864
58.02864
58.02864
58.02864
58.02864
58.02864
58.02864
58.02864
58.02864
58.02864
58.02864
58.02864
58.02864
58.02864
58.02864
58.02864
58.02864
58.02864
58.02864
58.02864
58.02864
58.02864
58.02864
58.02864
58.02864
58.02864
58.02864
58.02864
58.02864
58.02864
58.02864
58.02864
58.02864
58.02864
58.02864
58.02864
58.02864
58.02864
58.02864
58.02864
58.02864
58.02864
58.02864
58.02864
58.02864
58.02864
58.02864
58.02864
58.02864
58.02864
58.02864
58.02864
58.02864
58.02864
58.02864
58.02864
58.02864
58.02864
58.02864
58.02864
58.02864
58.02864
58.02864
58.02864
58.02864
58.02864
58.02864
58.02864
58.02864
58.02864
58.02864
58.02864
58.02864
58.02864
58.02864
58.02864
58.02864
58.02864
58.02864
58.02864
58.02864
58.02864
58.02864
58.02864
58.02864
58.02864
58.02864
58.02864
58.02864
58.02864
58.02864
58.02864
58.02864
58.02864
58.02864
58.02864
58.02864
58.02864
58.02864
58.02864
58.02864
58.02864
58.02864
58.02864
58.02864
58.02864
58.02864
58.02864
58.02864
58.02864
58.02864
58.02864
58.02864
58.02864
58.02864
58.02864
58.02864
58.02864
58.02864
58.02864
58.02864
58.02864
58.02864
58.02864
58.02864
58.02864
58.02864
58.02864
58.02864
58.02864
58.02864
58.02864
58.02864
58.02864
58.02864
58.02864
58.02864
58.02864
58.02864
58.02864
58.02864
58.02864
58.02864
58.02864
58.02864
58.02864
58.02864
58.02864
58.02864
58.02864
58.02864
58.02864
58.02864
58.02864
58.02864
58.02864
58.02864
58.02864
58.02864
58.02864
58.02864
58.02864
58.02864
58.02864
58.02864
58.02864
58.02864
58.02864
58.02864
58.02864
58.02864
58.02864
58.02864
58.02864
58.02864
58.02864
58.02864
58.02864
58.02864
58.02864
58.02864
58.02864
58.02864
58.02864
58.02864
58.02864
58.02864
58.02864
58.02864
58.02864
58.02864
58.02864
58.02864
58.02864
58.02864
58.02864
58.02864
58.02864
58.02864
58.02864
58.02864
58.02864
58.02864
58.02864
58.02864
58.02864
58.02864
58.02864
58.02864
58.02864
58.02864
58.02864
58.02864
58.02864
58.02864
58.02864
58.02864
58.02864
58.02864
58.02864
58.02864
58.02864
58.02864
58.02864
58.02864
58.02864
58.02864
58.02864
58.02864
58.02864
58.02864
58.02864
58.02864
58.02864
58.02864
58.02864
58.02864
58.02864
58.02864
58.02864
58.02864
58.02864
58.02864
58.02864
58.02864
58.02864
58.02864
58.02864
58.02864
58.02864
58.02864
58.02864
58.02864
58.02864
58.02864
58.02864
58.02864
58.02864
58.02864
58.02864
58.02864
58.02864
58.02864
58.02864
58.02864
58.02864
58.02864
58.02864
58.02864
58.02864
58.02864
58.02864
58.02864
58.02864
58.02864
58.02864
58.02864
58.02864
58.02864
58.02864
58.02864
58.02864
58.02864
58.02864
58.02864
58.02864
58.02864
58.02864
58.02864
58.02864
58.02864
58.02864
58.02864
58.02864
58.02864
58.02864
58.02864
58.02864
58.02864
58.02864
58.02864
58.02864
58.02864
58.02864
58.02864
58.02864
58.02864
58.02864
58.02864
58.02864
58.02864
58.02864
58.02864
58.02864
58.02864
58.02864
58.02864
58.02864
58.02864
58.02864
58.02864
58.02864
58.02864
58.02864
58.02864
58.02864
58.02864
58.02864
58.02864
58.02864
58.02864
58.02864
0
0
0
0
0
0
58.02864
58.02864
58.02864
58.02864
58.02864
58.02864
58.02864
58.02864
58.02864
58.02864
58.02864
58.02864
58.02864
58.02864
58.02864
58.02864
58.02864
58.02864
58.02864
58.02864
58.02864
58.02864
58.02864
58.02864
0
0
0
0
0
0
0
58.02864
58.02864
58.02864
58.02864
58.02864
58.02864
58.02864
58.02864
58.02864
58.02864
58.02864
58.02864
58.02864
58.02864
58.02864
58.02864
58.02864
58.02864
58.02864
58.02864
58.02864
58.02864
58.02864
0
0
0
0
0
0
0
58.02864
58.02864
58.02864
58.02864
58.02864
58.02864
58.02864
58.02864
58.02864
58.02864
58.02864
58.02864
58.02864
58.02864
58.02864
58.02864
58.02864
58.02864
58.02864
58.02864
58.02864
58.02864
58.02864
0
0
0
0
0
0
0
58.02864
58.02864
58.02864
58.02864
58.02864
58.02864
58.02864
58.02864
58.02864
58.02864
58.02864
58.02864
58.02864
58.02864
58.02864
58.02864
58.02864
58.02864
58.02864
58.02864
58.02864
58.02864
58.02864
0
0
0
0
0
0
0
58.02864
58.02864
58.02864
58.02864
58.02864
58.02864
58.02864
58.02864
58.02864
58.02864
58.02864
58.02864
58.02864
58.02864
58.02864
58.02864
58.02864
58.02864
58.02864
58.02864
58.02864
58.02864
58.02864
0
0
0
0
0
0
0
58.02864
58.02864
58.02864
58.02864
58.02864
58.02864
58.02864
58.02864
58.02864
58.02864
58.02864
58.02864
58.02864
58.02864
58.02864
58.02864
58.02864
58.02864
58.02864
58.02864
58.02864
58.02864
58.02864
58.02864
58.02864
58.02864
58.02864
58.02864
58.02864
58.02864
58.02864
58.02864
58.02864
58.02864
58.02864
58.02864
58.02864
58.02864
58.02864
58.02864
58.02864
58.02864
58.02864
58.02864
58.02864
58.02864
58.02864
58.02864
58.02864
58.02864
58.02864
58.02864
58.02864
58.02864
58.02864
58.02864
58.02864
58.02864
58.02864
58.02864
58.02864
58.02864
58.02864
58.02864
58.02864
58.02864
58.02864
58.02864
58.02864
58.02864
58.02864
58.02864
58.02864
58.02864
58.02864
58.02864
58.02864
58.02864
58.02864
58.02864
58.02864
58.02864
58.02864
58.02864
58.02864
58.02864
58.02864
58.02864
58.02864
58.02864
58.02864
58.02864
58.02864
58.02864
58.02864
58.02864
58.02864
58.02864
58.02864
58.02864
58.02864
58.02864
58.02864
58.02864
58.02864
58.02864
58.02864
58.02864
58.02864
58.02864
58.02864
58.02864
58.02864
58.02864
58.02864
58.02864
58.02864
58.02864
58.02864
58.02864
58.02864
58.02864
58.02864
58.02864
58.02864
58.02864
58.02864
58.02864
58.02864
58.02864
58.02864
58.02864
58.02864
58.02864
58.02864
58.02864
58.02864
58.02864
58.02864
58.02864
58.02864
58.02864
58.02864
58.02864
58.02864
58.02864
58.02864
58.02864
58.02864
58.02864
58.02864
58.02864
58.02864
58.02864
58.02864
58.02864
58.02864
58.02864
58.02864
58.02864
58.02864
58.02864
58.02864
58.02864
58.02864
58.02864
58.02864
58.02864
58.02864
58.02864
58.02864
58.02864
58.02864
58.02864
58.02864
58.02864
58.02864
58.02864
58.02864
58.02864
58.02864
58.02864
58.02864
58.02864
58.02864
58.02864
58.02864
58.02864
58.02864
58.02864
58.02864
58.02864
58.02864
58.02864
58.02864
58.02864
58.02864
58.02864
58.02864
58.02864
58.02864
58.02864
58.02864
58.02864
58.02864
58.02864
58.02864
58.02864
58.02864
58.02864
58.02864
58.02864
58.02864
58.02864
58.02864
58.02864
58.02864
58.02864
58.02864
58.02864
58.02864
58.02864
58.02864
58.02864
58.02864
58.02864
58.02864
58.02864
58.02864
58.02864
58.02864
58.02864
58.02864
58.02864
58.02864
58.02864
58.02864
58.02864
58.02864
58.02864
58.02864
58.02864
58.02864
58.02864
58.02864
58.02864
58.02864
58.02864
58.02864
58.02864
58.02864
58.02864
58.02864
58.02864
58.02864
58.02864
58.02864
58.02864
58.02864
58.02864
58.02864
58.02864
58.02864
58.02864
58.02864
58.02864
58.02864
58.02864
58.02864
58.02864
58.02864
58.02864
58.02864
58.02864
58.02864
58.02864
58.02864
58.02864
58.02864
58.02864
58.02864
58.02864
58.02864
58.02864
58.02864
58.02864
58.02864
58.02864
58.02864
58.02864
58.02864
58.02864
58.02864
58.02864
58.02864
58.02864
58.02864
58.02864
58.02864
58.02864
58.02864
58.02864
58.02864
58.02864
58.02864
58.02864
58.02864
58.02864
58.02864
58.02864
58.02864
58.02864
58.02864
58.02864
58.02864
58.02864
58.02864
58.02864
58.02864
58.02864
58.02864
58.02864
58.02864
58.02864
58.02864
58.02864
58.02864
58.02864
58.02864
58.02864
)
;
    }
}


// ************************************************************************* //
