/*--------------------------------*- C++ -*----------------------------------*\
| =========                 |                                                 |
| \\      /  F ield         | OpenFOAM: The Open Source CFD Toolbox           |
|  \\    /   O peration     | Version:  2506                                  |
|   \\  /    A nd           | Website:  www.openfoam.com                      |
|    \\/     M anipulation  |                                                 |
\*---------------------------------------------------------------------------*/
FoamFile
{
    version     2.0;
    format      ascii;
    arch        "LSB;label=32;scalar=64";
    class       volScalarField;
    location    "500/air";
    object      qprimaryRad_1;
}
// * * * * * * * * * * * * * * * * * * * * * * * * * * * * * * * * * * * * * //

dimensions      [1 0 -3 0 0 0 0];

internalField   uniform 0;

boundaryField
{
    maxY
    {
        type            calculated;
        value           uniform 0;
    }
    minX
    {
        type            calculated;
        value           uniform 0;
    }
    maxX
    {
        type            calculated;
        value           uniform 0;
    }
    minY
    {
        type            calculated;
        value           uniform 0;
    }
    maxZ
    {
        type            calculated;
        value           uniform 0;
    }
    air_to_solid
    {
        type            calculated;
        value           nonuniform List<scalar> 
1536
(
0
0
0
0
0
0
0
0
0
0
0
0
0
0
0
0
0
0
0
0
0
0
0
0
0
0
0
0
0
0
0
0
0
0
0
0
5.24888
11.59285
11.28496
4.338989
9.616919
4.338989
9.616919
4.338989
9.616919
4.338989
9.616919
4.338989
9.616919
0
12.22197
11.95815
9.671441
9.671441
9.671441
9.671441
9.671441
0
12.22197
11.95815
9.671441
9.671441
9.671441
9.671441
9.671441
0
12.22197
11.95815
9.671441
9.671441
9.671441
9.671441
9.671441
0
12.22197
11.95815
9.671441
9.671441
9.671441
9.671441
9.671441
0
12.22197
11.95815
9.671441
9.671441
9.671441
9.671441
9.671441
0
2.986881
2.099875
2.099875
2.099875
2.099875
2.099875
4.118707
1.789676
1.789676
1.789676
1.789676
1.789676
1.789676
1.789676
1.789676
1.789676
1.789676
0
9.625826
10.13306
0
0
0
0
0
0
0
0
0
0
0
0
0
0
0
0
0
0
0
0
10.13306
10.13306
0
0
0
0
0
0
0
0
0
0
0
0
0
0
0
0
0
0
0
0
10.13306
10.13306
0
0
0
0
0
0
0
0
0
0
0
0
0
0
0
0
0
0
0
0
10.13306
10.13306
0
0
0
0
0
0
0
0
0
0
0
0
0
0
0
0
0
0
0
0
10.13306
10.13306
0
0
0
0
0
0
0
0
0
0
0
0
0
0
0
0
0
0
0
0
10.13306
8.922449
0
0
0
1.851066
0
0
0
0
0
0
0
0
0
0
0
0
0
0
0
0
0
0
0
0
0
0
0
0
0
0
0
0
4.338989
9.616919
12.22197
11.95815
9.671441
4.338989
9.616919
9.671441
9.671441
4.338989
9.616919
9.671441
9.671441
4.338989
9.616919
9.671441
9.671441
4.338989
9.616919
9.671441
9.671441
1.549695
7.848164
9.671441
0
6.610669
9.671441
12.22197
11.95815
9.671441
9.671441
9.671441
9.671441
9.671441
9.671441
9.671441
9.671441
9.671441
9.671441
9.671441
9.671441
9.671441
6.610669
9.671441
0
6.610669
9.671441
12.22197
11.95815
9.671441
9.671441
9.671441
9.671441
9.671441
9.671441
9.671441
9.671441
9.671441
9.671441
9.671441
9.671441
9.671441
6.610669
9.671441
0
6.610669
9.671441
12.22197
11.95815
9.671441
9.671441
9.671441
9.671441
9.671441
9.671441
9.671441
9.671441
9.671441
9.671441
9.671441
9.671441
9.671441
6.610669
9.671441
0
6.610669
9.671441
12.22197
11.95815
9.671441
9.671441
9.671441
9.671441
9.671441
9.671441
9.671441
9.671441
9.671441
9.671441
9.671441
9.671441
9.671441
6.610669
9.671441
0
6.610669
9.671441
11.13282
10.85756
2.099875
8.951905
9.671441
8.951905
2.099875
8.951905
9.671441
8.951905
2.099875
8.951905
9.671441
8.951905
2.099875
8.951905
9.671441
8.951905
2.099875
8.951905
6.610669
8.951905
0
0
7.420763
0
0
0
0.7123011
7.056251
0
5.996495
0
0
0
0
0
0
0
0
0
0
0
0
0
0
0
0
0
0
0
0
0
0
0
0
0
0
0
0
0
0
5.783104
5.783104
0
0
0
0
0
0
0
0
0
0
0
0
0
0
0
0
0
0
0
0
5.783104
5.783104
0
0
0
0
0
0
0
0
0
0
0
0
0
0
0
0
0
0
0
0
5.783104
5.783104
0
0
0
0
0
0
0
0
0
0
0
0
0
0
0
0
0
0
0
0
5.783104
5.783104
0
0
0
0
0
0
0
0
0
0
0
0
0
0
0
0
0
0
0
0
5.783104
5.791172
0
0
0
0
0
0
0
0
0
0
0
0
0
0
0
0
0
0
0
0
0
0
0
0
0
0
0
0
0
10.19007
9.976859
4.59322
11.9129
12.17555
9.723591
9.616919
4.338989
9.723591
9.723591
9.616919
4.338989
9.723591
9.723591
9.616919
4.338989
9.723591
9.723591
9.616919
4.338989
9.723591
9.676762
9.583341
4.291562
9.723591
10.20274
10.20274
11.95815
12.22197
9.671441
9.671441
9.671441
9.671441
9.671441
9.671441
9.671441
9.671441
9.671441
9.671441
9.671441
9.671441
9.617222
9.617222
9.671441
10.20274
10.20274
11.95815
12.22197
9.671441
9.671441
9.671441
9.671441
9.671441
9.671441
9.671441
9.671441
9.671441
9.671441
9.671441
9.671441
9.617222
9.617222
9.671441
10.20274
10.20274
11.95815
12.22197
9.671441
9.671441
9.671441
9.671441
9.671441
9.671441
9.671441
9.671441
9.671441
9.671441
9.671441
9.671441
9.617222
9.617222
9.671441
10.20274
10.20274
11.95815
12.22197
9.671441
9.671441
9.671441
9.671441
9.671441
9.671441
9.671441
9.671441
9.671441
9.671441
9.671441
9.671441
9.617222
9.617222
9.671441
10.19167
10.20274
11.94787
12.21089
9.664562
9.671441
9.664562
9.664562
9.671441
9.664562
9.664562
9.671441
9.664562
9.664562
9.671441
9.664562
9.611771
9.617222
9.664562
0
0
3.804898
2.246851
1.182162
0.580205
1.834783
0.6357017
0
0
0.580205
1.789676
0.580205
0.580205
1.789676
0.580205
0
0
0.580205
1.789676
0.580205
0.580205
1.789676
0.580205
0
0
0.580205
1.789676
0.580205
0.580205
1.789676
0.580205
0
0
0.580205
1.789676
0.580205
0.580205
1.789676
0.580205
0
0
0.580205
1.734226
0.5351524
0
1.185094
0.1204049
5.783104
5.800678
9.312017
10.11611
9.051419
8.92359
10.13431
8.935228
0
0
0
0
0
0
0
0
0
0
0
0
0
0
0
0
0
0
0
0
0
0
0
0
0
0
0
0
0
0
0
0
0
0
0
0
0
0
0
0
0
0
0
0
0
0
0
0
0
0
0
0
0
0
0
0
0
0
0
0
0
0
5.783104
5.783104
8.92359
10.13306
8.92359
8.92359
10.13306
8.92359
0
0
0
0
0
0
0
0
0
0
0
0
0
0
0
0
0
0
0
0
0
0
0
0
0
0
0
0
0
0
0
0
0
0
0
0
0
0
0
0
0
0
0
0
0
0
0
0
0
0
0
0
0
0
0
0
0
0
0
0
0
0
5.783104
5.783104
8.92359
10.13306
8.92359
8.92359
10.13306
8.92359
0
0
0
0
0
0
0
0
0
0
0
0
0
0
0
0
0
0
0
0
0
0
0
0
0
0
0
0
0
0
0
0
0
0
0
0
0
0
0
0
0
0
0
0
0
0
0
0
0
0
0
0
0
0
0
0
0
0
0
0
0
0
5.783104
5.783104
8.92359
10.13306
8.92359
8.92359
10.13306
8.92359
0
0
0
0
0
0
0
0
0
0
0
0
0
0
0
0
0
0
0
0
0
0
0
0
0
0
0
0
0
0
0
0
0
0
0
0
0
0
0
0
0
0
0
0
0
0
0
0
0
0
0
0
0
0
0
0
0
0
0
0
0
0
5.783104
5.783104
8.92359
10.13306
8.92359
8.92359
10.13306
8.92359
0
0
0
0
0
0
0
0
0
0
0
0
0
0
0
0
0
0
0
0
0
0
0
0
0
0
0
0
0
0
0
0
0
0
0
0
0
0
0
0
0
0
0
0
0
0
0
0
0
0
0
0
0
0
0
0
0
0
0
0
0
0
6.596215
5.902075
8.92359
10.1218
8.922724
8.608641
9.984068
8.919379
0
0
0
0
0
0
0
0
0
0
0
1.537257
0
0
0
0
0
0
0
0
0
0
0
0
0
0
0
0
0
0
0
0
0
0
0
0
0
0
0
0
0
0
0
0
0
0
0
0
0
0
0
0
0
0
0
0
0
0
0
0
0
0
0
0
0
0
0
0
0
0
0
0
0
0
0
0
0
0
0
0
0
0
0
0
0
0
0
0
0
0
0
0
0
0
0
0
0
0
0
0
0
0
0
0
0
0
0
0
0
0
9.76946
9.653203
4.368079
9.723591
10.2032
11.95656
12.2204
10.20274
9.730519
9.678009
9.72535
9.723591
9.616919
4.338989
9.723591
9.678009
9.678009
9.671441
9.678009
9.678009
9.671441
9.723591
9.616919
4.338989
9.723591
9.678009
9.678009
9.671441
9.678009
9.678009
9.671441
9.723591
9.616919
4.338989
9.723591
9.678009
9.678009
9.671441
9.678009
9.678009
9.671441
9.723591
9.616919
4.338989
9.723591
9.678009
9.678009
9.671441
9.678009
9.678009
9.671441
9.223388
9.281465
3.833974
6.795509
0
9.624905
9.678009
9.617222
9.119822
6.625727
0
9.108345
9.72535
9.72535
9.671441
10.20274
11.95815
12.22197
10.20274
9.72535
9.671441
9.72535
9.671441
9.671441
9.671441
9.671441
9.671441
9.671441
9.671441
9.671441
9.671441
9.671441
9.671441
9.671441
9.671441
9.671441
9.671441
9.671441
9.671441
9.671441
9.671441
9.671441
9.671441
9.671441
9.671441
9.671441
9.671441
9.671441
9.671441
9.671441
9.671441
9.671441
9.671441
9.671441
9.671441
9.671441
9.671441
9.671441
9.108345
9.108345
6.610669
0
9.617222
9.671441
9.617222
9.108345
6.610669
0
9.108345
9.72535
9.72535
9.671441
10.20274
11.95815
12.22197
10.20274
9.72535
9.671441
9.72535
9.671441
9.671441
9.671441
9.671441
9.671441
9.671441
9.671441
9.671441
9.671441
9.671441
9.671441
9.671441
9.671441
9.671441
9.671441
9.671441
9.671441
9.671441
9.671441
9.671441
9.671441
9.671441
9.671441
9.671441
9.671441
9.671441
9.671441
9.671441
9.671441
9.671441
9.671441
9.671441
9.671441
9.671441
9.671441
9.671441
9.108345
9.108345
6.610669
0
9.617222
9.671441
9.617222
9.108345
6.610669
0
9.108345
9.72535
9.72535
9.671441
10.20274
11.95815
12.22197
10.20274
9.72535
9.671441
9.72535
9.671441
9.671441
9.671441
9.671441
9.671441
9.671441
9.671441
9.671441
9.671441
9.671441
9.671441
9.671441
9.671441
9.671441
9.671441
9.671441
9.671441
9.671441
9.671441
9.671441
9.671441
9.671441
9.671441
9.671441
9.671441
9.671441
9.671441
9.671441
9.671441
9.671441
9.671441
9.671441
9.671441
9.671441
9.671441
9.671441
9.108345
9.108345
6.610669
0
9.617222
9.671441
9.617222
9.108345
6.610669
0
9.108345
9.72535
9.72535
9.671441
10.20274
11.95815
12.22197
10.20274
9.72535
9.671441
9.72535
9.671441
9.671441
9.671441
9.671441
9.671441
9.671441
9.671441
9.671441
9.671441
9.671441
9.671441
9.671441
9.671441
9.671441
9.671441
9.671441
9.671441
9.671441
9.671441
9.671441
9.671441
9.671441
9.671441
9.671441
9.671441
9.671441
9.671441
9.671441
9.671441
9.671441
9.671441
9.671441
9.671441
9.671441
9.671441
9.671441
9.108345
9.108345
6.610669
0
9.617222
9.671441
9.617222
9.108345
6.610669
0
9.108345
9.717385
9.72535
9.664562
10.06985
11.82642
12.08113
9.34046
2.345083
9.634731
9.587492
8.99026
2.128157
9.664562
9.671441
9.664562
9.587492
9.587492
8.951905
2.099875
9.587492
9.587492
8.951905
2.099875
9.664562
9.671441
9.664562
9.587492
9.587492
8.951905
2.099875
9.587492
9.587492
8.951905
2.099875
9.664562
9.671441
9.664562
9.587492
9.587492
8.951905
2.099875
9.587492
9.587492
8.951905
2.099875
9.664562
9.671441
9.664562
9.587492
9.587492
8.951905
2.099875
9.587492
9.587492
8.951905
2.099875
9.108294
9.108345
6.617039
0
9.542033
9.587492
8.920398
2.051641
9.103171
6.70903
0
8.645066
1.585838
)
;
    }
    air_to_floor
    {
        type            calculated;
        value           nonuniform List<scalar> 
900
(
67.70009
67.70009
67.70009
67.70009
67.70009
67.70009
67.70009
67.70009
67.70009
67.70009
67.70009
67.70009
67.70009
67.70009
67.70009
67.70009
67.70009
67.70009
67.70009
67.70009
67.70009
67.70009
67.70009
67.70009
67.70009
67.70009
67.70009
67.70009
67.70009
67.70009
67.70009
67.70009
67.70009
67.70009
67.70009
67.70009
67.70009
67.70009
67.70009
67.70009
67.70009
67.70009
67.70009
67.70009
67.70009
67.70009
67.70009
67.70009
67.70009
67.70009
67.70009
67.70009
67.70009
67.70009
67.70009
67.70009
67.70009
67.70009
67.70009
67.70009
67.70009
67.70009
67.70009
67.70009
67.70009
67.70009
67.70009
67.70009
67.70009
67.70009
67.70009
67.70009
67.70009
67.70009
67.70009
67.70009
67.70009
67.70009
67.70009
67.70009
67.70009
67.70009
67.70009
67.70009
67.70009
67.70009
67.70009
67.70009
67.70009
67.70009
67.70009
67.70009
67.70009
67.70009
67.70009
67.70009
67.70009
67.70009
67.70009
67.70009
67.70009
67.70009
67.70009
67.70009
67.70009
67.70009
67.70009
67.70009
67.70009
67.70009
67.70009
67.70009
67.70009
67.70009
67.70009
67.70009
67.70009
67.70009
67.70009
67.70009
67.70009
67.70009
67.70009
67.70009
67.70009
67.70009
67.70009
67.70009
67.70009
67.70009
67.70009
67.70009
67.70009
67.70009
67.70009
67.70009
67.70009
67.70009
67.70009
67.70009
67.70009
67.70009
67.70009
67.70009
67.70009
67.70009
67.70009
67.70009
67.70009
67.70009
67.70009
67.70009
67.70009
67.70009
67.70009
67.70009
67.70009
67.70009
67.70009
67.70009
67.70009
67.70009
67.70009
67.70009
67.70009
67.70009
67.70009
67.70009
67.70009
67.70009
67.70009
67.70009
67.70009
67.70009
67.70009
67.70009
67.70009
67.70009
67.70009
67.70009
67.70009
67.70009
67.70009
67.70009
67.70009
67.70009
67.70009
67.70009
67.70009
67.70009
67.70009
67.70009
67.70009
67.70009
67.70009
67.70009
67.70009
67.70009
67.70009
67.70009
67.70009
67.70009
67.70009
67.70009
67.70009
67.70009
67.70009
67.70009
67.70009
67.70009
67.70009
67.70009
67.70009
67.70009
67.70009
67.70009
67.70009
67.70009
67.70009
67.70009
67.70009
67.70009
67.70009
67.70009
67.70009
67.70009
67.70009
67.70009
67.70009
67.70009
67.70009
67.70009
67.70009
67.70009
67.70009
67.70009
67.70009
67.70009
67.70009
67.70009
67.70009
67.70009
67.70009
67.70009
67.70009
67.70009
67.70009
67.70009
67.70009
67.70009
67.70009
67.70009
67.70009
67.70009
67.70009
67.70009
67.70009
67.70009
67.70009
67.70009
67.70009
67.70009
67.70009
67.70009
67.70009
67.70009
67.70009
67.70009
67.70009
67.70009
67.70009
67.70009
67.70009
67.70009
67.70009
67.70009
67.70009
67.70009
67.70009
67.70009
67.70009
67.70009
67.70009
67.70009
67.70009
67.70009
67.70009
67.70009
67.70009
67.70009
67.70009
67.70009
67.70009
67.70009
67.70009
67.70009
67.70009
67.70009
67.70009
67.70009
67.70009
67.70009
67.70009
67.70009
67.70009
67.70009
67.70009
67.70009
67.70009
67.70009
67.70009
67.70009
67.70009
67.70009
67.70009
67.70009
67.70009
67.70009
67.70009
67.70009
67.70009
67.70009
67.70009
67.70009
67.70009
67.70009
67.70009
67.70009
67.70009
67.70009
67.70009
67.70009
67.70009
67.70009
67.70009
67.70009
67.70009
67.70009
67.70009
67.70009
67.70009
67.70009
67.70009
67.70009
67.70009
67.70009
67.70009
67.70009
67.70009
67.70009
67.70009
67.70009
67.70009
67.70009
67.70009
67.70009
67.70009
67.70009
67.70009
67.70009
67.70009
67.70009
67.70009
67.70009
67.70009
67.70009
67.70009
67.70009
67.70009
67.70009
67.70009
67.70009
67.70009
67.70009
67.70009
67.70009
67.70009
67.70009
67.70009
67.70009
67.70009
67.70009
67.70009
67.70009
67.70009
67.70009
67.70009
67.70009
67.70009
67.70009
67.70009
67.70009
67.70009
67.70009
67.70009
67.70009
67.70009
67.70009
67.70009
67.70009
67.70009
67.70009
67.70009
67.70009
67.70009
67.70009
67.70009
67.70009
67.70009
67.70009
67.70009
67.70009
67.70009
0
0
0
0
0
0
67.70009
67.70009
67.70009
67.70009
67.70009
67.70009
67.70009
67.70009
67.70009
67.70009
67.70009
67.70009
67.70009
67.70009
67.70009
67.70009
67.70009
67.70009
67.70009
67.70009
67.70009
67.70009
67.70009
67.70009
0
0
0
0
0
0
0
67.70009
67.70009
67.70009
67.70009
67.70009
67.70009
67.70009
67.70009
67.70009
67.70009
67.70009
67.70009
67.70009
67.70009
67.70009
67.70009
67.70009
67.70009
67.70009
67.70009
67.70009
67.70009
67.70009
0
0
0
0
0
0
0
67.70009
67.70009
67.70009
67.70009
67.70009
67.70009
67.70009
67.70009
67.70009
67.70009
67.70009
67.70009
67.70009
67.70009
67.70009
67.70009
67.70009
67.70009
67.70009
67.70009
67.70009
67.70009
67.70009
0
0
0
0
0
0
0
67.70009
67.70009
67.70009
67.70009
67.70009
67.70009
67.70009
67.70009
67.70009
67.70009
67.70009
67.70009
67.70009
67.70009
67.70009
67.70009
67.70009
67.70009
67.70009
67.70009
67.70009
67.70009
67.70009
0
0
0
0
0
0
0
67.70009
67.70009
67.70009
67.70009
67.70009
67.70009
67.70009
67.70009
67.70009
67.70009
67.70009
67.70009
67.70009
67.70009
67.70009
67.70009
67.70009
67.70009
67.70009
67.70009
67.70009
67.70009
67.70009
0
0
0
0
0
0
0
67.70009
67.70009
67.70009
67.70009
67.70009
67.70009
67.70009
67.70009
67.70009
67.70009
67.70009
67.70009
67.70009
67.70009
67.70009
67.70009
67.70009
67.70009
67.70009
67.70009
67.70009
67.70009
67.70009
67.70009
67.70009
67.70009
67.70009
67.70009
67.70009
67.70009
67.70009
67.70009
67.70009
67.70009
67.70009
67.70009
67.70009
67.70009
67.70009
67.70009
67.70009
67.70009
67.70009
67.70009
67.70009
67.70009
67.70009
67.70009
67.70009
67.70009
67.70009
67.70009
67.70009
67.70009
67.70009
67.70009
67.70009
67.70009
67.70009
67.70009
67.70009
67.70009
67.70009
67.70009
67.70009
67.70009
67.70009
67.70009
67.70009
67.70009
67.70009
67.70009
67.70009
67.70009
67.70009
67.70009
67.70009
67.70009
67.70009
67.70009
67.70009
67.70009
67.70009
67.70009
67.70009
67.70009
67.70009
67.70009
67.70009
67.70009
67.70009
67.70009
67.70009
67.70009
67.70009
67.70009
67.70009
67.70009
67.70009
67.70009
67.70009
67.70009
67.70009
67.70009
67.70009
67.70009
67.70009
67.70009
67.70009
67.70009
67.70009
67.70009
67.70009
67.70009
67.70009
67.70009
67.70009
67.70009
67.70009
67.70009
67.70009
67.70009
67.70009
67.70009
67.70009
67.70009
67.70009
67.70009
67.70009
67.70009
67.70009
67.70009
67.70009
67.70009
67.70009
67.70009
67.70009
67.70009
67.70009
67.70009
67.70009
67.70009
67.70009
67.70009
67.70009
67.70009
67.70009
67.70009
67.70009
67.70009
67.70009
67.70009
67.70009
67.70009
67.70009
67.70009
67.70009
67.70009
67.70009
67.70009
67.70009
67.70009
67.70009
67.70009
67.70009
67.70009
67.70009
67.70009
67.70009
67.70009
67.70009
67.70009
67.70009
67.70009
67.70009
67.70009
67.70009
67.70009
67.70009
67.70009
67.70009
67.70009
67.70009
67.70009
67.70009
67.70009
67.70009
67.70009
67.70009
67.70009
67.70009
67.70009
67.70009
67.70009
67.70009
67.70009
67.70009
67.70009
67.70009
67.70009
67.70009
67.70009
67.70009
67.70009
67.70009
67.70009
67.70009
67.70009
67.70009
67.70009
67.70009
67.70009
67.70009
67.70009
67.70009
67.70009
67.70009
67.70009
67.70009
67.70009
67.70009
67.70009
67.70009
67.70009
67.70009
67.70009
67.70009
67.70009
67.70009
67.70009
67.70009
67.70009
67.70009
67.70009
67.70009
67.70009
67.70009
67.70009
67.70009
67.70009
67.70009
67.70009
67.70009
67.70009
67.70009
67.70009
67.70009
67.70009
67.70009
67.70009
67.70009
67.70009
67.70009
67.70009
67.70009
67.70009
67.70009
67.70009
67.70009
67.70009
67.70009
67.70009
67.70009
67.70009
67.70009
67.70009
67.70009
67.70009
67.70009
67.70009
67.70009
67.70009
67.70009
67.70009
67.70009
67.70009
67.70009
67.70009
67.70009
67.70009
67.70009
67.70009
67.70009
67.70009
67.70009
67.70009
67.70009
67.70009
67.70009
67.70009
67.70009
67.70009
67.70009
67.70009
67.70009
67.70009
67.70009
67.70009
67.70009
67.70009
67.70009
67.70009
67.70009
67.70009
67.70009
67.70009
67.70009
67.70009
67.70009
67.70009
67.70009
67.70009
67.70009
67.70009
67.70009
67.70009
67.70009
67.70009
67.70009
67.70009
67.70009
67.70009
67.70009
67.70009
67.70009
67.70009
67.70009
67.70009
67.70009
67.70009
)
;
    }
}


// ************************************************************************* //
