/*--------------------------------*- C++ -*----------------------------------*\
| =========                 |                                                 |
| \\      /  F ield         | OpenFOAM: The Open Source CFD Toolbox           |
|  \\    /   O peration     | Version:  2506                                  |
|   \\  /    A nd           | Website:  www.openfoam.com                      |
|    \\/     M anipulation  |                                                 |
\*---------------------------------------------------------------------------*/
FoamFile
{
    version     2.0;
    format      ascii;
    arch        "LSB;label=32;scalar=64";
    class       volScalarField;
    location    "4000/floor";
    object      damage;
}
// * * * * * * * * * * * * * * * * * * * * * * * * * * * * * * * * * * * * * //

dimensions      [0 0 0 0 0 0 0];

internalField   nonuniform List<scalar> 
2700
(
0.04512744
0.04517461
0.04523063
0.04528341
0.04533083
0.0453728
0.04540954
0.04544144
0.04546889
0.04549199
0.04551065
0.04552517
0.04553606
0.04554343
0.04554712
0.04554701
0.04554312
0.0455355
0.04552401
0.04550852
0.04548873
0.04546441
0.04543542
0.04540166
0.04536288
0.04531883
0.04526935
0.04521465
0.04515712
0.04510928
0.04517519
0.04522184
0.04527713
0.04532906
0.04537557
0.0454166
0.0454524
0.04548335
0.04550989
0.04553212
0.04555007
0.04556405
0.04557455
0.04558164
0.04558518
0.04558506
0.04558131
0.04557393
0.04556279
0.04554774
0.04552851
0.04550484
0.04547659
0.04544363
0.04540569
0.04536252
0.04531394
0.04526013
0.04520343
0.04515621
0.04523251
0.04527836
0.04533256
0.0453833
0.04542856
0.04546834
0.04550292
0.04553268
0.0455581
0.04557933
0.04559642
0.04560975
0.04561973
0.04562647
0.04562983
0.0456297
0.04562611
0.04561906
0.04560838
0.0455939
0.04557539
0.04555259
0.0455253
0.04549338
0.04545654
0.04541454
0.04536715
0.04531451
0.04525892
0.04521253
0.04528692
0.04533186
0.04538486
0.04543429
0.04547822
0.04551667
0.04554997
0.04557853
0.04560283
0.04562305
0.0456393
0.04565196
0.04566142
0.0456678
0.04567096
0.04567083
0.04566743
0.04566071
0.0456505
0.04563663
0.04561887
0.04559696
0.04557068
0.04553983
0.04550416
0.04546338
0.04541724
0.04536587
0.04531146
0.04526596
0.04533603
0.04538006
0.04543182
0.04547992
0.04552251
0.04555965
0.0455917
0.04561908
0.04564229
0.04566153
0.04567697
0.04568897
0.04569792
0.04570395
0.04570694
0.04570681
0.04570358
0.04569719
0.04568745
0.04567418
0.04565715
0.04563612
0.04561083
0.04558105
0.04554652
0.04550695
0.04546207
0.04541195
0.04535875
0.04531416
0.04537968
0.0454228
0.04547334
0.04552016
0.04556145
0.04559732
0.04562816
0.0456544
0.04567657
0.04569488
0.04570954
0.04572092
0.0457294
0.0457351
0.04573792
0.0457378
0.04573473
0.04572866
0.04571937
0.04570666
0.04569034
0.04567015
0.0456458
0.04561704
0.04558361
0.04554521
0.04550155
0.04545266
0.04540063
0.04535693
0.04541806
0.0454603
0.04550968
0.04555526
0.04559532
0.04562999
0.04565969
0.04568487
0.04570606
0.04572351
0.04573744
0.04574823
0.04575627
0.04576167
0.04576435
0.04576423
0.04576132
0.04575555
0.04574667
0.0457345
0.04571883
0.04569942
0.04567596
0.04564815
0.04561576
0.04557846
0.04553595
0.04548823
0.04543732
0.04539448
0.0454515
0.04549287
0.04554114
0.04558557
0.04562448
0.04565804
0.04568668
0.04571088
0.04573117
0.04574782
0.04576109
0.04577135
0.04577899
0.04578412
0.04578667
0.04578656
0.0457838
0.0457783
0.04576981
0.04575812
0.04574305
0.04572435
0.04570169
0.04567476
0.04564332
0.04560704
0.0455656
0.04551898
0.04546912
0.04542709
0.04548096
0.04552106
0.04556813
0.04561145
0.04564929
0.04568182
0.0457095
0.0457328
0.04575226
0.04576819
0.04578086
0.04579065
0.04579793
0.04580283
0.04580527
0.04580517
0.04580255
0.04579729
0.04578914
0.04577789
0.04576336
0.04574531
0.04572337
0.04569722
0.04566664
0.0456313
0.04559085
0.04554524
0.04549636
0.04545509
0.04551104
0.04554635
0.04559104
0.04563311
0.04566997
0.04570159
0.0457284
0.04575091
0.04576965
0.04578495
0.04579709
0.04580646
0.04581344
0.04581814
0.04582049
0.0458204
0.04581791
0.04581287
0.04580503
0.04579416
0.04578009
0.04576258
0.0457412
0.04571559
0.04568566
0.04565111
0.04561151
0.04556679
0.04551883
0.04547834
0.04556611
0.04557516
0.04561106
0.04565087
0.04568673
0.04571756
0.04574365
0.0457655
0.04578363
0.0457984
0.0458101
0.04581914
0.04582586
0.04583041
0.04583267
0.04583261
0.04583022
0.04582537
0.04581778
0.04580722
0.04579352
0.04577632
0.04575493
0.04572866
0.0456984
0.04566418
0.04562507
0.04558089
0.04553399
0.04549484
0.04570817
0.04561972
0.0456301
0.04566517
0.04569986
0.04573002
0.04575553
0.04577683
0.04579448
0.04580883
0.04582019
0.04582895
0.04583547
0.04583989
0.0458421
0.04584206
0.04583976
0.04583506
0.04582768
0.04581735
0.04580381
0.04578621
0.04576214
0.04572867
0.04569261
0.04565649
0.04561582
0.04556953
0.04552465
0.04549059
0.04568681
0.04563057
0.04564209
0.04567569
0.04570959
0.04573922
0.04576427
0.04578517
0.04580244
0.04581647
0.04582756
0.04583611
0.04584249
0.04584682
0.045849
0.04584897
0.04584674
0.04584216
0.04583492
0.04582472
0.04581089
0.04579056
0.04575375
0.04568486
0.0456181
0.04557031
0.04551629
0.04545223
0.04541095
0.04539755
0.04591242
0.04569608
0.04565973
0.04568397
0.04571619
0.04574532
0.04577004
0.04579065
0.04580767
0.04582148
0.04583239
0.0458408
0.04584707
0.04585134
0.0458535
0.04585348
0.0458513
0.0458468
0.04583966
0.04582944
0.04581467
0.0457877
0.04571842
0.04554578
0.04538491
0.04530259
0.04520395
0.04513065
0.04510451
0.04514335
0.04598653
0.04572191
0.04566779
0.04568804
0.04571947
0.04574835
0.0457729
0.04579337
0.04581026
0.04582397
0.04583483
0.04584313
0.04584933
0.04585357
0.04585571
0.04585571
0.04585355
0.04584909
0.04584199
0.04583176
0.04581656
0.04578668
0.04570447
0.04549619
0.04530438
0.04521026
0.04509984
0.04502013
0.04497672
0.04496342
0.04599829
0.04572598
0.04566867
0.04568818
0.04571947
0.04574833
0.04577289
0.04579335
0.04581029
0.04582417
0.04583535
0.04584332
0.04584936
0.04585355
0.04585569
0.04585568
0.04585353
0.04584906
0.04584196
0.04583171
0.04581637
0.04578574
0.04570051
0.04548473
0.04528674
0.0451902
0.0450777
0.0449955
0.04494344
0.04490931
0.04598192
0.0457179
0.04566413
0.04568461
0.04571622
0.04574527
0.04576999
0.04579064
0.04580797
0.0458231
0.04583682
0.04584242
0.04584737
0.04585133
0.04585343
0.04585341
0.04585123
0.04584672
0.04583956
0.04582925
0.04581382
0.04578309
0.04569775
0.04548185
0.04528371
0.045187
0.04507429
0.04499162
0.0449374
0.04489827
0.045899
0.04568696
0.04565221
0.04567707
0.04570968
0.04573914
0.0457642
0.04578531
0.04580403
0.04582488
0.04585235
0.04584453
0.04584406
0.04584694
0.0458489
0.04584884
0.0458466
0.04584202
0.04583475
0.04582432
0.04580887
0.0457787
0.04569616
0.04548752
0.0452953
0.04520071
0.04508991
0.04501024
0.04495793
0.04491599
0.0456564
0.04561161
0.04562968
0.04566514
0.04569973
0.04572987
0.04575543
0.04577727
0.04579881
0.04583354
0.04590397
0.04585366
0.04583978
0.0458403
0.04584197
0.04584186
0.04583955
0.04583485
0.04582743
0.04581688
0.04580171
0.04577427
0.04570446
0.04553123
0.0453697
0.04528684
0.04518976
0.04512983
0.04508069
0.04504057
0.04554459
0.04556982
0.04561015
0.04565057
0.04568647
0.0457173
0.04574341
0.04576547
0.04578504
0.04580664
0.04583471
0.04582737
0.04582725
0.04583034
0.04583239
0.04583229
0.0458299
0.04582504
0.04581743
0.04580678
0.04579241
0.04577144
0.0457339
0.0456642
0.04559656
0.04554807
0.04549599
0.04544886
0.04540179
0.04536104
0.04550676
0.04554492
0.04559052
0.04563273
0.0456696
0.04570121
0.04572802
0.04575057
0.0457696
0.04578622
0.04580117
0.04580772
0.04581335
0.04581775
0.04582004
0.04581994
0.04581744
0.0458124
0.04580455
0.04579366
0.04577943
0.045761
0.04573599
0.04570149
0.04566431
0.04562714
0.04558635
0.04554396
0.04550119
0.04545614
0.04547999
0.04552045
0.04556763
0.04561096
0.04564879
0.04568131
0.04570897
0.04573227
0.04575176
0.04576787
0.04578089
0.0457903
0.04579739
0.04580224
0.04580466
0.04580455
0.04580193
0.04579667
0.04578852
0.04577727
0.04576271
0.04574449
0.04572194
0.04569441
0.04566283
0.04562763
0.0455901
0.04555742
0.04553648
0.04547093
0.04545086
0.04549225
0.04554053
0.04558494
0.04562383
0.04565737
0.045686
0.04571018
0.04573045
0.04574711
0.04576041
0.04577062
0.04577822
0.04578334
0.04578589
0.04578577
0.04578301
0.0457775
0.04576901
0.04575732
0.04574225
0.04572354
0.04570081
0.04567372
0.04564232
0.04560722
0.04557334
0.04556202
0.04560561
0.04547892
0.04541731
0.04545954
0.0455089
0.04555446
0.0455945
0.04562915
0.04565882
0.04568398
0.04570514
0.04572258
0.0457365
0.04574727
0.04575529
0.04576068
0.04576336
0.04576323
0.04576032
0.04575454
0.04574567
0.04573351
0.04571785
0.04569845
0.04567499
0.04564719
0.04561488
0.04557814
0.04553878
0.04550407
0.04548113
0.04541403
0.04537879
0.04542188
0.0454724
0.04551919
0.04556045
0.04559629
0.0456271
0.04565332
0.04567545
0.04569375
0.04570839
0.04571974
0.0457282
0.04573389
0.04573671
0.04573658
0.04573352
0.04572744
0.04571816
0.04570547
0.04568916
0.04566898
0.04564466
0.04561592
0.04558254
0.0455443
0.04550142
0.04545542
0.04540874
0.04536063
0.04533498
0.04537898
0.04543071
0.04547878
0.04552134
0.04555845
0.04559046
0.0456178
0.04564098
0.0456602
0.04567561
0.04568758
0.04569653
0.04570254
0.04570552
0.04570539
0.04570216
0.04569577
0.04568604
0.04567279
0.04565578
0.04563477
0.0456095
0.04557975
0.04554526
0.04550574
0.04546103
0.04541142
0.04535903
0.04531384
0.04528571
0.04533063
0.04538359
0.04543299
0.04547687
0.04551529
0.04554855
0.04557707
0.04560134
0.04562153
0.04563776
0.04565038
0.04565983
0.04566619
0.04566935
0.04566922
0.04566581
0.0456591
0.0456489
0.04563505
0.04561731
0.04559542
0.04556918
0.04553836
0.04550272
0.04546198
0.04541591
0.04536463
0.04531036
0.04526482
0.04523116
0.04527699
0.04533115
0.04538184
0.04542706
0.0454668
0.04550133
0.04553105
0.04555644
0.04557764
0.0455947
0.045608
0.04561796
0.04562468
0.04562803
0.0456279
0.04562432
0.04561727
0.0456066
0.04559215
0.04557366
0.04555088
0.04552363
0.04549174
0.04545495
0.04541299
0.04536564
0.04531306
0.04525752
0.04521115
0.04517373
0.04522035
0.04527557
0.04532747
0.04537392
0.04541491
0.04545067
0.04548158
0.04550808
0.0455303
0.0455482
0.04556215
0.04557261
0.04557969
0.04558322
0.0455831
0.04557935
0.04557198
0.04556086
0.04554583
0.04552662
0.04550298
0.04547477
0.04544185
0.04540395
0.04536083
0.0453123
0.04525853
0.04520188
0.0451547
0.04512589
0.04517306
0.04522896
0.04528172
0.04532907
0.04537102
0.04540771
0.04543957
0.04546699
0.04549011
0.04550869
0.04552315
0.04553401
0.04554136
0.04554504
0.04554492
0.04554104
0.04553343
0.04552196
0.04550649
0.04548673
0.04546244
0.04543349
0.04539977
0.04536103
0.04531703
0.04526761
0.04521295
0.04515548
0.04510768
0.02257783
0.02267486
0.02278466
0.02288685
0.02297849
0.02305953
0.02313044
0.02319195
0.02324491
0.02328945
0.02332538
0.02335328
0.02337424
0.02338843
0.02339551
0.0233952
0.0233876
0.02337279
0.02335053
0.02332056
0.02328228
0.02323521
0.02317914
0.02311388
0.02303891
0.02295376
0.02285809
0.02275205
0.02263914
0.02254059
0.02267628
0.02277218
0.02288043
0.02298088
0.02307064
0.02314975
0.02321875
0.02327834
0.02332946
0.02337226
0.02340674
0.02343358
0.02345373
0.02346736
0.02347414
0.02347381
0.02346649
0.02345218
0.02343064
0.02340156
0.02336442
0.0233187
0.02326414
0.0232005
0.02312725
0.0230439
0.02295006
0.02284584
0.02273463
0.02263738
0.02278886
0.02288309
0.02298916
0.02308725
0.02317455
0.02325121
0.02331782
0.0233751
0.02342406
0.02346491
0.02349775
0.0235233
0.02354247
0.02355541
0.02356181
0.02356148
0.02355449
0.02354082
0.02352016
0.02349222
0.02345648
0.02341245
0.02335979
0.02329818
0.0232271
0.02314602
0.02305451
0.0229526
0.02284358
0.02274803
0.0228944
0.02298678
0.02309047
0.02318601
0.02327072
0.02334482
0.02340896
0.02346391
0.02351071
0.02354962
0.02358083
0.02360509
0.02362325
0.02363549
0.02364153
0.02364119
0.02363453
0.02362152
0.02360179
0.02357501
0.02354072
0.02349843
0.02344772
0.0233882
0.02331937
0.02324067
0.02315159
0.02305212
0.02294542
0.02285169
0.02298948
0.02307996
0.02318123
0.0232742
0.02335631
0.02342788
0.0234896
0.02354227
0.02358695
0.02362398
0.02365362
0.02367661
0.0236938
0.02370536
0.02371105
0.02371071
0.0237044
0.02369202
0.02367319
0.02364755
0.02361469
0.02357411
0.02352531
0.02346785
0.02340123
0.02332488
0.02323823
0.02314121
0.02303685
0.02294498
0.02307396
0.02316258
0.02326147
0.02335193
0.02343153
0.02350064
0.02356002
0.02361051
0.02365316
0.0236884
0.02371654
0.02373834
0.0237546
0.02376553
0.02377091
0.02377057
0.02376458
0.0237528
0.02373483
0.0237103
0.02367879
0.02363983
0.02359285
0.02353736
0.02347288
0.02339879
0.02331449
0.02321985
0.02311779
0.02302774
0.02314824
0.02323507
0.02333167
0.02341974
0.02349696
0.02356375
0.02362093
0.02366938
0.02371014
0.0237437
0.02377045
0.02379112
0.02380653
0.02381688
0.02382198
0.02382165
0.02381596
0.02380475
0.02378758
0.02376406
0.02373381
0.02369635
0.02365108
0.02359743
0.02353495
0.02346299
0.02338093
0.02328855
0.02318869
0.02310039
0.02321293
0.02329801
0.02339245
0.02347828
0.02355328
0.02361793
0.02367307
0.02371963
0.02375865
0.02379068
0.02381615
0.02383581
0.02385044
0.02386029
0.02386513
0.02386481
0.0238594
0.02384872
0.02383227
0.02380967
0.02378057
0.02374448
0.02370076
0.0236488
0.02358815
0.02351817
0.02343817
0.02334792
0.02325011
0.02316347
0.02326971
0.02335243
0.0234446
0.0235283
0.02360122
0.02366389
0.02371716
0.02376198
0.02379943
0.02383006
0.02385438
0.02387313
0.02388707
0.02389647
0.02390109
0.02390079
0.02389565
0.02388543
0.02386964
0.02384788
0.02381981
0.02378496
0.02374263
0.02369219
0.02363321
0.02356505
0.02348697
0.02339868
0.02330279
0.0232177
0.02332659
0.02340068
0.02348873
0.02357014
0.02364118
0.02370208
0.02375369
0.02379699
0.02383304
0.02386245
0.02388576
0.02390372
0.02391708
0.0239261
0.02393054
0.02393027
0.02392535
0.02391555
0.02390034
0.02387929
0.02385212
0.02381832
0.02377713
0.02372783
0.02367018
0.02360356
0.02352715
0.02344056
0.02334644
0.02326286
0.02343497
0.02345431
0.02352678
0.02360433
0.02367354
0.02373293
0.02378316
0.02382517
0.02386007
0.02388846
0.02391094
0.02392825
0.02394114
0.02394985
0.02395415
0.0239539
0.02394919
0.02393974
0.023925
0.02390454
0.02387806
0.02384497
0.02380409
0.02375424
0.02369649
0.02363069
0.02355524
0.02346945
0.02337708
0.02329568
0.02380043
0.02354236
0.0235624
0.02363171
0.02369888
0.023757
0.0238061
0.02384709
0.02388105
0.02390864
0.02393046
0.02394726
0.02395977
0.02396823
0.02397242
0.02397221
0.02396766
0.0239585
0.02394415
0.02392413
0.02389805
0.02386466
0.02382043
0.02376058
0.02369455
0.02362616
0.02354748
0.02345422
0.02336336
0.02328944
0.02366319
0.02355038
0.02358361
0.02365173
0.02371764
0.02377478
0.02382301
0.0238632
0.02389646
0.02392343
0.02394474
0.02396115
0.02397338
0.02398167
0.02398578
0.02398561
0.02398118
0.02397224
0.02395817
0.02393843
0.02391211
0.02387523
0.02381301
0.02369702
0.02358075
0.0234936
0.0233847
0.02322435
0.02312177
0.02308143
0.02417906
0.02366807
0.02361347
0.02366692
0.02373028
0.02378655
0.02383416
0.02387381
0.02390657
0.02393313
0.0239541
0.02397022
0.02398227
0.02399045
0.02399452
0.02399437
0.02399003
0.02398123
0.02396734
0.02394766
0.02392018
0.02387402
0.02376032
0.02343876
0.02313081
0.02298118
0.02275724
0.02257255
0.02249449
0.02257489
0.02430993
0.02370938
0.02362673
0.02367439
0.02373657
0.02379241
0.0238397
0.02387907
0.02391158
0.02393796
0.0239588
0.02397473
0.02398665
0.02399477
0.02399882
0.02399868
0.02399439
0.02398566
0.02397186
0.02395222
0.02392423
0.02387423
0.02374216
0.02336404
0.02300543
0.02283706
0.02258953
0.02239405
0.02228632
0.02224617
0.02432801
0.02371518
0.02362792
0.02367455
0.02373657
0.02379239
0.02383967
0.02387905
0.02391162
0.02393823
0.02395956
0.023975
0.02398668
0.02399474
0.02399878
0.02399864
0.02399435
0.02398561
0.02397181
0.02395214
0.02392398
0.02387301
0.02373689
0.0233481
0.02298039
0.02280847
0.02255742
0.0223584
0.02223813
0.02216318
0.02430066
0.0237017
0.02361969
0.02366776
0.0237303
0.02378647
0.02383407
0.02387378
0.02390698
0.02393553
0.02396107
0.02397261
0.02398266
0.0239904
0.0239944
0.02399424
0.0239899
0.02398109
0.02396718
0.02394738
0.02391906
0.0238679
0.02373156
0.02334254
0.02297455
0.02280233
0.02255095
0.02235165
0.02222918
0.02214623
0.02414443
0.02365075
0.02359911
0.02365363
0.02371771
0.02377464
0.02382287
0.02386337
0.02389878
0.02393674
0.02398873
0.02397445
0.02397568
0.02398181
0.02398561
0.02398539
0.02398095
0.023972
0.02395789
0.02393786
0.0239094
0.02385885
0.02372615
0.02334733
0.02298792
0.02281873
0.02257123
0.02238148
0.02227428
0.02217622
0.02363805
0.02351941
0.02356055
0.02363148
0.02369863
0.02375673
0.02380591
0.02384769
0.02388784
0.02395251
0.02411863
0.02399112
0.02396653
0.0239688
0.02397217
0.02397187
0.0239673
0.02395813
0.02394374
0.02392343
0.0238952
0.02384814
0.02373342
0.02341073
0.02310154
0.02295118
0.02273435
0.02261369
0.02251698
0.02243361
0.02339035
0.02344416
0.02352509
0.02360379
0.02367309
0.02373248
0.02378273
0.02382504
0.02386208
0.02390146
0.0239546
0.02394123
0.02394312
0.02394967
0.02395364
0.02395335
0.02394862
0.02393917
0.0239244
0.02390382
0.02387649
0.02383838
0.02377476
0.02365722
0.02353928
0.02345103
0.02334961
0.02325822
0.02316553
0.02308189
0.023319
0.02339823
0.02348782
0.02356948
0.02364053
0.02370141
0.02375302
0.02379636
0.02383284
0.02386422
0.0238921
0.02390547
0.02391682
0.02392539
0.02392976
0.02392947
0.02392454
0.02391474
0.02389951
0.02387843
0.02385104
0.02381608
0.02377004
0.02370822
0.02364002
0.02356955
0.02349071
0.02340723
0.02332104
0.02323036
0.02326807
0.02335138
0.02344372
0.02352744
0.02360034
0.02366298
0.02371624
0.02376105
0.02379853
0.02382941
0.02385427
0.02387244
0.02388611
0.02389542
0.02390003
0.02389972
0.02389457
0.02388435
0.02386855
0.02384678
0.02381867
0.02378363
0.02374052
0.02368823
0.02362787
0.02355988
0.02348581
0.02341699
0.0233705
0.02324109
0.02321182
0.02329694
0.02339137
0.02347717
0.02355214
0.02361675
0.02367187
0.02371839
0.02375739
0.02378943
0.02381493
0.02383451
0.02384909
0.02385891
0.02386374
0.02386342
0.02385801
0.02384732
0.02383087
0.02380828
0.02377918
0.02374308
0.02369927
0.02364711
0.02358652
0.02351816
0.0234494
0.02341957
0.02353958
0.02324809
0.02314693
0.02323374
0.02333031
0.02341834
0.02349551
0.02356226
0.0236194
0.0236678
0.02370853
0.02374206
0.02376878
0.02378942
0.0238048
0.02381513
0.02382022
0.02381988
0.02381419
0.02380298
0.02378582
0.02376231
0.02373208
0.02369464
0.02364938
0.02359575
0.02353338
0.02346217
0.0233845
0.02331172
0.02326129
0.02312871
0.02307238
0.02316097
0.0232598
0.02335021
0.02342976
0.02349882
0.02355815
0.02360859
0.0236512
0.0236864
0.0237145
0.02373626
0.02375249
0.0237634
0.02376877
0.02376843
0.02376243
0.02375067
0.02373271
0.02370819
0.0236767
0.02363777
0.02359083
0.02353539
0.02347097
0.02339711
0.02331387
0.02322326
0.02312937
0.02303243
0.02298762
0.02307806
0.02317928
0.02327219
0.02335424
0.02342574
0.0234874
0.02354001
0.02358464
0.02362162
0.02365122
0.02367417
0.02369133
0.02370287
0.02370855
0.0237082
0.02370189
0.02368952
0.0236707
0.0236451
0.02361226
0.02357172
0.02352296
0.02346555
0.023399
0.02332273
0.02323632
0.02313998
0.02303678
0.02294406
0.02289227
0.0229846
0.02308823
0.02318371
0.02326834
0.02334238
0.02340646
0.02346134
0.02350807
0.02354693
0.0235781
0.02360231
0.02362044
0.02363265
0.02363867
0.02363833
0.02363168
0.02361868
0.02359896
0.02357221
0.02353796
0.02349572
0.02344506
0.0233856
0.02331683
0.0232382
0.02314922
0.0230499
0.02294339
0.02284962
0.02278647
0.02288066
0.02298666
0.02308468
0.02317189
0.02324848
0.02331502
0.02337223
0.02342113
0.02346192
0.0234947
0.0235202
0.02353933
0.02355224
0.02355864
0.0235583
0.02355131
0.02353765
0.02351703
0.02348911
0.02345342
0.02340944
0.02335683
0.02329529
0.02322428
0.02314328
0.02305185
0.02295003
0.02284109
0.02274559
0.02267369
0.02276954
0.02287767
0.02297806
0.02306772
0.02314677
0.0232157
0.02327521
0.02332626
0.02336903
0.02340343
0.0234302
0.02345031
0.02346391
0.02347067
0.02347034
0.02346302
0.02344873
0.02342722
0.02339818
0.02336108
0.02331542
0.02326092
0.02319735
0.02312418
0.02304091
0.02294715
0.02284302
0.0227319
0.02263471
0.02257511
0.02267215
0.0227817
0.02288388
0.02297537
0.02305639
0.02312721
0.02318866
0.02324153
0.02328614
0.02332192
0.02334971
0.02337061
0.02338477
0.02339184
0.02339152
0.02338393
0.02336914
0.02334691
0.02331698
0.02327875
0.02323174
0.02317573
0.02311055
0.02303565
0.02295059
0.022855
0.02274906
0.02263624
0.02253776
0.0150636
0.01528929
0.01552822
0.01574769
0.0159441
0.01611769
0.01626948
0.01640107
0.01651444
0.0166098
0.01668651
0.01674593
0.01679071
0.01682106
0.01683618
0.01683531
0.01681881
0.01678691
0.01673906
0.01667478
0.01659266
0.01649162
0.01637131
0.0162314
0.01607066
0.01588812
0.01568294
0.01545503
0.01520896
0.0149794
0.01529305
0.01551596
0.01575126
0.0159667
0.01615873
0.01632789
0.01647533
0.01660248
0.01671167
0.01680306
0.01687649
0.01693351
0.01697645
0.01700551
0.01701991
0.01701901
0.01700316
0.01697243
0.01692623
0.016864
0.01678448
0.01668658
0.01656975
0.01643358
0.01627681
0.01609841
0.01589746
0.0156737
0.01543154
0.01520514
0.01553861
0.01575761
0.0159881
0.01619835
0.01638503
0.01654885
0.01669111
0.01681328
0.01691784
0.01700502
0.01707494
0.01712922
0.01717002
0.01719758
0.01721116
0.01721025
0.01719512
0.01716578
0.01712152
0.01706173
0.01698527
0.01689106
0.01677836
0.01664659
0.01649454
0.01632108
0.01612518
0.01590645
0.01566906
0.01544657
0.01576572
0.01598044
0.01620573
0.01641048
0.01659157
0.0167499
0.01688687
0.01700406
0.01710397
0.01718701
0.01725346
0.01730498
0.01734362
0.01736968
0.01738246
0.01738154
0.01736715
0.01733922
0.01729693
0.01723964
0.0171663
0.01707583
0.01696734
0.01684006
0.01669284
0.01652447
0.01633381
0.01612032
0.01588797
0.01566966
0.0159699
0.01618025
0.01640026
0.01659948
0.01677501
0.01692789
0.01705966
0.01717199
0.01726736
0.01734637
0.01740945
0.01745829
0.01749483
0.01751944
0.01753148
0.01753056
0.01751689
0.01749032
0.01744997
0.01739511
0.01732482
0.01723801
0.01713363
0.01701076
0.0168683
0.01670497
0.01651951
0.01631128
0.01608401
0.01586997
0.01615131
0.01635736
0.01657218
0.016766
0.01693613
0.01708377
0.01721053
0.0173182
0.01740923
0.0174844
0.01754428
0.01759056
0.01762512
0.01764838
0.01765974
0.01765883
0.01764584
0.01762057
0.01758205
0.01752952
0.01746211
0.01737879
0.01727833
0.01715966
0.01702177
0.01686329
0.01668289
0.01647977
0.0162575
0.01604766
0.01631081
0.01651274
0.0167226
0.01691128
0.0170763
0.01721897
0.01734103
0.01744433
0.0175313
0.01760289
0.0176598
0.0177037
0.01773643
0.01775845
0.01776921
0.0177683
0.01775596
0.01773189
0.01769507
0.01764469
0.01757997
0.01749986
0.01740304
0.01728831
0.01715469
0.01700079
0.01682517
0.01662693
0.01640943
0.01620363
0.01644963
0.0166476
0.01685278
0.01703666
0.01719694
0.01733502
0.01745274
0.01755201
0.01763528
0.01770359
0.0177578
0.01779954
0.01783064
0.01785157
0.01786179
0.01786089
0.01784915
0.01782617
0.01779087
0.01774243
0.01768013
0.01760295
0.01750944
0.01739829
0.0172686
0.01711893
0.01694774
0.01675403
0.01654101
0.01633901
0.01657083
0.01676405
0.01696451
0.01714385
0.0172997
0.01743352
0.01754723
0.01764281
0.01772271
0.01778803
0.01783979
0.0178796
0.01790925
0.01792924
0.01793899
0.01793812
0.01792692
0.01790493
0.01787101
0.01782431
0.0177642
0.01768966
0.01759914
0.01749125
0.01736517
0.01721941
0.01705234
0.01686286
0.01665401
0.01645557
0.01668713
0.0168655
0.01705872
0.01723349
0.01738534
0.01751538
0.01762554
0.01771785
0.01779479
0.01785751
0.01790713
0.01794527
0.01797369
0.01799289
0.01800224
0.01800142
0.01799069
0.01796956
0.01793684
0.01789165
0.01783343
0.01776115
0.01767315
0.01756789
0.0174448
0.01730241
0.01713893
0.01695314
0.01674807
0.01655296
0.01690158
0.01697093
0.01713834
0.01730645
0.01745463
0.01758148
0.01768868
0.01777828
0.01785276
0.01791332
0.01796119
0.01799799
0.01802542
0.01804398
0.01805301
0.01805223
0.01804192
0.01802152
0.01798976
0.01794579
0.01788906
0.01781843
0.01773173
0.01762676
0.01750458
0.01736437
0.01720321
0.01701905
0.01681725
0.01662607
0.01799753
0.01714662
0.01720999
0.01736441
0.01750882
0.01763303
0.01773785
0.01782528
0.01789779
0.01795666
0.01800314
0.01803889
0.01806551
0.01808354
0.01809233
0.01809163
0.01808165
0.01806185
0.01803091
0.01798785
0.01793209
0.01786172
0.01777151
0.01765389
0.01752116
0.01737821
0.01721172
0.01700834
0.01680504
0.01662459
0.01739793
0.01714759
0.01725312
0.01740686
0.01754897
0.01767114
0.01777411
0.01785985
0.01793085
0.01798844
0.01803386
0.01806876
0.0180948
0.01811247
0.01812112
0.01812047
0.01811074
0.01809137
0.01806103
0.01801865
0.01796297
0.01788868
0.01777482
0.01757131
0.01736004
0.01718966
0.01696149
0.01651544
0.01620483
0.01607677
0.01875814
0.01735713
0.01730573
0.01743765
0.01757583
0.01769636
0.01779802
0.01788261
0.01795257
0.01800929
0.01805399
0.01808829
0.01811395
0.0181314
0.01813995
0.01813935
0.01812979
0.0181107
0.01808075
0.01803867
0.0179818
0.01789544
0.01770231
0.01703087
0.01637742
0.01610006
0.01555009
0.01505012
0.01477786
0.01498273
0.01898362
0.01742182
0.0173289
0.01745284
0.01758923
0.01770893
0.01780992
0.01789391
0.01796334
0.01801964
0.01806403
0.01809796
0.0181234
0.01814073
0.01814924
0.01814867
0.0181392
0.01812025
0.01809048
0.01804855
0.01799121
0.01790022
0.01768264
0.01692442
0.01619151
0.0158869
0.01529358
0.01477703
0.01445488
0.01432751
0.01900953
0.01742949
0.01733037
0.01745302
0.01758921
0.01770888
0.01780986
0.01789386
0.01796336
0.01801997
0.01806504
0.01809829
0.01812342
0.01814066
0.01814916
0.01814859
0.01813911
0.01812016
0.01809038
0.01804842
0.01799087
0.01789872
0.01767605
0.01690358
0.01615824
0.01584885
0.0152501
0.0147289
0.01438964
0.01420523
0.01896186
0.01740549
0.01731386
0.01743864
0.01757579
0.0176962
0.01779785
0.01788252
0.01795305
0.01801247
0.01806403
0.01809147
0.0181144
0.01813127
0.01813973
0.01813911
0.01812954
0.01811044
0.01808046
0.01803823
0.01798035
0.01788779
0.01766467
0.01689168
0.01614576
0.01583573
0.01523639
0.01471537
0.01437614
0.01417776
0.01861191
0.01731959
0.01727531
0.01740926
0.01754895
0.01767086
0.01777384
0.01785998
0.0179339
0.01800771
0.0181081
0.01808803
0.01809782
0.01811254
0.01812077
0.01812006
0.01811031
0.01809093
0.01806054
0.0180178
0.01795948
0.01786732
0.01764841
0.01688869
0.0161541
0.01584779
0.0152551
0.01475926
0.01452124
0.01422559
0.01746873
0.0170949
0.01720584
0.01736383
0.01750833
0.01763253
0.01773744
0.01782594
0.01790748
0.01803068
0.01848558
0.01811291
0.01807517
0.01808414
0.01809183
0.01809099
0.01808098
0.01806116
0.01803017
0.01798676
0.01792835
0.01784011
0.01764483
0.01697099
0.01631489
0.01603608
0.01550551
0.01525211
0.0150433
0.01484725
0.01681757
0.0169541
0.01713555
0.01730546
0.01745378
0.01758063
0.01768786
0.01777784
0.01785523
0.017932
0.01803482
0.01801664
0.01802783
0.01804344
0.01805204
0.0180512
0.01804087
0.01802045
0.01798866
0.01794453
0.01788677
0.01780992
0.0176931
0.01748631
0.01727145
0.01709873
0.01688997
0.0166966
0.01649438
0.01630023
0.01667502
0.01686163
0.01705715
0.01723225
0.0173841
0.01751412
0.01762426
0.01771663
0.0177941
0.01785952
0.01791598
0.01794723
0.0179729
0.01799152
0.01800076
0.01799991
0.01798917
0.01796803
0.01793529
0.01789005
0.01783157
0.01775789
0.01766386
0.01754204
0.01740467
0.01725709
0.01708948
0.01690755
0.01671382
0.01650839
0.01656813
0.01676218
0.01696289
0.01714224
0.01729805
0.01743182
0.01754549
0.01764104
0.01772098
0.01778662
0.0178391
0.01787812
0.01790739
0.01792727
0.01793699
0.0179361
0.01792488
0.01790288
0.01786896
0.01782225
0.0177621
0.01768733
0.01759587
0.01748569
0.01735785
0.01721228
0.01705035
0.01688832
0.01676451
0.01648758
0.01644758
0.01664559
0.01685075
0.01703457
0.01719479
0.01733281
0.01745047
0.01754968
0.01763291
0.01770121
0.01775544
0.01779706
0.01782809
0.01784899
0.01785918
0.01785827
0.01784651
0.01782353
0.01778824
0.01773981
0.01767752
0.01760033
0.01750672
0.01739536
0.01726575
0.01711818
0.01696261
0.0168694
0.01725552
0.01647228
0.01630833
0.01651022
0.01672002
0.01690862
0.01707356
0.01721616
0.01733814
0.01744135
0.01752826
0.01759979
0.01765664
0.01770048
0.01773316
0.01775516
0.01776589
0.01776497
0.01775262
0.01772855
0.01769174
0.01764139
0.01757669
0.01749663
0.01739984
0.01728515
0.01715169
0.01699874
0.01682882
0.0166582
0.01652581
0.01624158
0.01614832
0.0163543
0.01656903
0.01676276
0.0169328
0.01708033
0.017207
0.01731457
0.01740551
0.0174806
0.01754041
0.01758663
0.01762114
0.01764436
0.0176557
0.01765477
0.01764178
0.01761652
0.01757803
0.01752553
0.01745817
0.0173749
0.0172745
0.01715592
0.01701813
0.01685997
0.0166809
0.01648305
0.01627248
0.01605259
0.0159664
0.01617666
0.01639656
0.01659566
0.01677108
0.01692385
0.0170555
0.01716772
0.01726299
0.01734191
0.01740491
0.01745367
0.01749015
0.01751473
0.01752674
0.01752582
0.01751214
0.01748559
0.01744527
0.01739046
0.01732022
0.01723349
0.01712919
0.01700641
0.01686406
0.01670087
0.01651574
0.01630839
0.01608269
0.01586756
0.01576171
0.01597633
0.0162015
0.01640612
0.01658708
0.01674528
0.01688212
0.01699919
0.01709898
0.01718192
0.01724827
0.01729971
0.01733829
0.0173643
0.01737706
0.01737613
0.01736175
0.01733384
0.01729159
0.01723435
0.01716108
0.0170707
0.0169623
0.01683513
0.01668803
0.0165198
0.01632929
0.01611603
0.01588398
0.01566566
0.01553411
0.01575301
0.01598336
0.01619347
0.01637999
0.01654368
0.0166858
0.01680784
0.01691227
0.01699935
0.01706916
0.01712335
0.01716407
0.01719159
0.01720514
0.01720422
0.0171891
0.01715979
0.01711558
0.01705585
0.01697948
0.01688535
0.01677276
0.01664111
0.0164892
0.01631588
0.01612013
0.01590156
0.01566433
0.01544196
0.01528813
0.01551096
0.01574603
0.01596135
0.0161532
0.01632224
0.01646953
0.01659653
0.01670559
0.01679692
0.0168702
0.0169271
0.01696996
0.01699897
0.01701334
0.01701243
0.01699658
0.01696589
0.01691974
0.01685758
0.01677816
0.01668035
0.01656365
0.0164276
0.01627098
0.01609273
0.01589194
0.01566835
0.01542635
0.01520008
0.01505841
0.01528418
0.01552253
0.01574207
0.01593813
0.01611173
0.01626333
0.01639479
0.01650796
0.01660352
0.0166799
0.01673913
0.0167838
0.0168141
0.01682919
0.01682831
0.01681182
0.01677995
0.01673216
0.01666795
0.01658594
0.01648501
0.01636481
0.01622504
0.01606445
0.01588208
0.01567707
0.01544933
0.01520343
0.01497403
)
;

boundaryField
{
    fmaxY
    {
        type            calculated;
        value           nonuniform List<scalar> 
90
(
0.04512589
0.02257511
0.01505841
0.04517306
0.02267215
0.01528418
0.04522896
0.0227817
0.01552253
0.04528172
0.02288388
0.01574207
0.04532907
0.02297537
0.01593813
0.04537102
0.02305639
0.01611173
0.04540771
0.02312721
0.01626333
0.04543957
0.02318866
0.01639479
0.04546699
0.02324153
0.01650796
0.04549011
0.02328614
0.01660352
0.04550869
0.02332192
0.0166799
0.04552315
0.02334971
0.01673913
0.04553401
0.02337061
0.0167838
0.04554136
0.02338477
0.0168141
0.04554504
0.02339184
0.01682919
0.04554492
0.02339152
0.01682831
0.04554104
0.02338393
0.01681182
0.04553343
0.02336914
0.01677995
0.04552196
0.02334691
0.01673216
0.04550649
0.02331698
0.01666795
0.04548673
0.02327875
0.01658594
0.04546244
0.02323174
0.01648501
0.04543349
0.02317573
0.01636481
0.04539977
0.02311055
0.01622504
0.04536103
0.02303565
0.01606445
0.04531703
0.02295059
0.01588208
0.04526761
0.022855
0.01567707
0.04521295
0.02274906
0.01544933
0.04515548
0.02263624
0.01520343
0.04510768
0.02253776
0.01497403
)
;
    }
    fminX
    {
        type            calculated;
        value           nonuniform List<scalar> 
90
(
0.04512744
0.04517519
0.04523251
0.04528692
0.04533603
0.04537968
0.04541806
0.0454515
0.04548096
0.04551104
0.04556611
0.04570817
0.04568681
0.04591242
0.04598653
0.04599829
0.04598192
0.045899
0.0456564
0.04554459
0.04550676
0.04547999
0.04545086
0.04541731
0.04537879
0.04533498
0.04528571
0.04523116
0.04517373
0.04512589
0.02257783
0.02267628
0.02278886
0.0228944
0.02298948
0.02307396
0.02314824
0.02321293
0.02326971
0.02332659
0.02343497
0.02380043
0.02366319
0.02417906
0.02430993
0.02432801
0.02430066
0.02414443
0.02363805
0.02339035
0.023319
0.02326807
0.02321182
0.02314693
0.02307238
0.02298762
0.02289227
0.02278647
0.02267369
0.02257511
0.0150636
0.01529305
0.01553861
0.01576572
0.0159699
0.01615131
0.01631081
0.01644963
0.01657083
0.01668713
0.01690158
0.01799753
0.01739793
0.01875814
0.01898362
0.01900953
0.01896186
0.01861191
0.01746873
0.01681757
0.01667502
0.01656813
0.01644758
0.01630833
0.01614832
0.0159664
0.01576171
0.01553411
0.01528813
0.01505841
)
;
    }
    fmaxX
    {
        type            calculated;
        value           nonuniform List<scalar> 
90
(
0.04510928
0.04515621
0.04521253
0.04526596
0.04531416
0.04535693
0.04539448
0.04542709
0.04545509
0.04547834
0.04549484
0.04549059
0.04539755
0.04514335
0.04496342
0.04490931
0.04489827
0.04491599
0.04504057
0.04536104
0.04545614
0.04547093
0.04547892
0.04541403
0.04536063
0.04531384
0.04526482
0.04521115
0.0451547
0.04510768
0.02254059
0.02263738
0.02274803
0.02285169
0.02294498
0.02302774
0.02310039
0.02316347
0.0232177
0.02326286
0.02329568
0.02328944
0.02308143
0.02257489
0.02224617
0.02216318
0.02214623
0.02217622
0.02243361
0.02308189
0.02323036
0.02324109
0.02324809
0.02312871
0.02303243
0.02294406
0.02284962
0.02274559
0.02263471
0.02253776
0.0149794
0.01520514
0.01544657
0.01566966
0.01586997
0.01604766
0.01620363
0.01633901
0.01645557
0.01655296
0.01662607
0.01662459
0.01607677
0.01498273
0.01432751
0.01420523
0.01417776
0.01422559
0.01484725
0.01630023
0.01650839
0.01648758
0.01647228
0.01624158
0.01605259
0.01586756
0.01566566
0.01544196
0.01520008
0.01497403
)
;
    }
    fminY
    {
        type            calculated;
        value           nonuniform List<scalar> 
90
(
0.04512744
0.02257783
0.0150636
0.04517461
0.02267486
0.01528929
0.04523063
0.02278466
0.01552822
0.04528341
0.02288685
0.01574769
0.04533083
0.02297849
0.0159441
0.0453728
0.02305953
0.01611769
0.04540954
0.02313044
0.01626948
0.04544144
0.02319195
0.01640107
0.04546889
0.02324491
0.01651444
0.04549199
0.02328945
0.0166098
0.04551065
0.02332538
0.01668651
0.04552517
0.02335328
0.01674593
0.04553606
0.02337424
0.01679071
0.04554343
0.02338843
0.01682106
0.04554712
0.02339551
0.01683618
0.04554701
0.0233952
0.01683531
0.04554312
0.0233876
0.01681881
0.0455355
0.02337279
0.01678691
0.04552401
0.02335053
0.01673906
0.04550852
0.02332056
0.01667478
0.04548873
0.02328228
0.01659266
0.04546441
0.02323521
0.01649162
0.04543542
0.02317914
0.01637131
0.04540166
0.02311388
0.0162314
0.04536288
0.02303891
0.01607066
0.04531883
0.02295376
0.01588812
0.04526935
0.02285809
0.01568294
0.04521465
0.02275205
0.01545503
0.04515712
0.02263914
0.01520896
0.04510928
0.02254059
0.0149794
)
;
    }
    fminZ
    {
        type            calculated;
        value           nonuniform List<scalar> 
900
(
0.06861501
0.0686604
0.06871488
0.06876659
0.06881327
0.06885476
0.06889124
0.06892303
0.06895103
0.06897962
0.06903197
0.06916699
0.06914669
0.06936113
0.06943157
0.06944275
0.06942718
0.06934838
0.06911778
0.06901151
0.06897555
0.06895011
0.06892242
0.06889053
0.06885391
0.06881227
0.06876544
0.0687136
0.068659
0.06861354
0.06865984
0.06870473
0.06875846
0.06880931
0.06885512
0.06889574
0.06893139
0.06896235
0.06898915
0.06901318
0.06904056
0.06908292
0.06909323
0.0691555
0.06918005
0.06918392
0.06917624
0.06914683
0.06907521
0.06903549
0.06901182
0.06898856
0.06896176
0.06893067
0.06889487
0.0688541
0.06880814
0.06875715
0.06870332
0.06865837
0.06871309
0.06875728
0.06880998
0.06885968
0.06890432
0.06894379
0.06897833
0.06900823
0.06903388
0.06905566
0.06907469
0.06909278
0.06910418
0.06912095
0.06912861
0.06912944
0.06912513
0.0691138
0.06909239
0.06907382
0.06905516
0.06903341
0.06900765
0.06897759
0.06894289
0.06890326
0.06885848
0.06880863
0.0687558
0.0687115
0.06876325
0.06880665
0.0688582
0.06890667
0.06895004
0.06898828
0.06902165
0.06905046
0.06907506
0.06909565
0.06911252
0.06912612
0.06913612
0.06914399
0.06914786
0.06914799
0.0691446
0.06913743
0.06912609
0.06911224
0.06909529
0.06907459
0.06904986
0.06902089
0.06898736
0.06894896
0.06890543
0.06885682
0.06880513
0.06876165
0.06880833
0.06885085
0.06890123
0.06894842
0.06899052
0.06902753
0.06905972
0.06908744
0.06911102
0.06913068
0.06914661
0.06915909
0.06916834
0.06917461
0.06917773
0.06917773
0.06917464
0.06916842
0.06915897
0.06914636
0.06913033
0.06911055
0.06908682
0.06905894
0.06902658
0.06898941
0.06894714
0.0688998
0.06884929
0.06880666
0.06884822
0.06888985
0.06893903
0.06898497
0.06902583
0.06906163
0.06909268
0.06911934
0.06914195
0.06916073
0.06917591
0.06918776
0.06919651
0.0692023
0.06920518
0.06920517
0.06920226
0.06919643
0.06918761
0.06917567
0.06916037
0.06914146
0.06911871
0.06909188
0.06906065
0.06902468
0.06898366
0.06893756
0.06888825
0.06884653
0.06888314
0.06892388
0.0689719
0.06901662
0.06905629
0.06909094
0.06912091
0.06914657
0.06916825
0.06918622
0.06920072
0.069212
0.06922032
0.0692258
0.06922852
0.0692285
0.06922575
0.06922025
0.06921191
0.06920049
0.06918586
0.06916775
0.06914592
0.06912009
0.06908993
0.06905511
0.06901528
0.06897039
0.06892224
0.06888141
0.06891346
0.06895329
0.06900018
0.06904377
0.06908231
0.06911588
0.06914485
0.06916957
0.0691904
0.06920762
0.06922148
0.06923225
0.06924017
0.06924538
0.06924797
0.06924796
0.06924538
0.06924031
0.06923267
0.06922145
0.06920729
0.0691899
0.0691689
0.069144
0.06911485
0.0690811
0.06904238
0.06899864
0.06895162
0.06891169
0.06893956
0.06897852
0.06902435
0.06906687
0.06910437
0.06913695
0.06916498
0.06918885
0.0692089
0.06922543
0.06923872
0.06924903
0.0692566
0.06926156
0.06926403
0.06926405
0.06926185
0.0692581
0.06925314
0.06924006
0.06922538
0.06920843
0.06918817
0.06916411
0.06913589
0.06910313
0.06906545
0.06902278
0.06897681
0.06893775
0.06896151
0.06899965
0.06904452
0.06908608
0.06912266
0.06915436
0.06918157
0.06920468
0.06922404
0.06923997
0.06925275
0.06926266
0.06926992
0.06927469
0.06927706
0.06927725
0.06927623
0.06927793
0.06928616
0.06926058
0.06924118
0.06922374
0.069204
0.06918068
0.06915328
0.06912139
0.06908464
0.06904292
0.06899792
0.06895972
0.06897925
0.06901671
0.06906077
0.06910153
0.06913733
0.06916829
0.06919481
0.06921729
0.06923608
0.06925151
0.06926388
0.06927346
0.06928047
0.06928506
0.06928738
0.06928787
0.06928927
0.06930403
0.06935309
0.06928727
0.06925538
0.06923611
0.06921664
0.06919391
0.06916719
0.06913604
0.06910006
0.06905914
0.06901494
0.06897739
0.06899305
0.06903001
0.06907344
0.06911356
0.06914874
0.0691791
0.06920507
0.06922704
0.06924538
0.06926042
0.06927246
0.06928179
0.0692886
0.06929305
0.06929526
0.06929545
0.06929459
0.0692966
0.06930528
0.06928028
0.06926161
0.06924506
0.06922634
0.06920415
0.06917799
0.06914742
0.06911206
0.06907178
0.0690282
0.06899113
0.0690034
0.06903998
0.06908293
0.06912256
0.06915725
0.06918716
0.06921271
0.0692343
0.0692523
0.06926705
0.06927885
0.06928799
0.06929466
0.06929902
0.06930117
0.06930119
0.0692993
0.06929616
0.06929209
0.06928017
0.06926697
0.06925179
0.06923357
0.06921178
0.06918603
0.06915592
0.06912104
0.06908125
0.06903815
0.06900145
0.0690104
0.06904672
0.06908933
0.06912862
0.06916298
0.06919258
0.06921784
0.06923918
0.06925696
0.06927152
0.06928317
0.06929219
0.06929877
0.06930307
0.06930519
0.06930518
0.06930306
0.06929889
0.06929258
0.06928311
0.06927115
0.0692564
0.06923844
0.0692169
0.06919144
0.06916164
0.06912709
0.06908764
0.06904487
0.06900844
0.06901391
0.06905009
0.06909252
0.06913163
0.06916582
0.06919527
0.06922039
0.06924161
0.06925928
0.06927375
0.06928533
0.06929429
0.06930084
0.06930512
0.06930723
0.06930721
0.06930506
0.06930075
0.06929417
0.06928506
0.06927332
0.0692587
0.06924086
0.06921944
0.06919412
0.06916448
0.06913009
0.06909082
0.06904823
0.06901194
0.0690138
0.06904997
0.0690924
0.0691315
0.0691657
0.06919515
0.06922028
0.0692415
0.06925919
0.06927367
0.06928527
0.06929425
0.06930082
0.06930511
0.06930722
0.0693072
0.06930504
0.0693007
0.06929406
0.06928497
0.06927323
0.0692586
0.06924075
0.06921932
0.069194
0.06916435
0.06912997
0.06909069
0.06904811
0.06901182
0.06901011
0.06904641
0.069089
0.06912826
0.06916262
0.06919224
0.06921751
0.06923888
0.0692567
0.06927129
0.069283
0.06929207
0.0692987
0.06930304
0.06930517
0.06930515
0.06930296
0.06929857
0.06929187
0.06928269
0.06927085
0.06925611
0.06923812
0.06921656
0.06919108
0.06916128
0.06912673
0.06908729
0.06904455
0.06900814
0.06900286
0.06903939
0.06908229
0.06912188
0.06915655
0.06918646
0.06921202
0.06923365
0.0692517
0.06926651
0.06927839
0.0692876
0.06929435
0.06929876
0.06930093
0.06930091
0.06929868
0.06929421
0.0692874
0.06927808
0.06926606
0.06925111
0.06923289
0.06921107
0.06918531
0.06915521
0.06912035
0.06908059
0.06903754
0.0690009
0.06899195
0.06902881
0.06907214
0.06911217
0.0691473
0.06917763
0.06920359
0.06922557
0.06924396
0.06925905
0.06927117
0.06928058
0.06928747
0.06929197
0.06929418
0.06929415
0.06929188
0.06928731
0.06928035
0.06927085
0.0692586
0.06924336
0.06922482
0.06920264
0.06917649
0.06914596
0.06911066
0.06907045
0.06902697
0.06899
0.06897722
0.0690145
0.06905838
0.06909899
0.06913468
0.06916556
0.06919202
0.06921446
0.06923326
0.06924872
0.06926114
0.06927077
0.06927777
0.06928225
0.06928446
0.06928442
0.06928207
0.06927739
0.06927032
0.06926072
0.06924825
0.06923267
0.06921371
0.06919107
0.06916442
0.06913336
0.06909749
0.06905671
0.06901268
0.06897529
0.06895842
0.06899622
0.06904078
0.06908211
0.0691185
0.06915004
0.06917713
0.06920014
0.06921945
0.06923535
0.06924811
0.0692579
0.06926463
0.06926821
0.06927001
0.06926983
0.06926741
0.0692627
0.0692559
0.06924706
0.06923472
0.06921883
0.06919939
0.06917619
0.06914892
0.06911719
0.06908063
0.06903914
0.06899443
0.06895651
0.06893529
0.06897373
0.06901911
0.06906128
0.06909851
0.06913085
0.06915868
0.06918237
0.06920229
0.06921871
0.06923177
0.06924117
0.0692453
0.06924258
0.06924161
0.06924072
0.0692382
0.06923403
0.06922982
0.06922713
0.0692172
0.06920152
0.0691816
0.06915775
0.06912974
0.06909722
0.06905983
0.06901749
0.06897196
0.06893342
0.06890774
0.06894688
0.06899318
0.06903631
0.06907447
0.06910771
0.06913637
0.06916083
0.06918144
0.06919839
0.06921144
0.06921829
0.06921031
0.06917673
0.06916347
0.06915971
0.06915708
0.06915558
0.06916347
0.06919144
0.06919343
0.06918008
0.06915999
0.06913545
0.06910662
0.06907321
0.06903488
0.06899159
0.06894515
0.0689059
0.06887566
0.06891555
0.06896283
0.06900699
0.06904616
0.06908037
0.06910994
0.06913523
0.06915658
0.06917404
0.06918647
0.06918648
0.06914483
0.06901264
0.0689655
0.06895462
0.06895187
0.06895726
0.06899881
0.0691252
0.06916064
0.06915391
0.06913425
0.06910903
0.06907931
0.06904493
0.06900559
0.06896128
0.06891385
0.06887386
0.06883879
0.06887948
0.06892782
0.06897308
0.06901334
0.0690486
0.06907915
0.06910535
0.06912752
0.0691456
0.06915771
0.0691522
0.06908138
0.06885973
0.06878319
0.06876642
0.06876354
0.06877455
0.06884528
0.06906091
0.0691253
0.06912389
0.0691044
0.06907832
0.06904758
0.06901214
0.06897171
0.0689263
0.06887783
0.06883703
0.06879692
0.06883845
0.06888789
0.06893431
0.06897573
0.0690121
0.0690437
0.06907087
0.06909393
0.06911275
0.06912517
0.06911787
0.06903595
0.06878148
0.06869373
0.06867466
0.06867162
0.06868465
0.06876652
0.06901482
0.06908997
0.06909044
0.06907104
0.0690434
0.06901124
0.06897458
0.06893299
0.06888642
0.06883684
0.06879521
0.0687499
0.06879228
0.06884285
0.06889047
0.06893307
0.0689706
0.0690033
0.06903148
0.06905548
0.06907512
0.069088
0.06907921
0.06898461
0.06868773
0.06858878
0.06856773
0.06856449
0.06857934
0.06867424
0.06896532
0.0690512
0.06905476
0.06903883
0.06900599
0.06897048
0.06893209
0.06888919
0.06884142
0.06879072
0.06874823
0.0686979
0.06874113
0.06879282
0.06884163
0.06888544
0.06892413
0.06895794
0.06898716
0.06901212
0.06903261
0.06904601
0.06903522
0.06892372
0.06861806
0.06851301
0.0684896
0.06848591
0.06850361
0.06861728
0.06892052
0.06901091
0.0690237
0.06902807
0.06897299
0.06892675
0.06888493
0.06884046
0.06879144
0.06873961
0.06869629
0.06864322
0.06868724
0.06873998
0.06878992
0.06883486
0.06887467
0.06890955
0.06893977
0.06896566
0.06898702
0.06900143
0.06899255
0.06888448
0.06859321
0.06847175
0.06844012
0.06843437
0.06845389
0.06857058
0.06887578
0.06897025
0.0690038
0.06906951
0.06895119
0.06888238
0.06883513
0.06878887
0.06873865
0.06868577
0.06864166
0.06859775
0.06864235
0.06869588
0.06874667
0.06879248
0.06883314
0.06886883
0.06889982
0.06892644
0.06894853
0.06896422
0.06896018
0.06887175
0.06863013
0.06845911
0.06840768
0.06839718
0.06841403
0.06853244
0.06883705
0.06892744
0.0689415
0.06894909
0.06888741
0.06883666
0.06879218
0.06874559
0.06869458
0.06864092
0.06859623
)
;
    }
    floor_to_air
    {
        type            calculated;
        value           nonuniform List<scalar> 
900
(
0.01672361
0.01709324
0.01746119
0.01779645
0.01809623
0.0183611
0.01859263
0.01879324
0.01896623
0.01911181
0.01922866
0.01931898
0.01938723
0.01943358
0.01945664
0.01945512
0.01942972
0.01938088
0.01930772
0.0192096
0.01908422
0.01892984
0.01874604
0.01853251
0.01828716
0.01800854
0.01769534
0.01734703
0.01696777
0.01659157
0.01709982
0.01746477
0.01782679
0.01815551
0.01844816
0.01870586
0.01893038
0.01912377
0.01929005
0.01942918
0.01954073
0.01962721
0.0196925
0.01973675
0.01975862
0.01975706
0.01973273
0.01968582
0.01961533
0.01952052
0.01939935
0.01925008
0.01907197
0.01886448
0.01862558
0.01835367
0.0180473
0.01770572
0.01733277
0.01696187
0.0174786
0.01783714
0.01819169
0.01851241
0.0187968
0.0190463
0.01926286
0.01944865
0.01960785
0.01974057
0.01984677
0.01992908
0.01999108
0.02003302
0.02005363
0.02005205
0.02002885
0.01998408
0.01991658
0.0198255
0.01970904
0.01956546
0.0193937
0.01919299
0.01896133
0.01869702
0.01839841
0.01806453
0.01769892
0.01733435
0.017826
0.0181776
0.01852416
0.01883646
0.01911233
0.01935343
0.01956193
0.01974014
0.01989225
0.02001864
0.02011957
0.0201977
0.0202564
0.02029604
0.02031541
0.02031385
0.02029176
0.02024915
0.02018467
0.02009739
0.01998567
0.01984784
0.01968252
0.01948866
0.01926438
0.01900784
0.01871722
0.01839133
0.01803345
0.01767564
0.01813802
0.01848254
0.01882097
0.01912483
0.01939222
0.01962503
0.01982559
0.01999641
0.02014158
0.02026183
0.02035764
0.02043169
0.02048719
0.02052463
0.02054286
0.0205413
0.0205203
0.02047978
0.02041824
0.02033467
0.02022758
0.02009535
0.01993632
0.01974915
0.01953213
0.01928328
0.01900061
0.01868273
0.01833266
0.01798175
0.01841526
0.01875281
0.01908326
0.01937887
0.01963804
0.01986284
0.02005578
0.02021951
0.02035805
0.02047245
0.02056338
0.02063356
0.02068604
0.02072142
0.02073863
0.02073705
0.02071711
0.02067855
0.0206198
0.02053975
0.02043706
0.02031013
0.0201571
0.01997633
0.01976627
0.01952482
0.01924986
0.0189398
0.0185974
0.01825329
0.01865905
0.01898992
0.01931275
0.01960051
0.01985187
0.02006911
0.02025489
0.02041197
0.02054435
0.02065328
0.02073971
0.02080627
0.02085598
0.02088947
0.02090577
0.02090418
0.02088523
0.02084849
0.02079231
0.0207155
0.02061688
0.02049486
0.02034738
0.02017257
0.01996903
0.01973457
0.0194669
0.01916428
0.01882921
0.01849166
0.01887114
0.01919565
0.01951131
0.01979175
0.02003589
0.02024615
0.02042533
0.0205763
0.02070306
0.02080701
0.02088935
0.02095266
0.02099989
0.02103174
0.02104722
0.02104564
0.02102758
0.02099248
0.0209386
0.0208647
0.02076974
0.02065216
0.02050969
0.02034033
0.02014276
0.01991472
0.01965379
0.01935809
0.0190299
0.0186985
0.01905567
0.01937321
0.01968181
0.01995535
0.02019273
0.02039649
0.02056956
0.02071492
0.02083655
0.02093596
0.0210146
0.021075
0.02112004
0.02115047
0.02116524
0.02116369
0.02114645
0.02111282
0.02106101
0.02098972
0.02089806
0.02078449
0.02064658
0.02048218
0.02029013
0.02006807
0.01981345
0.01952423
0.01920245
0.01887684
0.01922513
0.01952594
0.01982525
0.02009212
0.02032343
0.02052143
0.0206891
0.02082949
0.02094661
0.02104207
0.0211175
0.02117538
0.02121857
0.02124783
0.02126198
0.02126049
0.02124396
0.02121162
0.02116158
0.02109255
0.02100372
0.0208936
0.02075959
0.02059932
0.02041193
0.02019507
0.01994597
0.01966243
0.01934644
0.01902616
0.01948115
0.01967261
0.01994466
0.02020318
0.02042911
0.02062227
0.02078546
0.02092176
0.02103516
0.02112736
0.02120015
0.02125603
0.02129777
0.02132609
0.02133973
0.0213383
0.02132239
0.02129111
0.02124249
0.02117525
0.02108869
0.02098116
0.02084955
0.02069079
0.0205057
0.02029251
0.02004731
0.01976706
0.019456
0.01914126
0.02168087
0.01987939
0.0200473
0.02029088
0.0205117
0.02070093
0.0208605
0.02099352
0.02110396
0.02119362
0.02126433
0.02131869
0.02135919
0.02138669
0.02139999
0.02139866
0.02138323
0.02135287
0.02130549
0.02123958
0.02115453
0.02104799
0.02091378
0.02074349
0.02054905
0.02033435
0.02008518
0.01978729
0.01947611
0.01917328
0.02029656
0.01990528
0.02011373
0.02035551
0.02057295
0.0207591
0.02091587
0.02104634
0.0211545
0.02124223
0.02131138
0.02136444
0.02140408
0.02143105
0.02144413
0.02144289
0.0214278
0.02139806
0.02135157
0.02128674
0.0212022
0.02109235
0.02093543
0.02068095
0.02040974
0.02016889
0.01985983
0.01906863
0.0184181
0.0181682
0.02275449
0.02012903
0.0201816
0.02040102
0.0206138
0.02079759
0.02095238
0.02108111
0.0211877
0.02127414
0.02134222
0.02139435
0.02143345
0.02146009
0.02147303
0.02147186
0.02145701
0.02142767
0.02138175
0.0213175
0.02123209
0.0211107
0.02087584
0.01984848
0.018848
0.01850216
0.01760179
0.0167582
0.01614653
0.01653726
0.02298615
0.02020136
0.02021248
0.02042359
0.0206342
0.02081679
0.02097058
0.0210984
0.02120418
0.02128997
0.02135752
0.02140915
0.02144795
0.02147442
0.02148731
0.02148618
0.02147145
0.02144231
0.02139666
0.02133268
0.02124699
0.02112122
0.02086242
0.01974952
0.01867081
0.01829839
0.01735557
0.01649602
0.01583547
0.01558762
0.02301171
0.02020891
0.02021391
0.02042374
0.02063415
0.02081672
0.0209705
0.02109833
0.02120418
0.02129028
0.0213585
0.02140945
0.02144793
0.02147433
0.0214872
0.02148607
0.02147133
0.02144219
0.02139653
0.02133251
0.02124662
0.02111969
0.02085586
0.01972888
0.01863788
0.01826073
0.01731256
0.01644841
0.01577095
0.01546672
0.02295574
0.02017673
0.02018956
0.02040193
0.02061369
0.02079736
0.02095215
0.02108095
0.02118811
0.02127722
0.02135207
0.02139742
0.02143382
0.02145988
0.02147272
0.02147153
0.02145666
0.02142731
0.02138136
0.02131696
0.02123054
0.02110302
0.0208385
0.01971074
0.01861885
0.01824072
0.01729159
0.01642721
0.01574933
0.0154309
0.02232792
0.02007517
0.02013554
0.02035776
0.02057281
0.02075871
0.02091548
0.02104635
0.02115739
0.02126116
0.02138469
0.02138337
0.02140694
0.02143098
0.02144364
0.02144233
0.02142722
0.02139746
0.02135091
0.02128573
0.02119857
0.02107105
0.02081023
0.01969508
0.0186138
0.01823868
0.01729539
0.01645509
0.01611092
0.0154611
0.02060938
0.0198281
0.02004302
0.02029012
0.02051104
0.02070024
0.02085991
0.02099399
0.02111335
0.02126662
0.02212687
0.02139171
0.02136854
0.02138706
0.02139926
0.0213978
0.02138233
0.02135194
0.0213045
0.02123823
0.02115056
0.02102635
0.02078824
0.01975728
0.01875274
0.01840382
0.01752086
0.01717366
0.01685716
0.01653911
0.01939786
0.0196557
0.01994161
0.02020189
0.02042796
0.02062112
0.02078432
0.02092099
0.02103726
0.02114548
0.02127261
0.02127412
0.02129978
0.02132518
0.02133839
0.0213369
0.02132095
0.02128966
0.02124099
0.02117359
0.021086
0.02097231
0.02081093
0.0205515
0.02027479
0.02002948
0.01973726
0.01944793
0.01913648
0.01881883
0.01921275
0.0195217
0.01982325
0.02009044
0.02032175
0.02051971
0.02068735
0.02082779
0.02094543
0.02104354
0.02112571
0.02117678
0.02121724
0.02124591
0.02125996
0.02125843
0.02124187
0.02120951
0.02115945
0.02109038
0.0210013
0.02088977
0.0207498
0.02057317
0.02037167
0.02014968
0.01989651
0.01961679
0.01931203
0.01898156
0.01905245
0.01937079
0.01967962
0.01995315
0.02019048
0.02039418
0.0205672
0.02071251
0.02083416
0.02093387
0.02101321
0.0210728
0.02111746
0.02114778
0.0211625
0.02116093
0.02114367
0.02111003
0.02105821
0.02098691
0.0208952
0.02078141
0.02064258
0.02047592
0.02028214
0.02006028
0.01981074
0.01954866
0.01931096
0.01890779
0.0188684
0.01919293
0.01950853
0.01978891
0.02003297
0.02024314
0.02042224
0.02057313
0.02069982
0.02080374
0.02088609
0.02094927
0.02099641
0.02102821
0.02104366
0.02104206
0.02102399
0.02098888
0.02093501
0.02086112
0.02076616
0.02064859
0.02050604
0.02033647
0.020139
0.01991305
0.01966759
0.01947125
0.02029001
0.01882944
0.01865568
0.01898649
0.01930922
0.01959688
0.01984814
0.02006527
0.02025094
0.02040791
0.02054018
0.02064903
0.02073538
0.02080186
0.02085151
0.02088496
0.02090123
0.02089962
0.02088066
0.02084392
0.02078776
0.02071098
0.0206124
0.02049043
0.02034299
0.02016825
0.0199649
0.0197314
0.01946938
0.0191941
0.01894318
0.01852815
0.01841119
0.01874863
0.01907897
0.01937444
0.01963347
0.01985814
0.02005095
0.02021454
0.02035297
0.02046726
0.02055809
0.02062818
0.02068059
0.02071592
0.0207331
0.0207315
0.02071156
0.02067301
0.0206143
0.02053429
0.02043166
0.02030481
0.02015186
0.01997119
0.01976128
0.01952017
0.01924656
0.01894175
0.01861095
0.01825696
0.01813325
0.01847764
0.01881592
0.01911962
0.01938685
0.0196195
0.01981991
0.01999057
0.02013561
0.02025573
0.02035142
0.02042537
0.02048079
0.02051817
0.02053638
0.0205348
0.02051381
0.02047331
0.02041181
0.0203283
0.02022129
0.02008915
0.01993023
0.01974319
0.01952632
0.01927765
0.01899534
0.0186784
0.01832991
0.01797797
0.01782052
0.01817199
0.01851837
0.0188305
0.01910619
0.01934712
0.01955543
0.01973347
0.01988543
0.02001168
0.02011247
0.02019049
0.0202491
0.02028868
0.02030803
0.02030645
0.02028437
0.02024179
0.02017736
0.02009015
0.01997853
0.01984081
0.01967562
0.0194819
0.01925779
0.01900143
0.01871102
0.01838541
0.01802788
0.01767011
0.01747245
0.01783085
0.01818521
0.01850574
0.01878993
0.01903923
0.0192556
0.01944121
0.01960023
0.01973281
0.01983886
0.01992104
0.01998294
0.02002482
0.02004539
0.02004381
0.02002061
0.01997588
0.01990844
0.01981746
0.0197011
0.01955765
0.01938604
0.01918549
0.01895402
0.0186899
0.01839149
0.01805783
0.01769244
0.01732804
0.0170931
0.01745793
0.01781964
0.0181482
0.01844059
0.01869812
0.01892243
0.01911563
0.01928172
0.01942077
0.01953211
0.01961843
0.01968361
0.01972779
0.01974963
0.01974805
0.01972373
0.01967687
0.01960644
0.01951174
0.01939069
0.01924156
0.0190636
0.0188563
0.01861759
0.01834589
0.01803974
0.01769838
0.01732566
0.01695496
0.01671647
0.01708632
0.01745329
0.01778879
0.01808796
0.01835294
0.01858417
0.01878462
0.01895728
0.01910327
0.01921956
0.01930962
0.01937773
0.019424
0.01944703
0.0194455
0.01942011
0.01937132
0.01929823
0.01920021
0.01907497
0.01892074
0.01873711
0.01852376
0.01827862
0.01800023
0.01768726
0.01733919
0.01696016
0.01658419
)
;
    }
}


// ************************************************************************* //
