/*--------------------------------*- C++ -*----------------------------------*\
| =========                 |                                                 |
| \\      /  F ield         | OpenFOAM: The Open Source CFD Toolbox           |
|  \\    /   O peration     | Version:  2506                                  |
|   \\  /    A nd           | Website:  www.openfoam.com                      |
|    \\/     M anipulation  |                                                 |
\*---------------------------------------------------------------------------*/
FoamFile
{
    version     2.0;
    format      ascii;
    arch        "LSB;label=32;scalar=64";
    class       volScalarField;
    location    "4000/floor";
    object      T;
}
// * * * * * * * * * * * * * * * * * * * * * * * * * * * * * * * * * * * * * //

dimensions      [0 0 0 1 0 0 0];

internalField   nonuniform List<scalar> 
2700
(
301.8774
301.8802
301.8837
301.8872
301.8903
301.893
301.8954
301.8975
301.8993
301.9008
301.902
301.903
301.9037
301.9041
301.9044
301.9044
301.9041
301.9036
301.9028
301.9018
301.9005
301.8989
301.897
301.8948
301.8922
301.8894
301.8861
301.8825
301.8789
301.876
301.8802
301.883
301.8865
301.8899
301.893
301.8957
301.898
301.9
301.9018
301.9032
301.9044
301.9053
301.906
301.9064
301.9067
301.9066
301.9064
301.9059
301.9052
301.9042
301.9029
301.9014
301.8995
301.8973
301.8948
301.892
301.8888
301.8853
301.8817
301.8788
301.8839
301.8866
301.8901
301.8934
301.8964
301.899
301.9012
301.9032
301.9049
301.9062
301.9074
301.9082
301.9089
301.9093
301.9095
301.9095
301.9093
301.9088
301.9081
301.9071
301.9059
301.9044
301.9026
301.9005
301.8981
301.8953
301.8922
301.8888
301.8852
301.8824
301.8875
301.8901
301.8935
301.8967
301.8996
301.9021
301.9043
301.9062
301.9078
301.9091
301.9102
301.911
301.9116
301.912
301.9122
301.9122
301.912
301.9115
301.9109
301.9099
301.9088
301.9073
301.9056
301.9036
301.9012
301.8985
301.8955
301.8921
301.8887
301.8859
301.8907
301.8933
301.8966
301.8997
301.9025
301.905
301.9071
301.9089
301.9104
301.9116
301.9127
301.9134
301.914
301.9144
301.9146
301.9146
301.9144
301.9139
301.9133
301.9124
301.9113
301.9099
301.9082
301.9063
301.904
301.9014
301.8984
301.8952
301.8918
301.8891
301.8936
301.8961
301.8993
301.9024
301.9051
301.9075
301.9095
301.9112
301.9127
301.9139
301.9148
301.9156
301.9161
301.9165
301.9167
301.9166
301.9164
301.916
301.9154
301.9146
301.9135
301.9121
301.9105
301.9087
301.9065
301.9039
301.9011
301.8979
301.8945
301.8919
301.8961
301.8986
301.9017
301.9047
301.9073
301.9096
301.9116
301.9132
301.9146
301.9157
301.9167
301.9174
301.9179
301.9182
301.9184
301.9184
301.9182
301.9178
301.9172
301.9164
301.9154
301.9141
301.9125
301.9107
301.9086
301.9061
301.9033
301.9002
301.8969
301.8944
301.8983
301.9007
301.9038
301.9067
301.9093
301.9115
301.9133
301.9149
301.9163
301.9174
301.9182
301.9189
301.9194
301.9197
301.9199
301.9199
301.9197
301.9193
301.9187
301.918
301.917
301.9157
301.9142
301.9125
301.9104
301.908
301.9053
301.9022
301.899
301.8965
301.9003
301.9026
301.9056
301.9084
301.9109
301.913
301.9149
301.9164
301.9177
301.9187
301.9195
301.9202
301.9207
301.921
301.9211
301.9211
301.9209
301.9206
301.92
301.9193
301.9183
301.9171
301.9157
301.9139
301.9119
301.9096
301.9069
301.904
301.9008
301.8983
301.9026
301.9044
301.9071
301.9099
301.9123
301.9143
301.9161
301.9176
301.9188
301.9198
301.9206
301.9212
301.9217
301.922
301.9221
301.9221
301.9219
301.9216
301.9211
301.9204
301.9194
301.9183
301.9168
301.9151
301.9132
301.9109
301.9083
301.9053
301.9023
301.8998
301.907
301.9067
301.9086
301.911
301.9134
301.9154
301.9171
301.9186
301.9197
301.9207
301.9215
301.9221
301.9225
301.9228
301.9229
301.9229
301.9228
301.9224
301.9219
301.9212
301.9203
301.9192
301.9177
301.916
301.9139
301.9116
301.909
301.9061
301.9031
301.9007
301.9168
301.9103
301.91
301.912
301.9143
301.9162
301.9179
301.9193
301.9205
301.9214
301.9222
301.9227
301.9232
301.9234
301.9236
301.9236
301.9234
301.9231
301.9226
301.9219
301.921
301.9198
301.9181
301.9159
301.9134
301.9108
301.9079
301.9044
301.9013
301.8992
301.9164
301.9111
301.9109
301.9127
301.9149
301.9168
301.9185
301.9199
301.921
301.9219
301.9227
301.9232
301.9236
301.9239
301.924
301.924
301.9239
301.9236
301.9231
301.9224
301.9214
301.92
301.9176
301.9137
301.9094
301.9058
301.9012
301.8949
301.8907
301.889
301.9267
301.915
301.9121
301.9133
301.9153
301.9172
301.9189
301.9202
301.9213
301.9223
301.923
301.9235
301.9239
301.9242
301.9243
301.9243
301.9242
301.9239
301.9234
301.9227
301.9217
301.9198
301.916
301.9092
301.9013
301.8952
301.8875
301.8798
301.8757
301.8746
301.9314
301.917
301.9128
301.9136
301.9156
301.9174
301.9191
301.9204
301.9215
301.9224
301.9231
301.9237
301.9241
301.9244
301.9245
301.9245
301.9243
301.924
301.9235
301.9228
301.9218
301.9197
301.9152
301.9066
301.897
301.8898
301.8809
301.8726
301.868
301.8662
301.9324
301.9174
301.9129
301.9137
301.9156
301.9174
301.9191
301.9204
301.9215
301.9225
301.9232
301.9237
301.9241
301.9244
301.9245
301.9245
301.9243
301.924
301.9235
301.9228
301.9217
301.9196
301.9148
301.9058
301.8957
301.8882
301.8791
301.8706
301.8655
301.8632
301.931
301.9167
301.9126
301.9134
301.9154
301.9172
301.9189
301.9202
301.9214
301.9224
301.9234
301.9237
301.924
301.9242
301.9243
301.9243
301.9242
301.9239
301.9234
301.9227
301.9216
301.9194
301.9146
301.9056
301.8955
301.888
301.8789
301.8704
301.8652
301.8626
301.9251
301.9143
301.9116
301.9129
301.9149
301.9168
301.9185
301.9199
301.9212
301.9226
301.9241
301.9239
301.9238
301.9239
301.924
301.924
301.9239
301.9235
301.9231
301.9223
301.9213
301.9192
301.9146
301.9061
301.8964
301.8892
301.8804
301.8726
301.8684
301.865
301.915
301.9098
301.91
301.912
301.9142
301.9162
301.9179
301.9194
301.9208
301.9229
301.9252
301.9242
301.9235
301.9235
301.9236
301.9236
301.9234
301.9231
301.9226
301.9219
301.9208
301.9189
301.9151
301.9082
301.9003
301.8942
301.8871
301.8822
301.8787
301.8762
301.9054
301.9062
301.9085
301.911
301.9134
301.9154
301.9171
301.9186
301.9199
301.9214
301.9229
301.9228
301.9227
301.9228
301.9229
301.9229
301.9228
301.9224
301.9219
301.9212
301.9202
301.9187
301.9163
301.9124
301.908
301.9044
301.9004
301.897
301.8939
301.8915
301.9021
301.9043
301.9071
301.9098
301.9122
301.9143
301.9161
301.9176
301.9188
301.92
301.921
301.9214
301.9217
301.922
301.9221
301.9221
301.9219
301.9216
301.9211
301.9203
301.9194
301.9181
301.9164
301.9141
301.9115
301.9089
301.9061
301.9033
301.9005
301.8979
301.9002
301.9026
301.9056
301.9084
301.9109
301.913
301.9148
301.9164
301.9176
301.9187
301.9196
301.9202
301.9206
301.9209
301.9211
301.9211
301.9209
301.9205
301.92
301.9192
301.9183
301.9171
301.9155
301.9137
301.9116
301.9092
301.9068
301.9046
301.9024
301.8993
301.8983
301.9007
301.9038
301.9067
301.9092
301.9114
301.9133
301.9149
301.9162
301.9173
301.9182
301.9189
301.9194
301.9197
301.9198
301.9198
301.9196
301.9193
301.9187
301.9179
301.9169
301.9157
301.9142
301.9124
301.9103
301.908
301.9058
301.9042
301.903
301.899
301.896
301.8986
301.9017
301.9047
301.9073
301.9096
301.9115
301.9132
301.9146
301.9157
301.9166
301.9173
301.9178
301.9182
301.9184
301.9183
301.9181
301.9177
301.9172
301.9164
301.9153
301.914
301.9125
301.9107
301.9085
301.9061
301.9036
301.9012
301.899
301.8957
301.8935
301.8961
301.8993
301.9023
301.905
301.9074
301.9094
301.9111
301.9126
301.9138
301.9147
301.9155
301.916
301.9164
301.9166
301.9166
301.9164
301.916
301.9153
301.9145
301.9134
301.9121
301.9105
301.9086
301.9064
301.9039
301.9011
301.8981
301.8951
301.8923
301.8906
301.8932
301.8965
301.8997
301.9025
301.9049
301.907
301.9088
301.9103
301.9116
301.9126
301.9134
301.9139
301.9143
301.9145
301.9145
301.9143
301.9139
301.9132
301.9123
301.9112
301.9098
301.9082
301.9062
301.9039
301.9013
301.8984
301.8952
301.8918
301.8891
301.8874
301.8901
301.8934
301.8967
301.8995
301.9021
301.9042
301.9061
301.9077
301.909
301.9101
301.9109
301.9115
301.9119
301.9121
301.9121
301.9119
301.9114
301.9108
301.9099
301.9087
301.9072
301.9055
301.9035
301.9011
301.8985
301.8954
301.8921
301.8886
301.8859
301.8838
301.8866
301.89
301.8933
301.8963
301.8989
301.9012
301.9031
301.9048
301.9061
301.9073
301.9081
301.9088
301.9092
301.9094
301.9094
301.9092
301.9087
301.908
301.907
301.9058
301.9043
301.9025
301.9004
301.898
301.8952
301.8921
301.8887
301.8851
301.8823
301.8802
301.8829
301.8865
301.8898
301.8929
301.8956
301.8979
301.8999
301.9017
301.9031
301.9043
301.9052
301.9059
301.9063
301.9066
301.9065
301.9063
301.9058
301.9051
301.9041
301.9028
301.9013
301.8994
301.8972
301.8947
301.8919
301.8887
301.8852
301.8816
301.8787
301.8773
301.8801
301.8837
301.8871
301.8902
301.8929
301.8953
301.8974
301.8992
301.9007
301.9019
301.9028
301.9036
301.904
301.9043
301.9042
301.904
301.9035
301.9027
301.9017
301.9004
301.8988
301.8969
301.8947
301.8921
301.8893
301.886
301.8825
301.8788
301.8759
301.1874
301.192
301.1976
301.2029
301.2077
301.212
301.2157
301.2189
301.2216
301.224
301.2258
301.2273
301.2284
301.2291
301.2294
301.2294
301.229
301.2282
301.227
301.2255
301.2235
301.221
301.218
301.2146
301.2107
301.2062
301.2012
301.1956
301.1899
301.1851
301.1921
301.1966
301.2022
301.2074
301.2121
301.2163
301.2199
301.223
301.2257
301.2279
301.2297
301.2311
301.2322
301.2329
301.2332
301.2332
301.2328
301.232
301.2309
301.2294
301.2274
301.225
301.2221
301.2188
301.2149
301.2105
301.2056
301.2001
301.1945
301.1898
301.1979
301.2023
301.2077
301.2129
301.2174
301.2215
301.225
301.228
301.2305
301.2327
301.2344
301.2357
301.2367
301.2374
301.2377
301.2377
301.2373
301.2366
301.2355
301.234
301.2321
301.2298
301.227
301.2238
301.2201
301.2158
301.211
301.2056
301.2
301.1955
301.2034
301.2078
301.2131
301.218
301.2225
301.2264
301.2298
301.2327
301.2351
301.2371
301.2388
301.24
301.241
301.2416
301.2419
301.2419
301.2415
301.2408
301.2398
301.2384
301.2366
301.2343
301.2317
301.2285
301.2249
301.2208
301.2161
301.2109
301.2054
301.2009
301.2084
301.2127
301.2178
301.2227
301.227
301.2308
301.234
301.2368
301.2391
301.2411
301.2426
301.2438
301.2447
301.2453
301.2456
301.2456
301.2452
301.2446
301.2436
301.2422
301.2405
301.2383
301.2358
301.2327
301.2292
301.2252
301.2206
301.2156
301.2102
301.2058
301.2129
301.2171
301.2221
301.2268
301.231
301.2346
301.2378
301.2404
301.2427
301.2445
301.246
301.2471
301.248
301.2485
301.2488
301.2488
301.2484
301.2478
301.2469
301.2456
301.2439
301.2418
301.2394
301.2364
301.233
301.2291
301.2247
301.2197
301.2145
301.2102
301.2168
301.2209
301.2258
301.2304
301.2345
301.238
301.241
301.2435
301.2457
301.2474
301.2488
301.2499
301.2507
301.2513
301.2515
301.2515
301.2512
301.2506
301.2497
301.2484
301.2468
301.2448
301.2424
301.2396
301.2363
301.2325
301.2282
301.2234
301.2182
301.214
301.2202
301.2242
301.229
301.2335
301.2375
301.2409
301.2438
301.2462
301.2483
301.2499
301.2513
301.2523
301.2531
301.2536
301.2538
301.2538
301.2535
301.2529
301.252
301.2508
301.2493
301.2474
301.2451
301.2423
301.2391
301.2354
301.2312
301.2265
301.2215
301.2173
301.2233
301.2271
301.2318
301.2362
301.24
301.2433
301.2461
301.2485
301.2504
301.252
301.2533
301.2543
301.255
301.2555
301.2557
301.2557
301.2554
301.2549
301.254
301.2529
301.2514
301.2495
301.2473
301.2446
301.2415
301.2379
301.2338
301.2292
301.2243
301.2202
301.2267
301.2299
301.2342
301.2384
301.2421
301.2453
301.248
301.2503
301.2522
301.2538
301.255
301.2559
301.2566
301.2571
301.2573
301.2573
301.257
301.2565
301.2557
301.2545
301.2531
301.2513
301.2491
301.2465
301.2434
301.2399
301.2359
301.2313
301.2265
301.2225
301.2339
301.2334
301.2364
301.2402
301.2438
301.247
301.2496
301.2518
301.2537
301.2552
301.2563
301.2573
301.2579
301.2584
301.2586
301.2586
301.2583
301.2578
301.257
301.2559
301.2545
301.2527
301.2505
301.2478
301.2447
301.2412
301.2371
301.2325
301.2277
301.2239
301.2539
301.2391
301.2385
301.2417
301.2452
301.2482
301.2508
301.253
301.2548
301.2562
301.2574
301.2583
301.2589
301.2594
301.2596
301.2596
301.2593
301.2588
301.258
301.2569
301.2555
301.2537
301.2513
301.248
301.2443
301.2405
301.2359
301.23
301.2247
301.221
301.252
301.2399
301.2397
301.2428
301.2462
301.2492
301.2517
301.2539
301.2556
301.257
301.2582
301.259
301.2597
301.2601
301.2603
301.2603
301.26
301.2595
301.2588
301.2577
301.2562
301.2542
301.2509
301.2457
301.2398
301.2345
301.2271
301.215
301.2041
301.2005
301.2678
301.2455
301.2415
301.2437
301.2469
301.2498
301.2523
301.2544
301.2561
301.2576
301.2587
301.2595
301.2601
301.2606
301.2608
301.2608
301.2605
301.26
301.2592
301.2582
301.2566
301.2541
301.2492
301.2405
301.2302
301.2216
301.2096
301.195
301.1836
301.1807
301.2744
301.2482
301.2424
301.2441
301.2472
301.2501
301.2526
301.2547
301.2564
301.2578
301.2589
301.2598
301.2604
301.2608
301.261
301.261
301.2607
301.2602
301.2595
301.2584
301.2568
301.254
301.2482
301.2376
301.2252
301.2151
301.2014
301.1859
301.1739
301.1702
301.2756
301.2487
301.2426
301.2442
301.2472
301.2501
301.2526
301.2547
301.2564
301.2579
301.259
301.2598
301.2604
301.2608
301.261
301.261
301.2607
301.2602
301.2595
301.2584
301.2568
301.2539
301.2478
301.2366
301.2236
301.2132
301.1991
301.1833
301.1708
301.1665
301.2735
301.2477
301.2421
301.2438
301.2469
301.2498
301.2523
301.2544
301.2562
301.2578
301.2591
301.2597
301.2602
301.2606
301.2608
301.2607
301.2605
301.26
301.2592
301.2582
301.2565
301.2536
301.2475
301.2363
301.2233
301.2129
301.1988
301.1831
301.1709
301.1659
301.2616
301.2442
301.2407
301.243
301.2462
301.2492
301.2517
301.2539
301.2558
301.2579
301.26
301.2599
301.2599
301.2601
301.2603
301.2603
301.26
301.2595
301.2587
301.2576
301.256
301.2532
301.2474
301.2367
301.2242
301.2142
301.2007
301.1867
301.1791
301.1702
301.2513
301.2383
301.2384
301.2417
301.2452
301.2482
301.2508
301.2531
301.2552
301.258
301.2611
301.2601
301.2594
301.2594
301.2596
301.2595
301.2593
301.2588
301.258
301.2569
301.2553
301.2527
301.2478
301.239
301.2287
301.2202
301.2096
301.2016
301.1961
301.1916
301.2317
301.2326
301.2362
301.2402
301.2438
301.2469
301.2496
301.2518
301.2539
301.256
301.2581
301.2581
301.2581
301.2584
301.2586
301.2585
301.2583
301.2578
301.257
301.2559
301.2544
301.2522
301.2488
301.2436
301.2377
301.2324
301.2264
301.2211
301.2162
301.2122
301.2261
301.2296
301.2341
301.2384
301.2421
301.2453
301.248
301.2503
301.2523
301.254
301.2554
301.2561
301.2567
301.2571
301.2573
301.2573
301.257
301.2565
301.2556
301.2545
301.253
301.2511
301.2486
301.2453
301.2415
301.2375
301.2332
301.2288
301.2243
301.22
301.2232
301.2271
301.2318
301.2361
301.24
301.2433
301.2461
301.2484
301.2504
301.252
301.2534
301.2543
301.255
301.2555
301.2557
301.2557
301.2554
301.2548
301.254
301.2528
301.2513
301.2495
301.2471
301.2443
301.2411
301.2375
301.2336
301.2299
301.2262
301.2213
301.2202
301.2242
301.229
301.2335
301.2374
301.2408
301.2437
301.2462
301.2482
301.2499
301.2512
301.2523
301.253
301.2535
301.2538
301.2537
301.2534
301.2529
301.252
301.2508
301.2492
301.2473
301.245
301.2422
301.239
301.2355
301.2318
301.2288
301.2262
301.2203
301.2167
301.2208
301.2258
301.2304
301.2344
301.2379
301.2409
301.2435
301.2456
301.2474
301.2488
301.2499
301.2507
301.2512
301.2515
301.2514
301.2511
301.2505
301.2496
301.2483
301.2467
301.2448
301.2424
301.2395
301.2363
301.2325
301.2285
301.2246
301.2207
301.2156
301.2128
301.217
301.222
301.2268
301.2309
301.2346
301.2377
301.2403
301.2426
301.2444
301.2459
301.247
301.2479
301.2484
301.2487
301.2487
301.2484
301.2477
301.2468
301.2455
301.2438
301.2418
301.2393
301.2364
301.233
301.2291
301.2247
301.22
301.2152
301.2106
301.2083
301.2126
301.2178
301.2226
301.2269
301.2307
301.2339
301.2367
301.2391
301.241
301.2425
301.2437
301.2446
301.2452
301.2455
301.2455
301.2452
301.2445
301.2435
301.2421
301.2404
301.2383
301.2357
301.2327
301.2292
301.2251
301.2206
301.2156
301.2103
301.2058
301.2033
301.2077
301.213
301.218
301.2224
301.2263
301.2297
301.2326
301.235
301.237
301.2387
301.2399
301.2409
301.2415
301.2418
301.2418
301.2414
301.2407
301.2397
301.2383
301.2365
301.2342
301.2316
301.2284
301.2248
301.2207
301.216
301.2108
301.2053
301.2008
301.1978
301.2022
301.2076
301.2128
301.2173
301.2214
301.2249
301.2279
301.2304
301.2326
301.2343
301.2356
301.2366
301.2373
301.2376
301.2376
301.2372
301.2365
301.2354
301.2339
301.232
301.2297
301.2269
301.2237
301.2199
301.2157
301.2109
301.2055
301.2
301.1954
301.192
301.1965
301.2021
301.2073
301.212
301.2162
301.2198
301.2229
301.2256
301.2278
301.2296
301.231
301.2321
301.2328
301.2331
301.2331
301.2327
301.2319
301.2308
301.2292
301.2273
301.2249
301.222
301.2187
301.2148
301.2104
301.2055
301.2
301.1944
301.1897
301.1873
301.1919
301.1975
301.2028
301.2076
301.2118
301.2156
301.2188
301.2215
301.2238
301.2257
301.2271
301.2282
301.2289
301.2293
301.2293
301.2289
301.2281
301.2269
301.2253
301.2233
301.2209
301.2179
301.2145
301.2105
301.2061
301.2011
301.1955
301.1897
301.185
300.8747
300.8831
300.8926
300.9015
300.9095
300.9166
300.9228
300.9281
300.9327
300.9365
300.9396
300.942
300.9438
300.945
300.9456
300.9456
300.9449
300.9436
300.9416
300.939
300.9356
300.9315
300.9266
300.9209
300.9143
300.9069
300.8985
300.8892
300.8794
300.8708
300.8833
300.8916
300.9009
300.9097
300.9175
300.9244
300.9304
300.9356
300.9401
300.9438
300.9467
300.9491
300.9508
300.952
300.9525
300.9525
300.9518
300.9505
300.9486
300.9461
300.9428
300.9388
300.9341
300.9285
300.9221
300.9148
300.9066
300.8975
300.8878
300.8793
300.8932
300.9013
300.9104
300.919
300.9266
300.9333
300.9391
300.9441
300.9483
300.9519
300.9547
300.9569
300.9586
300.9597
300.9602
300.9602
300.9595
300.9583
300.9565
300.954
300.9509
300.9471
300.9424
300.9371
300.9308
300.9237
300.9157
300.9068
300.8973
300.889
300.9024
300.9104
300.9193
300.9277
300.9351
300.9415
300.9471
300.9519
300.956
300.9594
300.9621
300.9641
300.9657
300.9668
300.9673
300.9672
300.9666
300.9654
300.9637
300.9613
300.9583
300.9546
300.9502
300.945
300.939
300.9321
300.9243
300.9156
300.9063
300.8981
300.9108
300.9186
300.9273
300.9354
300.9426
300.9489
300.9542
300.9588
300.9627
300.9659
300.9685
300.9705
300.972
300.9729
300.9734
300.9734
300.9728
300.9717
300.97
300.9678
300.9649
300.9613
300.9571
300.952
300.9462
300.9395
300.9319
300.9234
300.9143
300.9063
300.9182
300.9259
300.9344
300.9423
300.9492
300.9553
300.9605
300.9649
300.9686
300.9716
300.9741
300.976
300.9774
300.9783
300.9787
300.9787
300.9781
300.9771
300.9755
300.9733
300.9706
300.9671
300.963
300.9582
300.9525
300.946
300.9387
300.9304
300.9215
300.9136
300.9248
300.9322
300.9406
300.9483
300.955
300.9609
300.9659
300.9701
300.9736
300.9765
300.9789
300.9807
300.982
300.9829
300.9833
300.9832
300.9827
300.9817
300.9802
300.9781
300.9754
300.9721
300.9682
300.9635
300.958
300.9517
300.9445
300.9364
300.9277
300.92
300.9305
300.9378
300.946
300.9534
300.96
300.9657
300.9705
300.9745
300.9779
300.9807
300.9829
300.9846
300.9859
300.9867
300.9871
300.9871
300.9866
300.9856
300.9841
300.9821
300.9796
300.9764
300.9726
300.968
300.9627
300.9566
300.9496
300.9417
300.9331
300.9256
300.9356
300.9426
300.9506
300.9579
300.9642
300.9697
300.9744
300.9783
300.9816
300.9842
300.9864
300.988
300.9892
300.99
300.9904
300.9903
300.9898
300.9889
300.9875
300.9855
300.9831
300.98
300.9763
300.9719
300.9667
300.9607
300.9539
300.9461
300.9378
300.9303
300.9411
300.9471
300.9545
300.9616
300.9678
300.9731
300.9776
300.9814
300.9846
300.9871
300.9892
300.9907
300.9919
300.9927
300.993
300.993
300.9925
300.9916
300.9902
300.9884
300.9859
300.983
300.9793
300.975
300.9699
300.9641
300.9574
300.9498
300.9416
300.9343
300.9526
300.9525
300.958
300.9646
300.9706
300.9758
300.9802
300.9839
300.987
300.9895
300.9914
300.993
300.9941
300.9948
300.9952
300.9951
300.9947
300.9938
300.9924
300.9906
300.9883
300.9853
300.9817
300.9773
300.9722
300.9664
300.9597
300.952
300.9438
300.9367
301
300.9618
300.9615
300.9671
300.9729
300.978
300.9823
300.9859
300.9889
300.9913
300.9932
300.9947
300.9958
300.9965
300.9968
300.9968
300.9963
300.9955
300.9942
300.9924
300.99
300.9871
300.9832
300.9782
300.9725
300.9663
300.9588
300.9488
300.939
300.932
300.997
300.9628
300.9633
300.9689
300.9746
300.9796
300.9838
300.9873
300.9902
300.9926
300.9945
300.9959
300.997
300.9977
300.9981
300.998
300.9976
300.9967
300.9954
300.9937
300.9913
300.988
300.9832
300.9761
300.9679
300.9598
300.9481
300.9267
300.8933
300.8854
301.0194
300.9705
300.9659
300.9702
300.9757
300.9806
300.9848
300.9883
300.9912
300.9935
300.9954
300.9968
300.9978
300.9985
300.9989
300.9988
300.9984
300.9976
300.9963
300.9945
300.992
300.9883
300.9817
300.9707
300.9575
300.9454
300.9276
300.9023
300.867
300.8597
301.0283
300.974
300.9671
300.9709
300.9763
300.9811
300.9853
300.9887
300.9916
300.9939
300.9958
300.9972
300.9982
300.9989
300.9993
300.9992
300.9988
300.998
300.9967
300.9949
300.9924
300.9883
300.9808
300.9676
300.9519
300.9381
300.9181
300.8916
300.8556
300.8475
301.0297
300.9746
300.9673
300.971
300.9763
300.9811
300.9853
300.9887
300.9916
300.994
300.9959
300.9972
300.9982
300.9989
300.9993
300.9992
300.9988
300.998
300.9967
300.9949
300.9923
300.9882
300.9803
300.9665
300.9501
300.9359
300.9154
300.8886
300.8522
300.8433
301.026
300.9732
300.9665
300.9704
300.9757
300.9806
300.9848
300.9883
300.9912
300.9938
300.9959
300.997
300.9979
300.9986
300.9989
300.9988
300.9984
300.9975
300.9963
300.9945
300.9919
300.9878
300.9799
300.966
300.9496
300.9354
300.9149
300.8884
300.8531
300.8427
300.9929
300.9676
300.9645
300.9691
300.9746
300.9796
300.9838
300.9874
300.9905
300.9936
300.9966
300.997
300.9973
300.9978
300.9981
300.998
300.9976
300.9967
300.9954
300.9936
300.9911
300.987
300.9794
300.9661
300.9504
300.9366
300.917
300.8941
300.8799
300.8503
300.9962
300.9608
300.9613
300.9671
300.9729
300.978
300.9823
300.986
300.9894
300.9934
300.9975
300.9968
300.9963
300.9966
300.9968
300.9968
300.9963
300.9955
300.9942
300.9923
300.9898
300.986
300.9793
300.9682
300.9549
300.943
300.9276
300.915
300.9058
300.897
300.9498
300.9515
300.9578
300.9646
300.9706
300.9758
300.9802
300.9839
300.9872
300.9905
300.9935
300.994
300.9943
300.9949
300.9952
300.9951
300.9946
300.9938
300.9924
300.9906
300.9881
300.9848
300.9798
300.9726
300.9643
300.9563
300.9471
300.9385
300.9302
300.9229
300.9403
300.9468
300.9544
300.9615
300.9677
300.9731
300.9776
300.9814
300.9846
300.9874
300.9897
300.991
300.9919
300.9927
300.993
300.9929
300.9925
300.9916
300.9902
300.9883
300.9859
300.9828
300.9788
300.9736
300.9677
300.9614
300.9543
300.9468
300.939
300.9314
300.9354
300.9426
300.9505
300.9578
300.9642
300.9697
300.9743
300.9783
300.9815
300.9842
300.9864
300.988
300.9892
300.99
300.9903
300.9903
300.9898
300.9889
300.9874
300.9855
300.983
300.9799
300.9761
300.9715
300.9662
300.9602
300.9537
300.9469
300.9399
300.9315
300.9304
300.9378
300.9459
300.9534
300.96
300.9656
300.9704
300.9745
300.9779
300.9807
300.9829
300.9846
300.9859
300.9867
300.9871
300.987
300.9865
300.9856
300.9841
300.9821
300.9795
300.9763
300.9725
300.9679
300.9626
300.9566
300.9502
300.9443
300.9384
300.929
300.9247
300.9322
300.9405
300.9482
300.955
300.9608
300.9658
300.97
300.9736
300.9765
300.9788
300.9806
300.9819
300.9828
300.9832
300.9832
300.9826
300.9816
300.9801
300.978
300.9754
300.9721
300.9681
300.9634
300.958
300.9517
300.9449
300.9378
300.9305
300.9218
300.9182
300.9258
300.9343
300.9422
300.9492
300.9552
300.9604
300.9648
300.9685
300.9716
300.974
300.9759
300.9773
300.9782
300.9787
300.9786
300.978
300.977
300.9754
300.9732
300.9705
300.9671
300.9629
300.9581
300.9525
300.946
300.9387
300.9307
300.9222
300.9141
300.9107
300.9185
300.9273
300.9354
300.9425
300.9488
300.9542
300.9587
300.9626
300.9658
300.9684
300.9704
300.9719
300.9728
300.9733
300.9733
300.9727
300.9716
300.9699
300.9677
300.9648
300.9612
300.957
300.9519
300.9461
300.9394
300.9319
300.9234
300.9144
300.9064
300.9023
300.9103
300.9192
300.9276
300.935
300.9414
300.947
300.9518
300.9559
300.9592
300.9619
300.964
300.9656
300.9666
300.9671
300.9671
300.9665
300.9653
300.9636
300.9612
300.9582
300.9545
300.9501
300.9449
300.9389
300.932
300.9242
300.9155
300.9062
300.898
300.8931
300.9012
300.9103
300.9189
300.9265
300.9332
300.939
300.944
300.9482
300.9518
300.9546
300.9568
300.9585
300.9596
300.9601
300.96
300.9594
300.9582
300.9564
300.9539
300.9508
300.9469
300.9423
300.9369
300.9307
300.9236
300.9156
300.9067
300.8972
300.8889
300.8832
300.8915
300.9008
300.9096
300.9174
300.9243
300.9303
300.9355
300.9399
300.9436
300.9466
300.9489
300.9507
300.9518
300.9524
300.9523
300.9517
300.9504
300.9485
300.946
300.9427
300.9387
300.9339
300.9284
300.922
300.9147
300.9065
300.8974
300.8877
300.8792
300.8746
300.883
300.8925
300.9014
300.9094
300.9165
300.9226
300.928
300.9325
300.9364
300.9395
300.9419
300.9437
300.9449
300.9455
300.9454
300.9447
300.9434
300.9415
300.9388
300.9355
300.9314
300.9265
300.9208
300.9142
300.9068
300.8984
300.8891
300.8793
300.8707
)
;

boundaryField
{
    fmaxY
    {
        type            zeroGradient;
    }
    fminX
    {
        type            zeroGradient;
    }
    fmaxX
    {
        type            zeroGradient;
    }
    fminY
    {
        type            zeroGradient;
    }
    fminZ
    {
        type            externalWallHeatFluxTemperature;
        mode            coefficient;
        kappaMethod     solidThermo;
        kappa           none;
        h               constant 1000000;
        Ta              uniform 313;
        thicknessLayers List<scalar> 2(1 2);
        kappaLayers     List<scalar> 2(100 200);
        qr              none;
        refValue        uniform 313;
        refGradient     uniform 0;
        valueFraction   nonuniform List<scalar> 
900
(
0.04950261
0.04950261
0.04950261
0.04950261
0.04950261
0.04950261
0.04950261
0.04950261
0.04950261
0.04950261
0.04950261
0.04950261
0.04950261
0.04950261
0.04950261
0.04950261
0.04950261
0.04950261
0.04950261
0.04950261
0.04950261
0.04950261
0.04950261
0.04950261
0.04950261
0.04950261
0.04950261
0.04950261
0.04950261
0.04950261
0.04950261
0.04950261
0.04950261
0.04950261
0.04950261
0.04950261
0.04950261
0.04950261
0.04950261
0.04950261
0.04950261
0.04950261
0.04950261
0.04950261
0.04950261
0.04950261
0.04950261
0.04950261
0.04950261
0.04950261
0.04950261
0.04950261
0.04950261
0.04950261
0.04950261
0.04950261
0.04950261
0.04950261
0.04950261
0.04950261
0.04950261
0.04950261
0.04950261
0.04950261
0.04950261
0.04950261
0.04950261
0.04950261
0.04950261
0.04950261
0.04950261
0.04950261
0.04950261
0.04950261
0.04950261
0.04950261
0.04950261
0.04950261
0.04950261
0.04950261
0.04950261
0.04950261
0.04950261
0.04950261
0.04950261
0.04950261
0.04950261
0.04950261
0.04950261
0.04950261
0.04950261
0.04950261
0.04950261
0.04950261
0.04950261
0.04950261
0.04950261
0.04950261
0.04950261
0.04950261
0.04950261
0.04950261
0.04950261
0.04950261
0.04950261
0.04950261
0.04950261
0.04950261
0.04950261
0.04950261
0.04950261
0.04950261
0.04950261
0.04950261
0.04950261
0.04950261
0.04950261
0.04950261
0.04950261
0.04950261
0.04950261
0.04950261
0.04950261
0.04950261
0.04950261
0.04950261
0.04950261
0.04950261
0.04950261
0.04950261
0.04950261
0.04950261
0.04950261
0.04950261
0.04950261
0.04950261
0.04950261
0.04950261
0.04950261
0.04950261
0.04950261
0.04950261
0.04950261
0.04950261
0.04950261
0.04950261
0.04950261
0.04950261
0.04950261
0.04950261
0.04950261
0.04950261
0.04950261
0.04950261
0.04950261
0.04950261
0.04950261
0.04950261
0.04950261
0.04950261
0.04950261
0.04950261
0.04950261
0.04950261
0.04950261
0.04950261
0.04950261
0.04950261
0.04950261
0.04950261
0.04950261
0.04950261
0.04950261
0.04950261
0.04950261
0.04950261
0.04950261
0.04950261
0.04950261
0.04950261
0.04950261
0.04950261
0.04950261
0.04950261
0.04950261
0.04950261
0.04950261
0.04950261
0.04950261
0.04950261
0.04950261
0.04950261
0.04950261
0.04950261
0.04950261
0.04950261
0.04950261
0.04950261
0.04950261
0.04950261
0.04950261
0.04950261
0.04950261
0.04950261
0.04950261
0.04950261
0.04950261
0.04950261
0.04950261
0.04950261
0.04950261
0.04950261
0.04950261
0.04950261
0.04950261
0.04950261
0.04950261
0.04950261
0.04950261
0.04950261
0.04950261
0.04950261
0.04950261
0.04950261
0.04950261
0.04950261
0.04950261
0.04950261
0.04950261
0.04950261
0.04950261
0.04950261
0.04950261
0.04950261
0.04950261
0.04950261
0.04950261
0.04950261
0.04950261
0.04950261
0.04950261
0.04950261
0.04950261
0.04950261
0.04950261
0.04950261
0.04950261
0.04950261
0.04950261
0.04950261
0.04950261
0.04950261
0.04950261
0.04950261
0.04950261
0.04950261
0.04950261
0.04950261
0.04950261
0.04950261
0.04950261
0.04950261
0.04950261
0.04950261
0.04950261
0.04950261
0.04950261
0.04950261
0.04950261
0.04950261
0.04950261
0.04950261
0.04950261
0.04950261
0.04950261
0.04950261
0.04950261
0.04950261
0.04950261
0.04950261
0.04950261
0.04950261
0.04950261
0.04950261
0.04950261
0.04950261
0.04950261
0.04950261
0.04950261
0.04950261
0.04950261
0.04950261
0.04950261
0.04950261
0.04950261
0.04950261
0.04950261
0.04950261
0.04950261
0.04950261
0.04950261
0.04950261
0.04950261
0.04950261
0.04950261
0.04950261
0.04950261
0.04950261
0.04950261
0.04950261
0.04950261
0.04950261
0.04950261
0.04950261
0.04950261
0.04950261
0.04950261
0.04950261
0.04950261
0.04950261
0.04950261
0.04950261
0.04950261
0.04950261
0.04950261
0.04950261
0.04950261
0.04950261
0.04950261
0.04950261
0.04950261
0.04950261
0.04950261
0.04950261
0.04950261
0.04950261
0.04950261
0.04950261
0.04950261
0.04950261
0.04950261
0.04950261
0.04950261
0.04950261
0.04950261
0.04950261
0.04950261
0.04950261
0.04950261
0.04950261
0.04950261
0.04950261
0.04950261
0.04950261
0.04950261
0.04950261
0.04950261
0.04950261
0.04950261
0.04950261
0.04950261
0.04950261
0.04950261
0.04950261
0.04950261
0.04950261
0.04950261
0.04950261
0.04950261
0.04950261
0.04950261
0.04950261
0.04950261
0.04950261
0.04950261
0.04950261
0.04950261
0.04950261
0.04950261
0.04950261
0.04950261
0.04950261
0.04950261
0.04950261
0.04950261
0.04950261
0.04950261
0.04950261
0.04950261
0.04950261
0.04950261
0.04950261
0.04950261
0.04950261
0.04950261
0.04950261
0.04950261
0.04950261
0.04950261
0.04950261
0.04950261
0.04950261
0.04950261
0.04950261
0.04950261
0.04950261
0.04950261
0.04950261
0.04950261
0.04950261
0.04950261
0.04950261
0.04950261
0.04950261
0.04950261
0.04950261
0.04950261
0.04950261
0.04950261
0.04950261
0.04950261
0.04950261
0.04950261
0.04950261
0.04950261
0.04950261
0.04950261
0.04950261
0.04950261
0.04950261
0.04950261
0.04950261
0.04950261
0.04950261
0.04950261
0.04950261
0.04950261
0.04950261
0.04950261
0.04950261
0.04950261
0.04950261
0.04950261
0.04950261
0.04950261
0.04950261
0.04950261
0.04950261
0.04950261
0.04950261
0.04950261
0.04950261
0.04950261
0.04950261
0.04950261
0.04950261
0.04950261
0.04950261
0.04950261
0.04950261
0.04950261
0.04950261
0.04950261
0.04950261
0.04950261
0.04950261
0.04950261
0.04950261
0.04950261
0.04950261
0.04950261
0.04950261
0.04950261
0.04950261
0.04950261
0.04950261
0.04950261
0.04950261
0.04950261
0.04950261
0.04950261
0.04950261
0.04950261
0.04950261
0.04950261
0.04950261
0.04950261
0.04950261
0.04950261
0.04950261
0.04950261
0.04950261
0.04950261
0.04950261
0.04950261
0.04950261
0.04950261
0.04950261
0.04950261
0.04950261
0.04950261
0.04950261
0.04950261
0.04950261
0.04950261
0.04950261
0.04950261
0.04950261
0.04950261
0.04950261
0.04950261
0.04950261
0.04950261
0.04950261
0.04950261
0.04950261
0.04950261
0.04950261
0.04950261
0.04950261
0.04950261
0.04950261
0.04950261
0.04950261
0.04950261
0.04950261
0.04950261
0.04950261
0.04950261
0.04950261
0.04950261
0.04950261
0.04950261
0.04950261
0.04950261
0.04950261
0.04950261
0.04950261
0.04950261
0.04950261
0.04950261
0.04950261
0.04950261
0.04950261
0.04950261
0.04950261
0.04950261
0.04950261
0.04950261
0.04950261
0.04950261
0.04950261
0.04950261
0.04950261
0.04950261
0.04950261
0.04950261
0.04950261
0.04950261
0.04950261
0.04950261
0.04950261
0.04950261
0.04950261
0.04950261
0.04950261
0.04950261
0.04950261
0.04950261
0.04950261
0.04950261
0.04950261
0.04950261
0.04950261
0.04950261
0.04950261
0.04950261
0.04950261
0.04950261
0.04950261
0.04950261
0.04950261
0.04950261
0.04950261
0.04950261
0.04950261
0.04950261
0.04950261
0.04950261
0.04950261
0.04950261
0.04950261
0.04950261
0.04950261
0.04950261
0.04950261
0.04950261
0.04950261
0.04950261
0.04950261
0.04950261
0.04950261
0.04950261
0.04950261
0.04950261
0.04950261
0.04950261
0.04950261
0.04950261
0.04950261
0.04950261
0.04950261
0.04950261
0.04950261
0.04950261
0.04950261
0.04950261
0.04950261
0.04950261
0.04950261
0.04950261
0.04950261
0.04950261
0.04950261
0.04950261
0.04950261
0.04950261
0.04950261
0.04950261
0.04950261
0.04950261
0.04950261
0.04950261
0.04950261
0.04950261
0.04950261
0.04950261
0.04950261
0.04950261
0.04950261
0.04950261
0.04950261
0.04950261
0.04950261
0.04950261
0.04950261
0.04950261
0.04950261
0.04950261
0.04950261
0.04950261
0.04950261
0.04950261
0.04950261
0.04950261
0.04950261
0.04950261
0.04950261
0.04950261
0.04950261
0.04950261
0.04950261
0.04950261
0.04950261
0.04950261
0.04950261
0.04950261
0.04950261
0.04950261
0.04950261
0.04950261
0.04950261
0.04950261
0.04950261
0.04950261
0.04950261
0.04950261
0.04950261
0.04950261
0.04950261
0.04950261
0.04950261
0.04950261
0.04950261
0.04950261
0.04950261
0.04950261
0.04950261
0.04950261
0.04950261
0.04950261
0.04950261
0.04950261
0.04950261
0.04950261
0.04950261
0.04950261
0.04950261
0.04950261
0.04950261
0.04950261
0.04950261
0.04950261
0.04950261
0.04950261
0.04950261
0.04950261
0.04950261
0.04950261
0.04950261
0.04950261
0.04950261
0.04950261
0.04950261
0.04950261
0.04950261
0.04950261
0.04950261
0.04950261
0.04950261
0.04950261
0.04950261
0.04950261
0.04950261
0.04950261
0.04950261
0.04950261
0.04950261
0.04950261
0.04950261
0.04950261
0.04950261
0.04950261
0.04950261
0.04950261
0.04950261
0.04950261
0.04950261
0.04950261
0.04950261
0.04950261
0.04950261
0.04950261
0.04950261
0.04950261
0.04950261
0.04950261
0.04950261
0.04950261
0.04950261
0.04950261
0.04950261
0.04950261
0.04950261
0.04950261
0.04950261
0.04950261
0.04950261
0.04950261
0.04950261
0.04950261
0.04950261
0.04950261
0.04950261
0.04950261
0.04950261
0.04950261
0.04950261
0.04950261
0.04950261
0.04950261
0.04950261
0.04950261
0.04950261
0.04950261
0.04950261
0.04950261
0.04950261
0.04950261
0.04950261
0.04950261
0.04950261
0.04950261
0.04950261
0.04950261
0.04950261
0.04950261
0.04950261
0.04950261
0.04950261
0.04950261
0.04950261
0.04950261
0.04950261
0.04950261
0.04950261
0.04950261
0.04950261
0.04950261
0.04950261
0.04950261
0.04950261
0.04950261
0.04950261
0.04950261
0.04950261
0.04950261
0.04950261
0.04950261
0.04950261
0.04950261
0.04950261
0.04950261
0.04950261
0.04950261
0.04950261
0.04950261
0.04950261
0.04950261
0.04950261
0.04950261
0.04950261
0.04950261
0.04950261
0.04950261
0.04950261
0.04950261
0.04950261
0.04950261
0.04950261
0.04950261
0.04950261
0.04950261
0.04950261
0.04950261
0.04950261
0.04950261
0.04950261
0.04950261
0.04950261
0.04950261
0.04950261
0.04950261
0.04950261
0.04950261
0.04950261
0.04950261
0.04950261
0.04950261
0.04950261
0.04950261
0.04950261
0.04950261
0.04950261
0.04950261
0.04950261
0.04950261
0.04950261
0.04950261
0.04950261
0.04950261
0.04950261
0.04950261
0.04950261
0.04950261
0.04950261
0.04950261
0.04950261
0.04950261
0.04950261
0.04950261
0.04950261
0.04950261
0.04950261
0.04950261
0.04950261
0.04950261
0.04950261
0.04950261
0.04950261
0.04950261
0.04950261
0.04950261
0.04950261
0.04950261
0.04950261
0.04950261
0.04950261
0.04950261
0.04950261
0.04950261
0.04950261
0.04950261
0.04950261
0.04950261
0.04950261
0.04950261
0.04950261
0.04950261
0.04950261
)
;
        value           nonuniform List<scalar> 
900
(
302.428
302.4307
302.4342
302.4376
302.4406
302.4434
302.4458
302.4479
302.4498
302.4519
302.4562
302.4654
302.4651
302.4749
302.4794
302.4802
302.479
302.4733
302.4637
302.4546
302.4515
302.4497
302.4478
302.4457
302.4433
302.4406
302.4375
302.4341
302.4306
302.4279
302.4306
302.4333
302.4368
302.4401
302.4431
302.4458
302.4481
302.4502
302.452
302.4537
302.4559
302.4592
302.46
302.4638
302.4656
302.466
302.4654
302.4631
302.4588
302.4554
302.4535
302.4519
302.4502
302.4481
302.4457
302.4431
302.44
302.4367
302.4333
302.4306
302.434
302.4367
302.4401
302.4433
302.4462
302.4488
302.4511
302.4531
302.4548
302.4563
302.4576
302.459
302.4598
302.461
302.4616
302.4617
302.4614
302.4605
302.459
302.4575
302.4562
302.4548
302.4531
302.4511
302.4488
302.4462
302.4432
302.44
302.4366
302.4339
302.4373
302.4399
302.4432
302.4464
302.4492
302.4517
302.4539
302.4559
302.4575
302.4588
302.46
302.4609
302.4616
302.4622
302.4624
302.4625
302.4622
302.4617
302.4609
302.46
302.4588
302.4575
302.4558
302.4539
302.4517
302.4492
302.4463
302.4431
302.4398
302.4372
302.4402
302.4428
302.446
302.4491
302.4519
302.4543
302.4564
302.4583
302.4598
302.4611
302.4622
302.463
302.4636
302.4641
302.4643
302.4643
302.4641
302.4637
302.463
302.4622
302.4611
302.4598
302.4582
302.4564
302.4543
302.4518
302.449
302.4459
302.4427
302.4402
302.4429
302.4454
302.4485
302.4515
302.4542
302.4566
302.4586
302.4604
302.4619
302.4631
302.4641
302.4649
302.4655
302.4659
302.4661
302.4661
302.4659
302.4655
302.4649
302.4641
302.4631
302.4618
302.4603
302.4586
302.4565
302.4541
302.4514
302.4484
302.4453
302.4428
302.4451
302.4476
302.4507
302.4536
302.4562
302.4585
302.4605
302.4622
302.4636
302.4648
302.4657
302.4665
302.467
302.4674
302.4676
302.4676
302.4674
302.467
302.4665
302.4657
302.4648
302.4636
302.4621
302.4604
302.4584
302.4561
302.4535
302.4506
302.4475
302.445
302.4471
302.4495
302.4525
302.4554
302.4579
302.4601
302.462
302.4637
302.4651
302.4662
302.4671
302.4678
302.4684
302.4687
302.4689
302.4689
302.4687
302.4684
302.4679
302.4671
302.4662
302.465
302.4636
302.462
302.4601
302.4578
302.4553
302.4524
302.4494
302.447
302.4488
302.4512
302.4541
302.4569
302.4593
302.4615
302.4634
302.4649
302.4663
302.4674
302.4682
302.4689
302.4694
302.4698
302.4699
302.4699
302.4698
302.4696
302.4693
302.4684
302.4674
302.4662
302.4649
302.4633
302.4614
302.4593
302.4568
302.454
302.4511
302.4487
302.4502
302.4525
302.4554
302.4581
302.4605
302.4626
302.4644
302.466
302.4673
302.4683
302.4692
302.4698
302.4703
302.4706
302.4708
302.4708
302.4708
302.471
302.4712
302.4698
302.4685
302.4673
302.4659
302.4644
302.4626
302.4605
302.4581
302.4553
302.4524
302.4501
302.4514
302.4536
302.4565
302.4591
302.4615
302.4636
302.4653
302.4668
302.4681
302.4691
302.4699
302.4705
302.471
302.4713
302.4715
302.4715
302.4717
302.4724
302.4734
302.4713
302.4694
302.4681
302.4668
302.4653
302.4635
302.4614
302.4591
302.4564
302.4536
302.4513
302.4523
302.4545
302.4573
302.4599
302.4623
302.4643
302.466
302.4674
302.4687
302.4697
302.4705
302.4711
302.4715
302.4718
302.472
302.472
302.472
302.4722
302.4725
302.4711
302.4698
302.4687
302.4674
302.4659
302.4642
302.4622
302.4599
302.4572
302.4544
302.4522
302.453
302.4552
302.4579
302.4605
302.4628
302.4648
302.4665
302.4679
302.4691
302.4701
302.4709
302.4715
302.4719
302.4722
302.4724
302.4724
302.4723
302.4721
302.4718
302.471
302.4701
302.4691
302.4679
302.4664
302.4647
302.4627
302.4604
302.4578
302.4551
302.4529
302.4534
302.4556
302.4583
302.4609
302.4632
302.4651
302.4668
302.4682
302.4694
302.4704
302.4712
302.4718
302.4722
302.4725
302.4726
302.4726
302.4725
302.4722
302.4718
302.4712
302.4704
302.4694
302.4682
302.4668
302.4651
302.4631
302.4608
302.4582
302.4555
302.4533
302.4536
302.4558
302.4585
302.4611
302.4634
302.4653
302.467
302.4684
302.4696
302.4705
302.4713
302.4719
302.4723
302.4726
302.4728
302.4728
302.4726
302.4723
302.4719
302.4713
302.4705
302.4695
302.4683
302.4669
302.4652
302.4633
302.461
302.4584
302.4557
302.4535
302.4536
302.4558
302.4585
302.4611
302.4633
302.4653
302.467
302.4684
302.4695
302.4705
302.4713
302.4719
302.4723
302.4726
302.4727
302.4727
302.4726
302.4723
302.4719
302.4713
302.4705
302.4695
302.4683
302.4669
302.4652
302.4633
302.461
302.4584
302.4557
302.4535
302.4534
302.4556
302.4583
302.4609
302.4631
302.4651
302.4668
302.4682
302.4694
302.4703
302.4711
302.4717
302.4722
302.4725
302.4726
302.4726
302.4725
302.4722
302.4717
302.4711
302.4703
302.4693
302.4681
302.4667
302.465
302.4631
302.4608
302.4582
302.4555
302.4533
302.4529
302.4551
302.4578
302.4604
302.4627
302.4647
302.4664
302.4678
302.469
302.47
302.4708
302.4714
302.4719
302.4722
302.4723
302.4723
302.4722
302.4719
302.4714
302.4708
302.47
302.469
302.4678
302.4663
302.4646
302.4627
302.4604
302.4578
302.455
302.4528
302.4522
302.4544
302.4572
302.4598
302.4621
302.4641
302.4658
302.4673
302.4685
302.4695
302.4703
302.4709
302.4714
302.4717
302.4718
302.4718
302.4717
302.4714
302.4709
302.4703
302.4695
302.4685
302.4673
302.4658
302.4641
302.462
302.4597
302.4571
302.4543
302.4521
302.4512
302.4534
302.4563
302.4589
302.4613
302.4633
302.4651
302.4666
302.4678
302.4688
302.4696
302.4703
302.4707
302.471
302.4712
302.4712
302.471
302.4707
302.4702
302.4696
302.4688
302.4678
302.4665
302.465
302.4633
302.4612
302.4588
302.4562
302.4534
302.4511
302.45
302.4522
302.4551
302.4578
302.4602
302.4623
302.4641
302.4656
302.4669
302.4679
302.4688
302.4694
302.4698
302.4701
302.4702
302.4701
302.47
302.4697
302.4692
302.4687
302.4679
302.4668
302.4656
302.464
302.4622
302.4601
302.4577
302.455
302.4521
302.4499
302.4484
302.4508
302.4537
302.4564
302.4589
302.461
302.4629
302.4644
302.4658
302.4668
302.4677
302.4683
302.4685
302.4683
302.4682
302.4681
302.468
302.4677
302.4675
302.4673
302.4667
302.4657
302.4644
302.4628
302.461
302.4588
302.4564
302.4536
302.4507
302.4483
302.4466
302.449
302.452
302.4548
302.4573
302.4595
302.4614
302.463
302.4644
302.4655
302.4663
302.4667
302.4662
302.4647
302.4639
302.4636
302.4634
302.4634
302.4639
302.465
302.4651
302.4643
302.463
302.4613
302.4594
302.4572
302.4547
302.4519
302.4489
302.4465
302.4445
302.4469
302.45
302.4529
302.4554
302.4577
302.4597
302.4613
302.4627
302.4639
302.4646
302.4646
302.4625
302.4582
302.4558
302.455
302.4548
302.4552
302.4573
302.4612
302.4629
302.4625
302.4613
302.4596
302.4576
302.4554
302.4528
302.4499
302.4468
302.4444
302.4421
302.4446
302.4477
302.4506
302.4533
302.4556
302.4576
302.4594
302.4608
302.462
302.4627
302.4622
302.4584
302.4507
302.4466
302.4454
302.4452
302.446
302.4498
302.4571
302.4604
302.4605
302.4593
302.4576
302.4556
302.4532
302.4506
302.4476
302.4445
302.442
302.4394
302.4419
302.445
302.4481
302.4508
302.4532
302.4553
302.4571
302.4586
302.4598
302.4605
302.4598
302.455
302.4449
302.4398
302.4383
302.4381
302.4392
302.444
302.4536
302.4579
302.4583
302.4571
302.4553
302.4532
302.4507
302.448
302.445
302.4418
302.4393
302.4363
302.4388
302.4421
302.4452
302.448
302.4505
302.4526
302.4545
302.4561
302.4573
302.458
302.457
302.4506
302.4376
302.4314
302.4296
302.4294
302.4309
302.4373
302.4498
302.4553
302.4559
302.455
302.4529
302.4505
302.448
302.4451
302.442
302.4388
302.4362
302.4329
302.4355
302.4388
302.442
302.4449
302.4474
302.4497
302.4516
302.4532
302.4546
302.4552
302.4536
302.4446
302.4303
302.4235
302.4215
302.4213
302.4235
302.4325
302.4466
302.4526
302.4538
302.4534
302.4506
302.4477
302.4449
302.4419
302.4387
302.4354
302.4328
302.4294
302.4321
302.4354
302.4387
302.4417
302.4443
302.4466
302.4486
302.4503
302.4516
302.4524
302.4507
302.4407
302.4263
302.419
302.4167
302.4164
302.4194
302.4293
302.4437
302.45
302.4518
302.4523
302.4485
302.4448
302.4417
302.4387
302.4354
302.432
302.4293
302.4267
302.4293
302.4328
302.4361
302.4391
302.4418
302.4441
302.4462
302.4479
302.4493
302.4502
302.4487
302.4391
302.4253
302.4174
302.4145
302.4139
302.4162
302.4269
302.4414
302.4474
302.4488
302.4486
302.4454
302.4421
302.4391
302.436
302.4327
302.4293
302.4266
)
;
    }
    floor_to_air
    {
        type            compressible::turbulentTemperatureRadCoupledMixed;
        refValue        nonuniform List<scalar> 
900
(
300.1437
300.1449
300.1463
300.1478
300.1491
300.1504
300.1516
300.1528
300.1538
300.1548
300.1557
300.1564
300.1569
300.1573
300.1575
300.1575
300.1572
300.1568
300.1563
300.1555
300.1546
300.1536
300.1525
300.1514
300.1501
300.1488
300.1474
300.1459
300.1444
300.1432
300.1449
300.1462
300.1477
300.1492
300.1506
300.1519
300.1532
300.1543
300.1554
300.1564
300.1573
300.158
300.1586
300.159
300.1592
300.1592
300.159
300.1586
300.1579
300.1572
300.1563
300.1552
300.1541
300.1529
300.1516
300.1502
300.1488
300.1473
300.1458
300.1444
300.1464
300.1477
300.1493
300.1508
300.1522
300.1536
300.1549
300.1561
300.1573
300.1584
300.1593
300.1601
300.1607
300.1611
300.1613
300.1613
300.1611
300.1606
300.16
300.1592
300.1582
300.1571
300.1559
300.1546
300.1533
300.1519
300.1504
300.1488
300.1473
300.1459
300.1478
300.1492
300.1508
300.1524
300.1539
300.1553
300.1567
300.158
300.1592
300.1603
300.1614
300.1622
300.1629
300.1634
300.1636
300.1636
300.1634
300.1629
300.1621
300.1612
300.1602
300.159
300.1577
300.1564
300.1549
300.1535
300.152
300.1504
300.1487
300.1473
300.1492
300.1507
300.1523
300.1539
300.1555
300.157
300.1584
300.1598
300.1611
300.1624
300.1635
300.1645
300.1653
300.1658
300.1661
300.1661
300.1658
300.1652
300.1644
300.1634
300.1622
300.1609
300.1595
300.1581
300.1566
300.155
300.1535
300.1518
300.1501
300.1487
300.1506
300.152
300.1537
300.1554
300.157
300.1586
300.1601
300.1616
300.1631
300.1645
300.1658
300.1669
300.1679
300.1685
300.1688
300.1688
300.1685
300.1678
300.1668
300.1657
300.1643
300.1629
300.1614
300.1598
300.1582
300.1565
300.1549
300.1532
300.1515
300.15
300.1518
300.1533
300.1551
300.1568
300.1585
300.1602
300.1618
300.1635
300.1652
300.1668
300.1683
300.1696
300.1707
300.1714
300.1718
300.1718
300.1714
300.1706
300.1695
300.1681
300.1666
300.1649
300.1632
300.1615
300.1597
300.158
300.1563
300.1545
300.1527
300.1512
300.153
300.1545
300.1563
300.1581
300.1599
300.1617
300.1636
300.1654
300.1673
300.1691
300.1709
300.1724
300.1737
300.1746
300.1751
300.1751
300.1746
300.1737
300.1723
300.1707
300.1689
300.167
300.1651
300.1632
300.1613
300.1594
300.1576
300.1557
300.1539
300.1523
300.1541
300.1557
300.1575
300.1594
300.1613
300.1632
300.1653
300.1673
300.1695
300.1716
300.1737
300.1755
300.1771
300.1783
300.1789
300.1789
300.1782
300.1771
300.1754
300.1735
300.1714
300.1692
300.167
300.1648
300.1628
300.1607
300.1588
300.1568
300.1549
300.1533
300.1552
300.1568
300.1586
300.1606
300.1626
300.1647
300.1669
300.1692
300.1716
300.1741
300.1766
300.1788
300.1807
300.1821
300.1828
300.1828
300.1821
300.1806
300.1787
300.1764
300.1739
300.1713
300.1688
300.1664
300.1642
300.162
300.1599
300.1578
300.1559
300.1542
300.1565
300.1578
300.1597
300.1617
300.1638
300.166
300.1684
300.171
300.1737
300.1766
300.1794
300.1821
300.1843
300.186
300.1868
300.1868
300.1859
300.1842
300.1819
300.1792
300.1764
300.1734
300.1706
300.1679
300.1654
300.163
300.1608
300.1586
300.1566
300.1549
300.159
300.1589
300.1605
300.1626
300.1648
300.1672
300.1698
300.1726
300.1756
300.1789
300.1821
300.1851
300.1876
300.1894
300.1904
300.1904
300.1894
300.1875
300.185
300.1819
300.1786
300.1753
300.1721
300.1691
300.1664
300.1638
300.1614
300.159
300.1567
300.1549
300.1595
300.1595
300.1612
300.1633
300.1656
300.1681
300.1709
300.1739
300.1773
300.1808
300.1844
300.1876
300.1904
300.1924
300.1935
300.1935
300.1924
300.1903
300.1875
300.1842
300.1805
300.1768
300.1733
300.17
300.1669
300.1641
300.1613
300.1583
300.1549
300.1527
300.1606
300.1602
300.1617
300.1638
300.1662
300.1688
300.1716
300.1748
300.1784
300.1822
300.186
300.1895
300.1924
300.1947
300.1959
300.1959
300.1946
300.1923
300.1893
300.1858
300.1819
300.1779
300.174
300.1704
300.1669
300.1638
300.1607
300.1574
300.1538
300.1516
300.1611
300.1605
300.162
300.1641
300.1665
300.1691
300.172
300.1753
300.1791
300.183
300.1869
300.1905
300.1936
300.1959
300.1972
300.1972
300.1959
300.1935
300.1903
300.1867
300.1826
300.1785
300.1744
300.1705
300.1669
300.1636
300.1604
300.157
300.1533
300.151
300.1612
300.1606
300.162
300.1641
300.1665
300.1691
300.172
300.1753
300.1791
300.183
300.1869
300.1905
300.1936
300.1959
300.1972
300.1972
300.1959
300.1935
300.1903
300.1867
300.1826
300.1785
300.1744
300.1704
300.1668
300.1635
300.1602
300.1568
300.153
300.1507
300.1608
300.1603
300.1618
300.1638
300.1662
300.1688
300.1716
300.1748
300.1784
300.1822
300.1861
300.1895
300.1924
300.1947
300.1959
300.1959
300.1946
300.1923
300.1893
300.1858
300.1818
300.1779
300.1739
300.17
300.1664
300.1632
300.16
300.1566
300.153
300.1507
300.1592
300.1597
300.1613
300.1633
300.1656
300.1681
300.1709
300.1739
300.1773
300.1809
300.1845
300.1877
300.1904
300.1924
300.1935
300.1935
300.1924
300.1903
300.1875
300.1841
300.1804
300.1767
300.173
300.1694
300.1659
300.1628
300.1597
300.1567
300.154
300.1513
300.1588
300.1589
300.1605
300.1626
300.1648
300.1672
300.1698
300.1726
300.1757
300.179
300.1823
300.1853
300.1877
300.1894
300.1904
300.1904
300.1894
300.1875
300.185
300.1819
300.1785
300.1751
300.1718
300.1685
300.1654
300.1625
300.1597
300.1572
300.1549
300.1531
300.1564
300.1578
300.1596
300.1616
300.1638
300.166
300.1684
300.171
300.1737
300.1767
300.1795
300.1821
300.1843
300.186
300.1868
300.1868
300.1859
300.1842
300.1819
300.1792
300.1763
300.1733
300.1704
300.1675
300.1648
300.1623
300.1599
300.1577
300.1556
300.1539
300.1552
300.1568
300.1586
300.1606
300.1626
300.1647
300.1669
300.1692
300.1716
300.1741
300.1766
300.1788
300.1807
300.1821
300.1828
300.1828
300.182
300.1806
300.1787
300.1764
300.1738
300.1712
300.1687
300.1662
300.1639
300.1616
300.1595
300.1575
300.1555
300.1538
300.1541
300.1557
300.1575
300.1594
300.1613
300.1632
300.1652
300.1673
300.1694
300.1716
300.1737
300.1755
300.1771
300.1783
300.1789
300.1788
300.1782
300.177
300.1754
300.1734
300.1713
300.1691
300.1669
300.1647
300.1626
300.1606
300.1586
300.1567
300.1549
300.1532
300.153
300.1545
300.1563
300.1581
300.1599
300.1617
300.1636
300.1654
300.1673
300.1691
300.1709
300.1724
300.1737
300.1746
300.1751
300.1751
300.1746
300.1736
300.1723
300.1707
300.1689
300.167
300.165
300.1631
300.1612
300.1593
300.1575
300.1557
300.154
300.1524
300.1518
300.1533
300.1551
300.1568
300.1585
300.1602
300.1618
300.1635
300.1652
300.1668
300.1682
300.1696
300.1706
300.1714
300.1718
300.1717
300.1713
300.1705
300.1694
300.1681
300.1665
300.1649
300.1632
300.1614
300.1597
300.1579
300.1562
300.1545
300.1527
300.1512
300.1506
300.152
300.1537
300.1554
300.157
300.1586
300.1601
300.1616
300.1631
300.1645
300.1658
300.1669
300.1678
300.1685
300.1688
300.1688
300.1684
300.1677
300.1668
300.1656
300.1643
300.1628
300.1613
300.1597
300.1581
300.1565
300.1548
300.1531
300.1514
300.1499
300.1492
300.1507
300.1523
300.1539
300.1555
300.1569
300.1584
300.1598
300.1611
300.1624
300.1635
300.1645
300.1653
300.1658
300.1661
300.1661
300.1658
300.1652
300.1644
300.1633
300.1622
300.1609
300.1595
300.158
300.1565
300.155
300.1534
300.1518
300.1501
300.1486
300.1478
300.1492
300.1508
300.1524
300.1539
300.1553
300.1567
300.158
300.1592
300.1603
300.1613
300.1622
300.1629
300.1634
300.1636
300.1636
300.1633
300.1628
300.1621
300.1612
300.1601
300.1589
300.1576
300.1563
300.1549
300.1534
300.1519
300.1503
300.1487
300.1472
300.1464
300.1477
300.1493
300.1508
300.1522
300.1536
300.1549
300.1561
300.1573
300.1583
300.1593
300.16
300.1607
300.1611
300.1613
300.1613
300.161
300.1606
300.1599
300.1591
300.1581
300.157
300.1558
300.1546
300.1532
300.1518
300.1503
300.1488
300.1472
300.1458
300.1449
300.1462
300.1477
300.1492
300.1506
300.1519
300.1531
300.1543
300.1554
300.1564
300.1573
300.158
300.1586
300.159
300.1592
300.1591
300.1589
300.1585
300.1579
300.1571
300.1562
300.1552
300.154
300.1528
300.1515
300.1501
300.1487
300.1472
300.1457
300.1444
300.1437
300.1449
300.1463
300.1478
300.1491
300.1504
300.1516
300.1528
300.1538
300.1548
300.1556
300.1563
300.1569
300.1572
300.1574
300.1574
300.1572
300.1568
300.1562
300.1555
300.1546
300.1536
300.1525
300.1513
300.15
300.1487
300.1473
300.1458
300.1444
300.1432
)
;
        refGradient     nonuniform List<scalar> 
900
(
0.2086944
0.2493293
0.2860597
0.3190518
0.3484349
0.3743433
0.3969329
0.4163718
0.4331442
0.447175
0.4583547
0.466969
0.4735058
0.4779437
0.4801297
0.4799053
0.4773588
0.4725698
0.4654588
0.4559977
0.4438761
0.4288852
0.4110347
0.3903389
0.3664963
0.339359
0.3087878
0.274659
0.2368519
0.1952065
0.25076
0.2906703
0.3266217
0.3588019
0.3873624
0.4124595
0.4342666
0.4529651
0.4690462
0.4824563
0.4931205
0.5013304
0.5075429
0.5117491
0.5138011
0.5135749
0.5111563
0.5065895
0.4997835
0.4906984
0.4790559
0.4646478
0.4474449
0.4274352
0.4043242
0.37795
0.3481562
0.3147975
0.2777319
0.2367778
0.2889879
0.3281246
0.3632539
0.3945845
0.4222892
0.4465457
0.467545
0.4854811
0.5008534
0.5136252
0.5237592
0.5315518
0.5374282
0.541398
0.5433202
0.5430959
0.540798
0.536458
0.5299674
0.5212712
0.5101216
0.496312
0.4797738
0.4604709
0.4381159
0.412534
0.383551
0.3510011
0.314721
0.2745085
0.3235363
0.3618722
0.3961574
0.4266207
0.4534558
0.4768609
0.4970439
0.5142165
0.5288704
0.5410006
0.5506005
0.5579695
0.5635075
0.5672409
0.5690351
0.5688136
0.5666342
0.562521
0.5563477
0.5480457
0.5373921
0.5241828
0.5083158
0.4897215
0.4681305
0.4433516
0.4151937
0.3834712
0.3480001
0.3085582
0.3545234
0.3920529
0.4254934
0.4550928
0.4810646
0.5036263
0.5230021
0.5394238
0.5533666
0.5648651
0.5739376
0.5808866
0.5860911
0.5895934
0.5912679
0.5910459
0.5889811
0.5850888
0.5792276
0.5713155
0.56115
0.5485301
0.5333243
0.5154268
0.4945902
0.4706067
0.4432687
0.4123715
0.3777117
0.3390478
0.3820697
0.4188089
0.4514251
0.4801841
0.5053179
0.5270623
0.5456585
0.5613538
0.5746092
0.5854983
0.594061
0.6006026
0.6054849
0.6087658
0.610329
0.6101034
0.6081495
0.6044676
0.5989068
0.5913715
0.5816758
0.5696221
0.5550522
0.5378264
0.5177179
0.4945044
0.4679619
0.4378683
0.4040013
0.3661014
0.4063097
0.4422924
0.4741226
0.5020822
0.5264207
0.5473909
0.5652495
0.5802568
0.5928655
0.6031764
0.6112593
0.6174116
0.6219899
0.6250617
0.626522
0.626291
0.6244418
0.620958
0.6156798
0.6085002
0.5992466
0.587726
0.5737524
0.5571599
0.5377382
0.5152531
0.4894658
0.460137
0.4270272
0.3898602
0.427385
0.4626598
0.493756
0.5209739
0.5445765
0.5648304
0.5820063
0.596377
0.6083907
0.618165
0.6258039
0.6315957
0.6358939
0.6387752
0.6401368
0.6399007
0.6381493
0.6348477
0.6298289
0.6229765
0.6141296
0.6030992
0.5896728
0.5736635
0.5548756
0.5330627
0.5079729
0.4793541
0.446953
0.4104744
0.4455898
0.4802022
0.5106117
0.5371301
0.5600376
0.5796161
0.5961514
0.6099261
0.6213861
0.6306582
0.6378823
0.6433376
0.647375
0.6500829
0.6513501
0.6511097
0.6494499
0.6463185
0.6415422
0.6349959
0.6265297
0.6159561
0.6030399
0.5875772
0.5693859
0.5482098
0.523782
0.4958349
0.4640988
0.4282681
0.4608634
0.4949133
0.5247169
0.5506122
0.5729003
0.5918769
0.6078389
0.6210787
0.6320422
0.6408665
0.6477179
0.6528721
0.6566762
0.659231
0.660411
0.6601679
0.6585891
0.6556109
0.6510515
0.6447784
0.6366527
0.6264867
0.6140288
0.5990569
0.5813992
0.5607892
0.5369507
0.5096044
0.4784667
0.4432186
0.4729415
0.5067582
0.5361209
0.5615101
0.583284
0.6017583
0.6172417
0.6300346
0.6405801
0.6490279
0.6555621
0.6604617
0.6640702
0.6664944
0.6676018
0.6673567
0.6658436
0.6629947
0.6586179
0.6525755
0.6447363
0.6349112
0.6228363
0.6082762
0.5910658
0.5709283
0.5475817
0.5207404
0.4900973
0.4553262
0.4791405
0.5157999
0.5450048
0.5700149
0.5913797
0.60945
0.6245455
0.6369762
0.6471821
0.6553292
0.6615998
0.666293
0.6697448
0.6720607
0.6731098
0.672865
0.6714064
0.6686624
0.664433
0.6585758
0.6509666
0.641419
0.6296635
0.6154596
0.598636
0.5788938
0.5559717
0.529622
0.4994151
0.4650117
0.881529
0.5228512
0.5516591
0.5763346
0.5973701
0.6151188
0.6299073
0.6420517
0.6519893
0.6598988
0.6659618
0.6704926
0.673825
0.6760532
0.6770548
0.6768089
0.6753928
0.6727324
0.668622
0.6629127
0.6554877
0.6461703
0.6347029
0.6208627
0.6044448
0.5850871
0.5626724
0.5373991
0.5095557
0.4754642
0.8850301
0.5272086
0.5560356
0.5805232
0.6013338
0.6188585
0.6334324
0.6453772
0.6551283
0.6628734
0.6687918
0.6732071
0.676455
0.6786213
0.6795892
0.6793431
0.6779564
0.6753543
0.6713281
0.6657243
0.6584332
0.6492937
0.6380842
0.6246355
0.6086895
0.5897381
0.5679092
0.5430441
0.5154677
0.4815548
0.8871305
0.5294452
0.5582419
0.5826262
0.6033198
0.6207286
0.635192
0.647032
0.6566831
0.6643414
0.6701859
0.6745397
0.6777438
0.6798788
0.6808297
0.6805833
0.6792119
0.6766398
0.6726571
0.6671079
0.6598864
0.6508414
0.6397681
0.6265209
0.6108017
0.592037
0.570431
0.545735
0.5183189
0.484583
0.8870721
0.5294273
0.5582412
0.5826292
0.6033231
0.6207319
0.6351952
0.6470351
0.6566858
0.6643427
0.6701848
0.6745401
0.6777452
0.6798803
0.6808312
0.6805848
0.6792133
0.6766412
0.6726585
0.6671094
0.6598887
0.6508473
0.639787
0.6265681
0.6108791
0.5921311
0.5705443
0.5458611
0.5184684
0.4847737
0.8846995
0.5271057
0.5560242
0.5805322
0.6013456
0.6188697
0.6334423
0.6453857
0.6551337
0.6628699
0.6687741
0.6732021
0.6764579
0.6786261
0.6795941
0.6793477
0.6779609
0.6753586
0.6713322
0.6657288
0.658441
0.6493178
0.6381666
0.62485
0.6090563
0.590197
0.5684929
0.5436802
0.5161373
0.482362
0.4879603
0.522609
0.5516306
0.5763501
0.5973918
0.6151403
0.6299273
0.6420685
0.6519951
0.6598677
0.6658693
0.6704581
0.6738246
0.6760616
0.6770643
0.6768182
0.6754017
0.672741
0.6686304
0.6629219
0.655504
0.6462229
0.634888
0.6213601
0.605337
0.5862482
0.5642874
0.5391162
0.5093897
0.4772936
0.8738744
0.5159063
0.5450531
0.5700545
0.5914181
0.6094873
0.624581
0.6370065
0.6471897
0.6552536
0.6613777
0.6662124
0.669743
0.6720782
0.6731297
0.6728845
0.6714254
0.6686809
0.664451
0.6585943
0.6509918
0.6414802
0.629857
0.6159652
0.5995363
0.5800625
0.5575935
0.5313707
0.5011595
0.4668095
0.4731628
0.5068781
0.5362049
0.5615878
0.5833608
0.6018347
0.6173174
0.6301079
0.6406427
0.6490536
0.6555257
0.6604824
0.6641234
0.6665548
0.6676618
0.667415
0.6659
0.6630496
0.6586715
0.6526282
0.6447908
0.6349807
0.6229632
0.6085347
0.591476
0.5714289
0.5482016
0.521393
0.490752
0.4559877
0.4610124
0.4950426
0.5248397
0.550735
0.5730242
0.5920018
0.6079642
0.6212037
0.6321642
0.6409788
0.6478145
0.6529802
0.6567902
0.6593448
0.6605229
0.6602773
0.658696
0.655715
0.6511527
0.6448764
0.6367486
0.6265843
0.6141398
0.5991999
0.5815759
0.5609817
0.5371566
0.5098008
0.4786427
0.4434071
0.4457538
0.4803666
0.5107783
0.5372996
0.5602099
0.5797909
0.5963282
0.6101042
0.6215642
0.6308345
0.6380552
0.6435108
0.6475472
0.6502525
0.651517
0.6512733
0.6496102
0.6464751
0.6416946
0.6351438
0.626673
0.6160955
0.6031776
0.5877166
0.5695267
0.5483464
0.5239023
0.4959035
0.4640899
0.4283119
0.4275963
0.4628761
0.4939775
0.5212004
0.5448077
0.5650659
0.5822456
0.5966194
0.608635
0.6184098
0.6260483
0.6318394
0.6361357
0.639014
0.6403725
0.6401327
0.6383769
0.6350704
0.630046
0.6231872
0.6143337
0.6032969
0.5898642
0.5738488
0.5550542
0.5332293
0.5081038
0.4793776
0.4468098
0.4104518
0.4065862
0.4425768
0.4744147
0.5023819
0.5267275
0.5477045
0.5655692
0.580582
0.5931948
0.6035081
0.6115924
0.6177452
0.6223223
0.6253913
0.6268483
0.6266131
0.6247587
0.6212688
0.6159833
0.6087954
0.5995329
0.5880033
0.5740205
0.5574184
0.537987
0.5154897
0.489679
0.4602931
0.4271013
0.3899826
0.3824113
0.4191608
0.4517872
0.4805561
0.5056996
0.5274533
0.546058
0.561761
0.5750223
0.5859158
0.5944815
0.6010249
0.605907
0.6091856
0.6107452
0.610515
0.6085552
0.6048661
0.5992965
0.591751
0.5820444
0.5699794
0.555398
0.53816
0.5180393
0.4948132
0.4682553
0.4381374
0.4042405
0.3663446
0.3549288
0.3924709
0.425924
0.4555357
0.4815195
0.5040926
0.5234793
0.5399108
0.5538614
0.5653659
0.5744431
0.5813952
0.5866003
0.5901008
0.5917716
0.5915448
0.5894734
0.585573
0.5797017
0.5717777
0.5615994
0.5489662
0.5337467
0.5158345
0.4949835
0.4709857
0.443633
0.4127198
0.3780434
0.3393693
0.3240035
0.3623541
0.3966541
0.427132
0.4539813
0.4774
0.4975958
0.5147802
0.5294435
0.5415813
0.5511873
0.5585606
0.5641001
0.5678322
0.5696228
0.5693962
0.5672097
0.5630875
0.556903
0.5485877
0.5379196
0.5246952
0.5088125
0.4902015
0.4685938
0.4437985
0.4156244
0.3838857
0.3483987
0.3089422
0.2895142
0.3286678
0.3638139
0.395161
0.4228819
0.4471539
0.4681678
0.4861174
0.5015007
0.5142814
0.5244229
0.5322208
0.5380995
0.5420685
0.5439873
0.5437575
0.5414523
0.5371026
0.5305999
0.5218891
0.5107237
0.4968974
0.4803418
0.4610203
0.4386467
0.4130463
0.384045
0.3514772
0.3151795
0.2749499
0.2513422
0.2912713
0.3272414
0.35944
0.3880184
0.4131327
0.434956
0.4536693
0.4697627
0.483183
0.4938558
0.502072
0.5082874
0.5124933
0.5145422
0.5143103
0.5118841
0.5073071
0.5004882
0.4913876
0.479728
0.4653021
0.4480803
0.4280504
0.4049191
0.3785246
0.3487106
0.3153321
0.2782469
0.2372737
0.2093289
0.2499843
0.2867351
0.3197472
0.3491497
0.3750767
0.397684
0.4171388
0.4339246
0.4479667
0.4591559
0.4677774
0.4743177
0.4787559
0.4809389
0.4807087
0.4781544
0.4733549
0.4662305
0.4567531
0.4446135
0.4296037
0.411733
0.3910157
0.3671513
0.3399921
0.3093991
0.2752487
0.2374204
0.1957541
)
;
        valueFraction   nonuniform List<scalar> 
900
(
0.008130059
0.008098731
0.00807074
0.008049107
0.008031582
0.008016782
0.008003919
0.007992514
0.007982322
0.007973273
0.007965431
0.007958943
0.007954
0.007950797
0.007949494
0.0079502
0.007952904
0.007957504
0.007963845
0.00797173
0.007980959
0.007991377
0.008002909
0.00801561
0.008029709
0.008045669
0.008064268
0.008086889
0.008115807
0.008147937
0.008098573
0.008049987
0.008012069
0.007985339
0.007965133
0.007948862
0.007935097
0.007923032
0.00791227
0.007902683
0.00789432
0.007887346
0.007881981
0.007878451
0.007876945
0.007877607
0.007880424
0.007885259
0.007891931
0.007900213
0.007909876
0.007920749
0.007932773
0.007946064
0.007961008
0.007978399
0.007999671
0.008027428
0.00806639
0.008115986
0.00807035
0.008011837
0.007964932
0.007932018
0.007907719
0.007888648
0.007872803
0.007859032
0.007846751
0.007835754
0.007826085
0.007817943
0.007811608
0.007807371
0.007805473
0.007806092
0.007809216
0.007814675
0.007822236
0.007831607
0.007842503
0.007854716
0.007868196
0.00788314
0.007900124
0.007920295
0.007945668
0.007979655
0.008027699
0.008087337
0.008048412
0.007984813
0.007931731
0.00789351
0.007864949
0.007842452
0.007823726
0.007807387
0.007792714
0.007779453
0.007767669
0.007757635
0.007749737
0.007744373
0.007741871
0.007742454
0.007746114
0.007752634
0.007761694
0.007772895
0.007785851
0.007800279
0.007816109
0.007833588
0.007853432
0.007877026
0.007906675
0.007946009
0.00800029
0.008065078
0.008030511
0.007964252
0.007907094
0.007864616
0.00783199
0.007805722
0.00778347
0.007763757
0.007745798
0.007729342
0.007714527
0.007701758
0.007691587
0.007684582
0.007681209
0.007681762
0.007686233
0.007694338
0.007705619
0.007719509
0.007735455
0.007753043
0.007772132
0.007792969
0.00781633
0.007843698
0.007877427
0.007921043
0.007979442
0.008046924
0.008015275
0.007947576
0.00788764
0.007841747
0.007805355
0.007775145
0.00774885
0.007725008
0.007702858
0.007682214
0.00766335
0.007646878
0.0076336
0.007624342
0.007619776
0.0076203
0.007625911
0.007636219
0.007650563
0.007668119
0.007688082
0.007709837
0.007733102
0.007758059
0.007785463
0.007816778
0.007854285
0.007901335
0.007962537
0.008031483
0.008001926
0.007933361
0.007871374
0.007822619
0.00778271
0.007748461
0.007717695
0.007689022
0.00766177
0.007635889
0.007611863
0.007590595
0.007573247
0.007561015
0.00755487
0.007555367
0.007562504
0.007575739
0.007594112
0.007616432
0.007641535
0.007668513
0.007696874
0.007726661
0.007758539
0.0077939
0.007834934
0.007884863
0.007948135
0.008017964
0.007989994
0.007920811
0.007857153
0.007805854
0.007762585
0.007724217
0.007688623
0.007654484
0.007621249
0.007589071
0.007558719
0.007531476
0.007509054
0.007493044
0.007484829
0.007485301
0.007494455
0.007511417
0.007534824
0.007563092
0.007594504
0.007627772
0.007662117
0.007697374
0.007734086
0.007773576
0.007817982
0.007870469
0.007935431
0.008005893
0.007979237
0.007909535
0.007844399
0.007790738
0.007744203
0.007701656
0.00766097
0.007620852
0.007580878
0.007541456
0.0075037
0.007469427
0.007440761
0.007419974
0.007409123
0.007409569
0.007421309
0.007442999
0.007472605
0.007507872
0.007546678
0.007587189
0.007628279
0.007669524
0.00771134
0.00775502
0.007802705
0.007857572
0.007924032
0.007995034
0.007969568
0.0078994
0.007832908
0.007777018
0.007727315
0.007680599
0.00763469
0.007588286
0.007541074
0.007493672
0.007447951
0.007406195
0.007370577
0.007344327
0.007330407
0.007330823
0.007345573
0.007372682
0.0074092
0.007451916
0.007498679
0.007547178
0.007595516
0.007643062
0.007690117
0.007737981
0.007788853
0.00784597
0.007913818
0.007985331
0.007960914
0.007890429
0.007822721
0.007764762
0.007712059
0.007661319
0.007610268
0.007557556
0.007502954
0.0074476
0.007393831
0.007342847
0.007298455
0.007266642
0.007251408
0.007251774
0.00726774
0.00730041
0.007345681
0.007397605
0.00745239
0.007508859
0.007564605
0.007618481
0.007670699
0.007722609
0.007776504
0.007835728
0.007904865
0.007976875
0.007951944
0.007882718
0.007814031
0.007754242
0.00769884
0.007644426
0.007588606
0.007529944
0.00746834
0.00740552
0.007342527
0.007281508
0.00723479
0.007201505
0.007183781
0.007184115
0.007202509
0.00723651
0.007284167
0.00734613
0.007410125
0.007474062
0.007536843
0.007596706
0.007653731
0.007709347
0.007765987
0.007827143
0.007897463
0.00796995
0.00794669
0.007876794
0.007807157
0.007745848
0.007688209
0.00763072
0.007570859
0.007507155
0.007439343
0.007369587
0.007297836
0.007234523
0.007183289
0.007145158
0.007124643
0.007124955
0.007146094
0.007184903
0.007236907
0.007301289
0.007374054
0.007444926
0.007513963
0.007578946
0.007640095
0.007698852
0.007757857
0.007820958
0.007893301
0.00796626
0.00794209
0.007872494
0.007802335
0.007739967
0.007680727
0.007621018
0.007558216
0.007490767
0.007418212
0.007343012
0.007265783
0.007200985
0.007144916
0.007102768
0.007079951
0.00708025
0.007103663
0.007146465
0.007203287
0.007268982
0.007347404
0.007423722
0.007497566
0.007566415
0.007630665
0.007691763
0.007752583
0.007816896
0.007889962
0.007963235
0.007939897
0.007870292
0.007799844
0.007736924
0.007676851
0.007615982
0.007551634
0.007482146
0.007406986
0.007328748
0.007250256
0.007182999
0.007124162
0.007079722
0.007055551
0.007055849
0.007080608
0.007125692
0.007185281
0.007253434
0.007333121
0.007412485
0.007488967
0.007559916
0.007625786
0.007688096
0.007749819
0.00781474
0.007888192
0.007961681
0.007939868
0.007870289
0.007799854
0.00773694
0.007676871
0.007616004
0.007551658
0.007482173
0.007407014
0.007328778
0.007250291
0.00718304
0.00712421
0.007079777
0.007055613
0.00705592
0.007080685
0.007125773
0.007185364
0.007253518
0.007333208
0.007412571
0.007489057
0.007560019
0.007625902
0.00768822
0.007749954
0.007814882
0.00788835
0.007961869
0.007941924
0.007872457
0.007802358
0.00774001
0.007680782
0.007621083
0.00755829
0.007490847
0.007418296
0.007343103
0.007265885
0.007201111
0.007145063
0.007102936
0.007080141
0.007080462
0.007103891
0.007146704
0.007203533
0.007269232
0.007347659
0.007423981
0.007497847
0.007566757
0.007631082
0.007692226
0.00775311
0.007817455
0.007890548
0.007963919
0.007947132
0.007876693
0.007807182
0.007745913
0.007688294
0.007630823
0.007570981
0.007507289
0.007439485
0.00736973
0.007297975
0.007234728
0.007183539
0.007145444
0.007124963
0.007125308
0.007146473
0.007185299
0.007237314
0.007301708
0.007374474
0.007445354
0.007514448
0.00757958
0.007640926
0.007699818
0.007759055
0.007822216
0.007893615
0.007967626
0.007952098
0.007882784
0.007814092
0.007754325
0.007698948
0.00764456
0.007588768
0.007530132
0.00746854
0.007405705
0.007342678
0.007281772
0.007235147
0.007201914
0.007184235
0.007184611
0.007203037
0.007237063
0.007284741
0.007346707
0.0074107
0.007474639
0.007537472
0.007597482
0.007654697
0.007710442
0.00776731
0.007828535
0.007898869
0.00797143
0.007960969
0.007890463
0.007822771
0.007764844
0.007712177
0.007661475
0.007610464
0.007557792
0.007503228
0.007447892
0.00739414
0.007343242
0.007298927
0.007267176
0.007251996
0.007252413
0.007268419
0.007301124
0.007346408
0.007398333
0.007453108
0.007509564
0.007565322
0.007619246
0.007671521
0.007723459
0.007777401
0.007836635
0.007905777
0.007977816
0.007969515
0.007899377
0.007832927
0.007777083
0.007727429
0.007680766
0.007634912
0.007588565
0.00754141
0.007494064
0.007448391
0.007406708
0.007371165
0.007344987
0.007331134
0.007331609
0.007346404
0.007373541
0.007410072
0.007452787
0.007499534
0.007548014
0.007596335
0.00764387
0.007690912
0.007738755
0.007789608
0.007846702
0.007914531
0.007986059
0.0079791
0.007909448
0.00784437
0.007790769
0.007744299
0.007701821
0.007661207
0.007621165
0.007581267
0.007541922
0.007504244
0.00747005
0.007441463
0.007420754
0.007409976
0.007410487
0.007422274
0.007443994
0.007473612
0.007508875
0.007547667
0.007588154
0.007629214
0.007670424
0.007712203
0.007755842
0.007803483
0.007858294
0.007924695
0.007995719
0.007989768
0.007920646
0.007857058
0.007805834
0.007762646
0.007724365
0.007688864
0.007654819
0.00762168
0.007589598
0.007559342
0.007532195
0.007509862
0.007493938
0.007485801
0.007486339
0.007495543
0.007512537
0.007535956
0.007564223
0.00759562
0.007628861
0.007663167
0.007698379
0.007735042
0.007774478
0.007818822
0.007871217
0.007936065
0.008006574
0.008001597
0.007933102
0.007871198
0.007822533
0.007782723
0.007748581
0.007717927
0.007689369
0.007662233
0.007636467
0.007612554
0.007591395
0.007574151
0.007562012
0.00755595
0.007556517
0.007563705
0.007576974
0.007595364
0.007617683
0.007642769
0.007669714
0.007698031
0.007727765
0.007759586
0.007794887
0.007835858
0.007885713
0.007948909
0.008018745
0.008014833
0.007947212
0.00788737
0.007841583
0.007805307
0.007775224
0.007749061
0.007725355
0.007703341
0.007682832
0.007664097
0.007647748
0.007634585
0.00762543
0.007620953
0.00762155
0.007627216
0.007637561
0.007651921
0.007669476
0.00768942
0.007711138
0.007734354
0.007759252
0.007786591
0.007817839
0.007855281
0.007902269
0.007963418
0.008032346
0.008029952
0.007963779
0.007906726
0.007864368
0.007831874
0.007805751
0.007783651
0.007764094
0.007746291
0.007729987
0.007715318
0.007702685
0.007692639
0.007685746
0.007682468
0.007683097
0.007687627
0.007695769
0.007707067
0.007720955
0.007736879
0.007754428
0.007773464
0.007794236
0.007817527
0.007844822
0.007878481
0.007922034
0.007980381
0.008047837
0.008047742
0.007984234
0.007931266
0.007893175
0.007864761
0.007842425
0.00782387
0.007807705
0.007793206
0.007780113
0.007768488
0.007758604
0.00775084
0.007745594
0.007743192
0.007743856
0.007747576
0.007754135
0.007763212
0.007774411
0.007787343
0.00780173
0.007817503
0.007834914
0.007854682
0.007878198
0.007907771
0.007947037
0.008001264
0.00806602
0.008069581
0.008011161
0.007964374
0.007931599
0.007907459
0.007888563
0.007872904
0.007859322
0.00784723
0.007836415
0.007826918
0.007818934
0.007812741
0.007808629
0.007806836
0.007807539
0.007810726
0.007816224
0.007823803
0.00783317
0.007844042
0.007856212
0.007869634
0.007884507
0.007901411
0.007921501
0.007946792
0.007980707
0.008028692
0.008088295
0.008097723
0.008049225
0.008011425
0.007984838
0.007964799
0.007948715
0.007935148
0.007923286
0.007912724
0.00790333
0.007895148
0.00788834
0.007883124
0.007879724
0.007878327
0.007879075
0.007881957
0.007886833
0.007893524
0.007901802
0.007911441
0.007922271
0.007934235
0.007947454
0.007962316
0.007979621
0.008000808
0.008028489
0.008067388
0.008116946
0.008129151
0.008097898
0.00807002
0.008048533
0.008031182
0.008016577
0.008003921
0.007992728
0.007982744
0.007973896
0.007966242
0.007959926
0.007955137
0.007952067
0.007950877
0.007951673
0.007954443
0.007959086
0.007965447
0.007973329
0.007982534
0.007992908
0.008004381
0.008017008
0.008031024
0.008046897
0.00806541
0.008087951
0.008116804
0.008148893
)
;
        source          uniform 0;
        value           nonuniform List<scalar> 
900
(
300.8852
300.8969
300.9094
300.921
300.9314
300.9406
300.9486
300.9555
300.9614
300.9664
300.9704
300.9735
300.9758
300.9774
300.9782
300.9781
300.9772
300.9755
300.973
300.9696
300.9652
300.9599
300.9535
300.9461
300.9377
300.928
300.9171
300.9051
300.8922
300.8802
300.8973
300.9088
300.9211
300.9325
300.9426
300.9516
300.9593
300.966
300.9718
300.9766
300.9804
300.9834
300.9857
300.9872
300.9879
300.9878
300.987
300.9853
300.9829
300.9796
300.9754
300.9702
300.964
300.9568
300.9485
300.9391
300.9285
300.9167
300.904
300.8921
300.9102
300.9215
300.9336
300.9447
300.9546
300.9632
300.9707
300.9772
300.9827
300.9873
300.991
300.9938
300.9959
300.9974
300.9981
300.998
300.9972
300.9956
300.9932
300.9901
300.986
300.981
300.9751
300.9681
300.9601
300.9509
300.9405
300.929
300.9165
300.9049
300.9223
300.9334
300.9452
300.956
300.9656
300.9739
300.9812
300.9874
300.9926
300.997
301.0005
301.0032
301.0052
301.0066
301.0072
301.0072
301.0064
301.0049
301.0026
300.9996
300.9957
300.9909
300.9852
300.9785
300.9707
300.9618
300.9517
300.9404
300.9282
300.9167
300.9332
300.944
300.9555
300.9661
300.9754
300.9835
300.9904
300.9964
301.0014
301.0056
301.0089
301.0115
301.0134
301.0146
301.0153
301.0152
301.0144
301.013
301.0108
301.0079
301.0042
300.9996
300.9941
300.9876
300.9801
300.9714
300.9616
300.9506
300.9386
300.9274
300.9428
300.9535
300.9647
300.975
300.984
300.9918
300.9985
301.0042
301.009
301.013
301.0162
301.0186
301.0204
301.0216
301.0222
301.0221
301.0214
301.02
301.018
301.0152
301.0116
301.0072
301.0019
300.9956
300.9883
300.9799
300.9703
300.9596
300.9479
300.9369
300.9514
300.9618
300.9728
300.9827
300.9915
300.9991
301.0055
301.011
301.0156
301.0194
301.0224
301.0247
301.0264
301.0276
301.0281
301.028
301.0273
301.026
301.0241
301.0214
301.0179
301.0137
301.0086
301.0025
300.9954
300.9873
300.978
300.9675
300.956
300.9452
300.9588
300.969
300.9797
300.9895
300.998
301.0053
301.0115
301.0168
301.0212
301.0248
301.0277
301.0299
301.0315
301.0326
301.0331
301.0331
301.0324
301.0312
301.0293
301.0267
301.0234
301.0193
301.0143
301.0084
301.0015
300.9936
300.9845
300.9743
300.9631
300.9525
300.9654
300.9753
300.9857
300.9952
301.0035
301.0106
301.0166
301.0217
301.0259
301.0294
301.0322
301.0343
301.0358
301.0369
301.0374
301.0373
301.0367
301.0355
301.0336
301.0311
301.0279
301.0239
301.0191
301.0134
301.0067
300.999
300.9901
300.9801
300.9691
300.9587
300.9721
300.9809
300.9908
301
301.0081
301.015
301.0208
301.0257
301.0298
301.0332
301.0358
301.0379
301.0394
301.0404
301.0409
301.0408
301.0402
301.039
301.0372
301.0348
301.0316
301.0278
301.0231
301.0175
301.011
301.0034
300.9947
300.9849
300.9741
300.9638
300.9846
300.9872
300.9953
301.004
301.0118
301.0185
301.0242
301.029
301.033
301.0362
301.0388
301.0408
301.0422
301.0432
301.0437
301.0436
301.043
301.0419
301.0401
301.0377
301.0347
301.0309
301.0262
301.0206
301.0141
301.0066
300.9979
300.988
300.9773
300.9672
301.0322
300.9973
300.9994
301.0071
301.0147
301.0213
301.0269
301.0316
301.0354
301.0386
301.0411
301.043
301.0445
301.0454
301.0459
301.0458
301.0452
301.0441
301.0424
301.04
301.037
301.0332
301.0283
301.0221
301.015
301.0071
300.9977
300.9856
300.9732
300.9634
301.0623
300.9989
301.0018
301.0094
301.0169
301.0234
301.0289
301.0334
301.0373
301.0404
301.0428
301.0447
301.0461
301.047
301.0475
301.0474
301.0468
301.0457
301.044
301.0417
301.0387
301.0346
301.0288
301.0205
301.0109
301.0012
300.9877
300.9643
300.9286
300.9179
301.0849
301.0069
301.0047
301.0111
301.0183
301.0247
301.0302
301.0347
301.0384
301.0415
301.0439
301.0458
301.0472
301.0481
301.0486
301.0485
301.0479
301.0468
301.0451
301.0428
301.0397
301.0351
301.0275
301.0154
301.0009
300.9873
300.9677
300.9404
300.9031
300.893
301.0939
301.0105
301.0061
301.012
301.0191
301.0254
301.0308
301.0353
301.039
301.0421
301.0445
301.0463
301.0477
301.0486
301.0491
301.049
301.0484
301.0473
301.0457
301.0433
301.0402
301.0353
301.0268
301.0125
300.9955
300.9803
300.9585
300.9301
300.892
300.8811
301.0953
301.0111
301.0063
301.012
301.0191
301.0254
301.0308
301.0353
301.039
301.0421
301.0446
301.0464
301.0477
301.0486
301.0491
301.049
301.0484
301.0473
301.0457
301.0433
301.0401
301.0352
301.0263
301.0115
300.9938
300.9781
300.9559
300.9272
300.8886
300.8769
301.0914
301.0095
301.0053
301.0113
301.0184
301.0247
301.0302
301.0347
301.0385
301.0418
301.0445
301.0461
301.0472
301.0481
301.0486
301.0485
301.0479
301.0468
301.0451
301.0428
301.0396
301.0346
301.0257
301.0108
300.9931
300.9774
300.9552
300.9268
300.8893
300.8761
301.0258
301.0036
301.003
301.0096
301.0169
301.0234
301.0289
301.0335
301.0375
301.0414
301.0449
301.0457
301.0464
301.0471
301.0475
301.0474
301.0468
301.0457
301.044
301.0417
301.0384
301.0335
301.0249
301.0106
300.9935
300.9782
300.9569
300.932
300.9154
300.8832
301.0609
300.9962
300.9993
301.0071
301.0147
301.0213
301.0269
301.0317
301.036
301.0407
301.0454
301.0451
301.045
301.0455
301.0459
301.0458
301.0452
301.0441
301.0424
301.04
301.0368
301.0321
301.0245
301.0122
300.9976
300.9841
300.9669
300.9522
300.9404
300.9288
300.9818
300.9863
300.9951
301.0039
301.0118
301.0185
301.0242
301.0291
301.0332
301.0372
301.0409
301.0418
301.0425
301.0433
301.0437
301.0436
301.043
301.0418
301.0401
301.0377
301.0345
301.0303
301.0244
301.016
301.0062
300.9966
300.9854
300.9746
300.9638
300.9536
300.9713
300.9806
300.9907
301
301.0081
301.015
301.0208
301.0257
301.0299
301.0334
301.0364
301.0381
301.0394
301.0404
301.0408
301.0408
301.0401
301.039
301.0372
301.0347
301.0316
301.0276
301.0225
301.0161
301.0088
301.0007
300.9916
300.9819
300.9715
300.961
300.9652
300.9752
300.9857
300.9952
301.0035
301.0106
301.0166
301.0217
301.0259
301.0294
301.0322
301.0343
301.0358
301.0369
301.0373
301.0373
301.0366
301.0354
301.0336
301.0311
301.0279
301.0239
301.019
301.0131
301.0063
300.9985
300.9899
300.9809
300.9712
300.9599
300.9587
300.969
300.9797
300.9894
300.9979
301.0053
301.0115
301.0168
301.0212
301.0248
301.0277
301.0299
301.0315
301.0326
301.0331
301.033
301.0324
301.0311
301.0292
301.0266
301.0233
301.0192
301.0142
301.0083
301.0015
300.9937
300.9852
300.9769
300.9683
300.9559
300.9513
300.9618
300.9727
300.9827
300.9915
300.999
301.0055
301.011
301.0156
301.0193
301.0224
301.0247
301.0264
301.0275
301.0281
301.028
301.0273
301.026
301.024
301.0213
301.0179
301.0137
301.0085
301.0025
300.9954
300.9873
300.9783
300.9689
300.9588
300.947
300.9428
300.9535
300.9647
300.9749
300.984
300.9918
300.9985
301.0042
301.009
301.013
301.0161
301.0185
301.0203
301.0216
301.0221
301.0221
301.0213
301.02
301.0179
301.0151
301.0115
301.0071
301.0018
300.9955
300.9883
300.9799
300.9704
300.96
300.9487
300.9374
300.9331
300.944
300.9555
300.966
300.9753
300.9834
300.9904
300.9963
301.0014
301.0055
301.0088
301.0114
301.0133
301.0146
301.0152
301.0151
301.0144
301.0129
301.0108
301.0079
301.0042
300.9996
300.994
300.9876
300.98
300.9714
300.9616
300.9506
300.9388
300.9275
300.9222
300.9333
300.9451
300.9559
300.9655
300.9739
300.9811
300.9873
300.9926
300.997
301.0005
301.0032
301.0052
301.0065
301.0072
301.0071
301.0063
301.0048
301.0026
300.9995
300.9956
300.9909
300.9851
300.9784
300.9706
300.9617
300.9516
300.9403
300.9281
300.9167
300.9101
300.9215
300.9335
300.9446
300.9545
300.9632
300.9707
300.9771
300.9826
300.9872
300.9909
300.9937
300.9959
300.9973
300.998
300.9979
300.9971
300.9955
300.9932
300.99
300.9859
300.981
300.975
300.968
300.96
300.9508
300.9405
300.9289
300.9164
300.9048
300.8972
300.9087
300.921
300.9324
300.9426
300.9515
300.9593
300.966
300.9717
300.9765
300.9804
300.9834
300.9856
300.9871
300.9878
300.9878
300.9869
300.9852
300.9828
300.9795
300.9753
300.9701
300.9639
300.9568
300.9485
300.939
300.9284
300.9166
300.9039
300.8921
300.8852
300.8968
300.9093
300.9209
300.9313
300.9405
300.9485
300.9554
300.9614
300.9663
300.9703
300.9734
300.9758
300.9773
300.9781
300.978
300.9771
300.9754
300.9729
300.9695
300.9652
300.9598
300.9535
300.9461
300.9376
300.9279
300.9171
300.905
300.8922
300.8802
)
;
        qrNbr           qr;
        logInterval     -1;
        writePrecision  7;
        updateHeader    1;
        writeToFile     0;
        useUserTime     1;
        kappaMethod     solidThermo;
        kappa           none;
    }
}


// ************************************************************************* //
