/*--------------------------------*- C++ -*----------------------------------*\
| =========                 |                                                 |
| \\      /  F ield         | OpenFOAM: The Open Source CFD Toolbox           |
|  \\    /   O peration     | Version:  2506                                  |
|   \\  /    A nd           | Website:  www.openfoam.com                      |
|    \\/     M anipulation  |                                                 |
\*---------------------------------------------------------------------------*/
FoamFile
{
    version     2.0;
    format      ascii;
    arch        "LSB;label=32;scalar=64";
    class       volScalarField;
    location    "3000/floor";
    object      T;
}
// * * * * * * * * * * * * * * * * * * * * * * * * * * * * * * * * * * * * * //

dimensions      [0 0 0 1 0 0 0];

internalField   nonuniform List<scalar> 
2700
(
301.57
301.572
301.5744
301.5766
301.5787
301.5804
301.582
301.5834
301.5846
301.5856
301.5863
301.587
301.5874
301.5878
301.5879
301.5879
301.5877
301.5874
301.5869
301.5862
301.5854
301.5844
301.5831
301.5817
301.58
301.5781
301.576
301.5736
301.5712
301.5692
301.572
301.574
301.5763
301.5785
301.5805
301.5823
301.5838
301.5852
301.5863
301.5872
301.588
301.5886
301.5891
301.5894
301.5895
301.5895
301.5894
301.589
301.5886
301.5879
301.5871
301.5861
301.5849
301.5834
301.5818
301.58
301.5779
301.5756
301.5731
301.5711
301.5744
301.5764
301.5787
301.5809
301.5828
301.5845
301.586
301.5873
301.5884
301.5893
301.59
301.5906
301.591
301.5913
301.5914
301.5914
301.5913
301.591
301.5905
301.5899
301.5891
301.5881
301.5869
301.5856
301.584
301.5822
301.5802
301.5779
301.5755
301.5735
301.5768
301.5787
301.5809
301.5831
301.5849
301.5866
301.588
301.5892
301.5903
301.5911
301.5918
301.5924
301.5928
301.5931
301.5932
301.5932
301.593
301.5928
301.5923
301.5917
301.591
301.59
301.5889
301.5876
301.586
301.5843
301.5823
301.5801
301.5778
301.5758
301.5789
301.5807
301.5829
301.585
301.5868
301.5884
301.5898
301.591
301.592
301.5928
301.5935
301.594
301.5944
301.5946
301.5947
301.5947
301.5946
301.5943
301.5939
301.5933
301.5926
301.5917
301.5906
301.5893
301.5878
301.5862
301.5842
301.5821
301.5798
301.5779
301.5808
301.5826
301.5847
301.5867
301.5885
301.59
301.5914
301.5925
301.5934
301.5942
301.5949
301.5953
301.5957
301.5959
301.5961
301.5961
301.5959
301.5957
301.5953
301.5947
301.594
301.5932
301.5921
301.5909
301.5894
301.5878
301.5859
301.5838
301.5816
301.5797
301.5824
301.5842
301.5863
301.5882
301.59
301.5914
301.5927
301.5938
301.5947
301.5955
301.5961
301.5965
301.5969
301.5971
301.5972
301.5972
301.5971
301.5968
301.5964
301.5959
301.5952
301.5944
301.5934
301.5922
301.5908
301.5892
301.5874
301.5853
301.5832
301.5814
301.5838
301.5856
301.5876
301.5895
301.5912
301.5927
301.5939
301.5949
301.5958
301.5965
301.5971
301.5975
301.5978
301.5981
301.5982
301.5982
301.598
301.5978
301.5974
301.5969
301.5963
301.5955
301.5945
301.5934
301.592
301.5904
301.5887
301.5867
301.5845
301.5827
301.5851
301.5868
301.5888
301.5907
301.5923
301.5937
301.5949
301.5959
301.5967
301.5974
301.5979
301.5983
301.5986
301.5989
301.599
301.599
301.5988
301.5986
301.5983
301.5978
301.5972
301.5964
301.5954
301.5943
301.593
301.5915
301.5897
301.5878
301.5857
301.584
301.5864
301.5879
301.5898
301.5916
301.5932
301.5945
301.5957
301.5966
301.5974
301.5981
301.5986
301.599
301.5993
301.5995
301.5996
301.5996
301.5995
301.5993
301.5989
301.5985
301.5979
301.5971
301.5962
301.5951
301.5938
301.5923
301.5906
301.5887
301.5867
301.5849
301.5889
301.5891
301.5906
301.5923
301.5939
301.5952
301.5963
301.5973
301.598
301.5987
301.5992
301.5996
301.5998
301.6
301.6001
301.6001
301.6
301.5998
301.5995
301.599
301.5984
301.5977
301.5968
301.5957
301.5944
301.5929
301.5912
301.5893
301.5873
301.5857
301.5955
301.5912
301.5915
301.593
301.5944
301.5957
301.5968
301.5977
301.5985
301.5991
301.5996
301.6
301.6003
301.6004
301.6005
301.6005
301.6004
301.6002
301.5999
301.5995
301.5989
301.5981
301.5971
301.5956
301.594
301.5925
301.5908
301.5889
301.587
301.5856
301.5941
301.5915
301.592
301.5934
301.5949
301.5961
301.5972
301.5981
301.5988
301.5994
301.5999
301.6003
301.6006
301.6007
301.6008
301.6008
301.6007
301.6005
301.6002
301.5998
301.5992
301.5983
301.5967
301.5937
301.5907
301.5886
301.5863
301.5839
301.5823
301.5817
301.6033
301.5944
301.5928
301.5938
301.5951
301.5964
301.5975
301.5983
301.5991
301.5997
301.6001
301.6005
301.6008
301.6009
301.601
301.601
301.6009
301.6007
301.6004
301.6
301.5993
301.5982
301.5952
301.5887
301.5816
301.5777
301.5728
301.57
301.5691
301.5697
301.6066
301.5956
301.5931
301.5939
301.5953
301.5965
301.5976
301.5985
301.5992
301.5998
301.6002
301.6006
301.6009
301.601
301.6011
301.6011
301.601
301.6008
301.6005
301.6001
301.5994
301.5981
301.5946
301.5866
301.5779
301.5736
301.568
301.565
301.5634
301.5628
301.6071
301.5958
301.5931
301.5939
301.5953
301.5965
301.5976
301.5985
301.5992
301.5998
301.6003
301.6006
301.6009
301.601
301.6011
301.6011
301.601
301.6008
301.6005
301.6001
301.5994
301.5981
301.5944
301.5861
301.5771
301.5726
301.567
301.5639
301.5619
301.5605
301.6064
301.5954
301.5929
301.5938
301.5951
301.5964
301.5975
301.5983
301.5991
301.5997
301.6003
301.6006
301.6008
301.6009
301.601
301.601
301.6009
301.6007
301.6004
301.6
301.5993
301.5979
301.5943
301.586
301.577
301.5725
301.5669
301.5637
301.5616
301.56
301.6028
301.594
301.5924
301.5935
301.5949
301.5961
301.5972
301.5981
301.5989
301.5999
301.6012
301.6007
301.6006
301.6007
301.6008
301.6008
301.6007
301.6005
301.6002
301.5998
301.5991
301.5978
301.5942
301.5862
301.5775
301.5731
301.5676
301.5644
301.5623
301.5606
301.5923
301.5906
301.5914
301.593
301.5944
301.5957
301.5968
301.5978
301.5987
301.6004
301.6034
301.6012
301.6005
301.6005
301.6005
301.6005
301.6004
301.6002
301.5999
301.5994
301.5988
301.5976
301.5946
301.5881
301.5809
301.5771
301.5721
301.5696
301.5675
301.5658
301.5877
301.5889
301.5906
301.5923
301.5939
301.5952
301.5963
301.5973
301.5981
301.5991
301.6004
301.6
301.5999
301.6
301.6001
301.6001
301.6
301.5998
301.5995
301.599
301.5984
301.5975
301.5958
301.5929
301.5897
301.5876
301.5853
301.5833
301.5813
301.5796
301.5862
301.5878
301.5898
301.5916
301.5931
301.5945
301.5957
301.5966
301.5974
301.5982
301.5988
301.5991
301.5993
301.5995
301.5996
301.5996
301.5995
301.5993
301.5989
301.5985
301.5978
301.597
301.596
301.5945
301.5928
301.5912
301.5895
301.5877
301.5859
301.584
301.5851
301.5868
301.5888
301.5906
301.5923
301.5937
301.5948
301.5958
301.5967
301.5974
301.5979
301.5983
301.5986
301.5988
301.5989
301.5989
301.5988
301.5986
301.5982
301.5978
301.5971
301.5963
301.5954
301.5942
301.5928
301.5913
301.5897
301.5884
301.5875
301.5847
301.5838
301.5855
301.5876
301.5895
301.5912
301.5926
301.5939
301.5949
301.5958
301.5965
301.597
301.5975
301.5978
301.598
301.5981
301.5981
301.598
301.5978
301.5974
301.5969
301.5962
301.5954
301.5945
301.5933
301.592
301.5905
301.589
301.5886
301.5896
301.5851
301.5824
301.5841
301.5863
301.5882
301.5899
301.5914
301.5927
301.5938
301.5947
301.5954
301.596
301.5965
301.5968
301.597
301.5972
301.5972
301.597
301.5968
301.5964
301.5959
301.5952
301.5944
301.5934
301.5922
301.5908
301.5892
301.5875
301.5861
301.5851
301.5823
301.5807
301.5825
301.5847
301.5867
301.5885
301.59
301.5913
301.5924
301.5934
301.5942
301.5948
301.5953
301.5957
301.5959
301.596
301.596
301.5959
301.5956
301.5952
301.5947
301.594
301.5931
301.5921
301.5908
301.5894
301.5878
301.5859
301.584
301.582
301.5799
301.5788
301.5807
301.5829
301.585
301.5868
301.5884
301.5898
301.5909
301.5919
301.5927
301.5934
301.5939
301.5943
301.5946
301.5947
301.5947
301.5945
301.5943
301.5938
301.5933
301.5925
301.5916
301.5906
301.5893
301.5878
301.5861
301.5842
301.5821
301.5798
301.5779
301.5767
301.5786
301.5809
301.583
301.5849
301.5865
301.588
301.5892
301.5902
301.5911
301.5918
301.5923
301.5927
301.593
301.5931
301.5931
301.593
301.5927
301.5922
301.5917
301.5909
301.5899
301.5888
301.5875
301.586
301.5842
301.5822
301.58
301.5777
301.5758
301.5744
301.5763
301.5786
301.5808
301.5827
301.5844
301.5859
301.5872
301.5883
301.5892
301.5899
301.5905
301.5909
301.5912
301.5914
301.5913
301.5912
301.5909
301.5904
301.5898
301.589
301.588
301.5869
301.5855
301.5839
301.5821
301.5801
301.5778
301.5755
301.5735
301.5719
301.5739
301.5763
301.5785
301.5805
301.5822
301.5838
301.5851
301.5862
301.5872
301.5879
301.5885
301.589
301.5893
301.5894
301.5894
301.5893
301.5889
301.5885
301.5878
301.587
301.586
301.5848
301.5834
301.5817
301.5799
301.5778
301.5755
301.5731
301.5711
301.5699
301.5719
301.5743
301.5765
301.5786
301.5804
301.5819
301.5833
301.5845
301.5855
301.5863
301.5869
301.5873
301.5877
301.5878
301.5878
301.5876
301.5873
301.5868
301.5862
301.5853
301.5843
301.583
301.5816
301.5799
301.578
301.5759
301.5736
301.5711
301.5691
300.8878
300.8915
300.8958
300.8998
300.9034
300.9066
300.9094
300.9118
300.9138
300.9156
300.917
300.9181
300.9189
300.9194
300.9197
300.9197
300.9194
300.9188
300.9179
300.9168
300.9152
300.9134
300.9112
300.9086
300.9057
300.9023
300.8986
300.8944
300.89
300.8862
300.8916
300.8952
300.8994
300.9034
300.9069
300.91
300.9127
300.9151
300.9171
300.9187
300.9201
300.9211
300.9219
300.9225
300.9227
300.9227
300.9224
300.9219
300.921
300.9199
300.9184
300.9166
300.9144
300.9119
300.9091
300.9058
300.9021
300.898
300.8937
300.8899
300.896
300.8996
300.9037
300.9075
300.911
300.914
300.9166
300.9188
300.9208
300.9224
300.9237
300.9247
300.9254
300.9259
300.9262
300.9261
300.9259
300.9253
300.9245
300.9234
300.922
300.9203
300.9182
300.9158
300.913
300.9098
300.9062
300.9022
300.8979
300.8943
300.9001
300.9036
300.9077
300.9114
300.9148
300.9177
300.9202
300.9223
300.9242
300.9257
300.9269
300.9279
300.9286
300.9291
300.9293
300.9293
300.929
300.9285
300.9277
300.9267
300.9253
300.9236
300.9216
300.9193
300.9166
300.9135
300.91
300.9061
300.9019
300.8983
300.9039
300.9073
300.9113
300.9149
300.9181
300.9209
300.9234
300.9254
300.9272
300.9286
300.9298
300.9307
300.9314
300.9318
300.932
300.932
300.9318
300.9313
300.9305
300.9295
300.9282
300.9266
300.9247
300.9224
300.9198
300.9168
300.9134
300.9096
300.9055
300.902
300.9072
300.9106
300.9144
300.918
300.9211
300.9238
300.9261
300.9281
300.9298
300.9312
300.9323
300.9331
300.9338
300.9342
300.9344
300.9344
300.9341
300.9337
300.9329
300.932
300.9307
300.9292
300.9274
300.9252
300.9226
300.9197
300.9164
300.9127
300.9087
300.9053
300.9101
300.9134
300.9172
300.9206
300.9237
300.9263
300.9285
300.9304
300.932
300.9333
300.9344
300.9352
300.9358
300.9362
300.9364
300.9364
300.9361
300.9357
300.935
300.9341
300.9329
300.9314
300.9296
300.9275
300.9251
300.9223
300.919
300.9154
300.9115
300.9081
300.9127
300.9159
300.9196
300.9229
300.9259
300.9284
300.9306
300.9324
300.9339
300.9352
300.9362
300.937
300.9375
300.9379
300.9381
300.9381
300.9379
300.9374
300.9368
300.9359
300.9347
300.9333
300.9316
300.9296
300.9272
300.9244
300.9213
300.9177
300.9139
300.9106
300.9149
300.918
300.9216
300.9249
300.9278
300.9302
300.9323
300.9341
300.9355
300.9367
300.9377
300.9384
300.939
300.9393
300.9395
300.9395
300.9393
300.9389
300.9383
300.9374
300.9363
300.9349
300.9332
300.9313
300.9289
300.9263
300.9232
300.9197
300.916
300.9127
300.9172
300.9199
300.9233
300.9265
300.9293
300.9317
300.9338
300.9354
300.9369
300.938
300.9389
300.9396
300.9402
300.9405
300.9407
300.9407
300.9405
300.9401
300.9395
300.9386
300.9376
300.9362
300.9346
300.9327
300.9304
300.9278
300.9248
300.9214
300.9177
300.9145
300.922
300.9222
300.9249
300.9279
300.9306
300.9329
300.9349
300.9366
300.9379
300.939
300.9399
300.9406
300.9411
300.9414
300.9416
300.9416
300.9414
300.941
300.9404
300.9396
300.9386
300.9373
300.9357
300.9337
300.9314
300.9288
300.9259
300.9225
300.9189
300.9158
300.9378
300.9261
300.9263
300.929
300.9316
300.9339
300.9358
300.9374
300.9388
300.9398
300.9407
300.9413
300.9418
300.9422
300.9423
300.9423
300.9421
300.9418
300.9412
300.9404
300.9394
300.938
300.9363
300.9339
300.9312
300.9285
300.9254
300.9218
300.9184
300.9156
300.9306
300.9261
300.9271
300.9298
300.9323
300.9346
300.9365
300.9381
300.9394
300.9404
300.9413
300.9419
300.9424
300.9427
300.9429
300.9428
300.9427
300.9423
300.9417
300.941
300.9399
300.9384
300.9359
300.9315
300.9266
300.923
300.9184
300.9111
300.9079
300.9062
300.9497
300.9309
300.9284
300.9304
300.9328
300.9351
300.9369
300.9385
300.9398
300.9408
300.9416
300.9423
300.9427
300.943
300.9432
300.9432
300.943
300.9427
300.9421
300.9413
300.9402
300.9383
300.9341
300.9249
300.9137
300.907
300.8958
300.8873
300.8847
300.8846
300.9551
300.9327
300.9289
300.9307
300.9331
300.9353
300.9371
300.9387
300.94
300.941
300.9418
300.9424
300.9429
300.9432
300.9434
300.9434
300.9432
300.9428
300.9423
300.9415
300.9404
300.9383
300.9333
300.922
300.9087
300.9011
300.8885
300.8795
300.8762
300.8744
300.9559
300.933
300.929
300.9307
300.9331
300.9353
300.9371
300.9387
300.94
300.941
300.9418
300.9424
300.9429
300.9432
300.9434
300.9434
300.9432
300.9428
300.9423
300.9415
300.9404
300.9383
300.933
300.9214
300.9076
300.8998
300.887
300.8779
300.8741
300.8713
300.9548
300.9324
300.9287
300.9304
300.9328
300.935
300.9369
300.9385
300.9398
300.9409
300.942
300.9424
300.9427
300.943
300.9432
300.9432
300.943
300.9426
300.9421
300.9413
300.9402
300.9381
300.9328
300.9211
300.9073
300.8995
300.8868
300.8776
300.8736
300.8706
300.9489
300.9302
300.9278
300.9298
300.9323
300.9346
300.9365
300.9381
300.9395
300.9411
300.9433
300.9426
300.9425
300.9427
300.9428
300.9428
300.9426
300.9423
300.9417
300.9409
300.9398
300.9377
300.9326
300.9214
300.908
300.9003
300.8877
300.8788
300.8748
300.8717
300.9302
300.9247
300.9262
300.929
300.9316
300.9339
300.9358
300.9375
300.9391
300.9418
300.9468
300.9434
300.9422
300.9422
300.9423
300.9423
300.9421
300.9417
300.9412
300.9404
300.9392
300.9373
300.933
300.9237
300.9126
300.9058
300.8948
300.8897
300.8859
300.8828
300.9196
300.9216
300.9248
300.9279
300.9306
300.9329
300.9349
300.9366
300.938
300.9397
300.9419
300.9413
300.9412
300.9414
300.9416
300.9416
300.9414
300.941
300.9404
300.9396
300.9385
300.937
300.9344
300.9299
300.925
300.9213
300.9169
300.9132
300.9096
300.9064
300.9168
300.9198
300.9233
300.9265
300.9293
300.9317
300.9337
300.9354
300.9369
300.9381
300.9393
300.9397
300.9401
300.9405
300.9406
300.9406
300.9404
300.94
300.9394
300.9386
300.9375
300.9361
300.9343
300.9318
300.929
300.9262
300.9231
300.9199
300.9166
300.913
300.9148
300.918
300.9216
300.9249
300.9277
300.9302
300.9323
300.934
300.9355
300.9367
300.9377
300.9384
300.9389
300.9393
300.9395
300.9395
300.9392
300.9388
300.9382
300.9374
300.9362
300.9349
300.9332
300.9311
300.9287
300.926
300.9232
300.9206
300.9185
300.9138
300.9126
300.9158
300.9195
300.9229
300.9258
300.9284
300.9305
300.9324
300.9339
300.9351
300.9361
300.9369
300.9375
300.9379
300.938
300.938
300.9378
300.9374
300.9367
300.9358
300.9347
300.9333
300.9315
300.9295
300.9271
300.9244
300.9218
300.9205
300.9212
300.9139
300.9101
300.9134
300.9171
300.9206
300.9236
300.9262
300.9285
300.9304
300.932
300.9333
300.9343
300.9351
300.9357
300.9361
300.9363
300.9363
300.9361
300.9356
300.935
300.934
300.9328
300.9314
300.9296
300.9275
300.925
300.9222
300.9192
300.9164
300.9143
300.9094
300.9071
300.9105
300.9143
300.9179
300.921
300.9237
300.9261
300.928
300.9297
300.9311
300.9322
300.933
300.9337
300.9341
300.9343
300.9343
300.934
300.9336
300.9329
300.9319
300.9307
300.9291
300.9273
300.9251
300.9226
300.9197
300.9164
300.9129
300.9092
300.9055
300.9038
300.9072
300.9112
300.9148
300.918
300.9209
300.9233
300.9253
300.9271
300.9285
300.9297
300.9306
300.9313
300.9317
300.9319
300.9319
300.9317
300.9312
300.9304
300.9294
300.9281
300.9265
300.9246
300.9224
300.9197
300.9167
300.9133
300.9096
300.9055
300.902
300.9
300.9036
300.9076
300.9113
300.9147
300.9176
300.9201
300.9222
300.9241
300.9256
300.9268
300.9278
300.9285
300.929
300.9292
300.9292
300.9289
300.9284
300.9276
300.9266
300.9252
300.9235
300.9215
300.9192
300.9165
300.9134
300.9099
300.906
300.9018
300.8983
300.8959
300.8995
300.9036
300.9075
300.9109
300.9139
300.9165
300.9187
300.9207
300.9223
300.9235
300.9245
300.9253
300.9258
300.926
300.926
300.9257
300.9252
300.9244
300.9233
300.9219
300.9202
300.9181
300.9157
300.9129
300.9097
300.9061
300.9021
300.8978
300.8942
300.8915
300.8951
300.8993
300.9033
300.9068
300.9099
300.9126
300.9149
300.9169
300.9186
300.92
300.921
300.9218
300.9223
300.9226
300.9226
300.9223
300.9217
300.9209
300.9197
300.9183
300.9165
300.9143
300.9118
300.909
300.9057
300.902
300.8979
300.8936
300.8898
300.8877
300.8914
300.8957
300.8997
300.9033
300.9065
300.9092
300.9116
300.9137
300.9155
300.9169
300.9179
300.9188
300.9193
300.9196
300.9196
300.9193
300.9187
300.9178
300.9166
300.9151
300.9133
300.9111
300.9085
300.9056
300.9022
300.8985
300.8943
300.8899
300.8861
300.6022
300.6096
300.6177
300.6253
300.632
300.638
300.6432
300.6477
300.6515
300.6548
300.6574
300.6594
300.661
300.662
300.6625
300.6624
300.6619
300.6608
300.6591
300.6569
300.6541
300.6506
300.6465
300.6416
300.6361
300.6298
300.6228
300.615
300.6065
300.5989
300.6098
300.6171
300.6251
300.6325
300.6391
300.6449
300.65
300.6543
300.6581
300.6612
300.6637
300.6657
300.6671
300.6681
300.6686
300.6685
300.668
300.6669
300.6653
300.6632
300.6604
300.6571
300.653
300.6484
300.643
300.6368
300.6299
300.6222
300.6139
300.6064
300.6182
300.6254
300.6332
300.6404
300.6468
300.6525
300.6574
300.6615
300.6651
300.6681
300.6705
300.6724
300.6738
300.6747
300.6751
300.6751
300.6746
300.6735
300.672
300.67
300.6673
300.6641
300.6602
300.6557
300.6504
300.6445
300.6377
300.6302
300.6221
300.6147
300.626
300.633
300.6407
300.6477
300.654
300.6594
300.6641
300.6681
300.6715
300.6744
300.6767
300.6784
300.6797
300.6806
300.681
300.681
300.6805
300.6795
300.6781
300.6761
300.6736
300.6704
300.6667
300.6623
300.6573
300.6515
300.6449
300.6376
300.6296
300.6224
300.633
300.6399
300.6474
300.6543
300.6603
300.6655
300.6701
300.6739
300.6772
300.6799
300.682
300.6837
300.685
300.6858
300.6862
300.6861
300.6857
300.6847
300.6833
300.6814
300.679
300.676
300.6724
300.6682
300.6633
300.6577
300.6513
300.6441
300.6364
300.6293
300.6393
300.646
300.6533
300.66
300.6658
300.6709
300.6753
300.679
300.6821
300.6846
300.6867
300.6883
300.6895
300.6902
300.6906
300.6906
300.6901
300.6892
300.6879
300.6861
300.6838
300.6809
300.6774
300.6733
300.6686
300.6631
300.6569
300.6499
300.6423
300.6354
300.6448
300.6514
300.6585
300.665
300.6707
300.6756
300.6798
300.6833
300.6863
300.6887
300.6907
300.6922
300.6933
300.694
300.6944
300.6944
300.6939
300.6931
300.6918
300.6901
300.6878
300.6851
300.6817
300.6778
300.6732
300.6679
300.6618
300.655
300.6476
300.6408
300.6495
300.656
300.663
300.6693
300.6748
300.6796
300.6836
300.687
300.6899
300.6922
300.6941
300.6955
300.6966
300.6973
300.6976
300.6976
300.6971
300.6963
300.6951
300.6934
300.6913
300.6886
300.6854
300.6816
300.6771
300.672
300.6661
300.6594
300.6521
300.6454
300.6537
300.6601
300.6669
300.673
300.6784
300.683
300.6869
300.6902
300.6929
300.6951
300.6969
300.6983
300.6993
300.7
300.7003
300.7002
300.6998
300.6991
300.6979
300.6963
300.6942
300.6916
300.6885
300.6848
300.6804
300.6754
300.6697
300.6631
300.656
300.6494
300.6579
300.6636
300.6701
300.6761
300.6813
300.6858
300.6896
300.6928
300.6954
300.6975
300.6992
300.7005
300.7015
300.7022
300.7025
300.7024
300.702
300.7013
300.7002
300.6986
300.6966
300.6941
300.691
300.6874
300.6832
300.6783
300.6726
300.6663
300.6592
300.6528
300.6667
300.6676
300.6729
300.6786
300.6837
300.6881
300.6918
300.6948
300.6974
300.6995
300.7011
300.7024
300.7033
300.7039
300.7042
300.7042
300.7038
300.7031
300.702
300.7005
300.6985
300.6961
300.6931
300.6894
300.6852
300.6804
300.6748
300.6685
300.6616
300.6553
300.7088
300.6747
300.6755
300.6807
300.6856
300.6899
300.6935
300.6965
300.699
300.701
300.7026
300.7038
300.7047
300.7053
300.7056
300.7056
300.7052
300.7045
300.7034
300.7019
300.7
300.6975
300.6944
300.6902
300.6855
300.6805
300.6747
300.6674
300.6607
300.6548
300.6809
300.674
300.677
300.6821
300.687
300.6912
300.6947
300.6977
300.7001
300.7021
300.7036
300.7048
300.7057
300.7063
300.7066
300.7066
300.7062
300.7055
300.7045
300.703
300.701
300.6984
300.6943
300.6877
300.68
300.6737
300.6645
300.6368
300.6297
300.6249
300.7264
300.6819
300.679
300.6832
300.6879
300.6921
300.6955
300.6985
300.7009
300.7028
300.7043
300.7055
300.7064
300.707
300.7073
300.7072
300.7069
300.7062
300.7051
300.7037
300.7017
300.6986
300.6924
300.6797
300.6637
300.6525
300.6304
300.5995
300.5931
300.5903
300.7351
300.6845
300.6799
300.6837
300.6884
300.6925
300.696
300.6988
300.7012
300.7032
300.7047
300.7058
300.7067
300.7073
300.7076
300.7075
300.7072
300.7065
300.7055
300.704
300.702
300.6987
300.6915
300.6764
300.6574
300.6449
300.6203
300.5887
300.5813
300.5766
300.7362
300.6849
300.6799
300.6838
300.6884
300.6925
300.696
300.6988
300.7012
300.7032
300.7047
300.7059
300.7067
300.7073
300.7076
300.7075
300.7072
300.7065
300.7055
300.704
300.702
300.6986
300.6912
300.6756
300.656
300.6433
300.6184
300.5866
300.5785
300.5727
300.7345
300.684
300.6793
300.6833
300.6879
300.6921
300.6955
300.6985
300.7009
300.703
300.7048
300.7057
300.7064
300.707
300.7072
300.7072
300.7069
300.7062
300.7051
300.7037
300.7016
300.6982
300.6909
300.6752
300.6556
300.6428
300.6179
300.5861
300.5778
300.5716
300.7257
300.6807
300.6779
300.6822
300.687
300.6912
300.6947
300.6977
300.7003
300.703
300.7064
300.7058
300.7059
300.7063
300.7066
300.7065
300.7062
300.7055
300.7044
300.7029
300.7009
300.6976
300.6904
300.6752
300.6561
300.6435
300.6189
300.5881
300.5799
300.5736
300.695
300.6722
300.6753
300.6806
300.6856
300.6899
300.6935
300.6965
300.6994
300.7038
300.711
300.7066
300.7052
300.7054
300.7056
300.7055
300.7052
300.7045
300.7034
300.7019
300.6998
300.6967
300.6904
300.6777
300.6615
300.6503
300.6291
300.619
300.6118
300.6054
300.6627
300.6667
300.6728
300.6786
300.6837
300.6881
300.6917
300.6948
300.6975
300.7004
300.7039
300.7033
300.7034
300.7039
300.7042
300.7042
300.7038
300.7031
300.702
300.7004
300.6984
300.6957
300.6915
300.6848
300.677
300.6706
300.6623
300.6555
300.6486
300.6421
300.6573
300.6634
300.6701
300.6761
300.6813
300.6858
300.6896
300.6927
300.6954
300.6977
300.6997
300.7007
300.7015
300.7021
300.7024
300.7024
300.702
300.7013
300.7001
300.6985
300.6965
300.694
300.6907
300.6864
300.6815
300.6763
300.6705
300.6643
300.6577
300.6508
300.6536
300.66
300.6668
300.673
300.6783
300.6829
300.6868
300.6901
300.6929
300.6951
300.6969
300.6982
300.6992
300.6999
300.7002
300.7002
300.6998
300.699
300.6978
300.6962
300.6941
300.6915
300.6884
300.6846
300.6801
300.6751
300.6696
300.6642
300.6593
300.6508
300.6495
300.656
300.663
300.6693
300.6748
300.6795
300.6836
300.687
300.6898
300.6922
300.694
300.6954
300.6965
300.6972
300.6975
300.6975
300.6971
300.6963
300.695
300.6934
300.6912
300.6885
300.6853
300.6815
300.677
300.672
300.6667
300.6629
300.6617
300.6497
300.6447
300.6513
300.6585
300.6649
300.6706
300.6755
300.6797
300.6832
300.6862
300.6887
300.6906
300.6921
300.6932
300.694
300.6943
300.6943
300.6938
300.693
300.6917
300.69
300.6877
300.685
300.6816
300.6777
300.6731
300.6678
300.6621
300.6563
300.6512
300.6424
300.6392
300.6459
300.6533
300.6599
300.6657
300.6708
300.6752
300.6788
300.682
300.6845
300.6866
300.6882
300.6893
300.6901
300.6905
300.6905
300.69
300.6891
300.6878
300.686
300.6836
300.6808
300.6773
300.6732
300.6685
300.6631
300.6569
300.6502
300.643
300.6357
300.6329
300.6398
300.6473
300.6541
300.6602
300.6654
300.6699
300.6738
300.6771
300.6798
300.6819
300.6836
300.6848
300.6857
300.6861
300.686
300.6855
300.6846
300.6832
300.6813
300.6789
300.6759
300.6723
300.6681
300.6632
300.6576
300.6512
300.6441
300.6364
300.6292
300.6259
300.6329
300.6406
300.6476
300.6538
300.6593
300.664
300.668
300.6714
300.6742
300.6765
300.6783
300.6796
300.6805
300.6809
300.6808
300.6803
300.6794
300.6779
300.6759
300.6734
300.6703
300.6666
300.6622
300.6571
300.6513
300.6448
300.6374
300.6295
300.6223
300.618
300.6252
300.6331
300.6403
300.6467
300.6523
300.6572
300.6614
300.665
300.6679
300.6703
300.6722
300.6736
300.6745
300.675
300.6749
300.6744
300.6734
300.6718
300.6698
300.6672
300.6639
300.66
300.6555
300.6503
300.6443
300.6376
300.63
300.6219
300.6146
300.6096
300.617
300.625
300.6324
300.6389
300.6448
300.6498
300.6542
300.6579
300.661
300.6635
300.6655
300.6669
300.6679
300.6684
300.6684
300.6678
300.6667
300.6651
300.663
300.6603
300.6569
300.6529
300.6482
300.6428
300.6367
300.6298
300.6221
300.6138
300.6063
300.602
300.6094
300.6176
300.6251
300.6318
300.6378
300.643
300.6475
300.6514
300.6546
300.6572
300.6592
300.6608
300.6618
300.6623
300.6622
300.6617
300.6606
300.6589
300.6567
300.6539
300.6504
300.6463
300.6415
300.6359
300.6297
300.6226
300.6148
300.6064
300.5988
)
;

boundaryField
{
    fmaxY
    {
        type            zeroGradient;
    }
    fminX
    {
        type            zeroGradient;
    }
    fmaxX
    {
        type            zeroGradient;
    }
    fminY
    {
        type            zeroGradient;
    }
    fminZ
    {
        type            externalWallHeatFluxTemperature;
        mode            coefficient;
        kappaMethod     solidThermo;
        kappa           none;
        h               constant 1000000;
        Ta              uniform 313;
        thicknessLayers List<scalar> 2(1 2);
        kappaLayers     List<scalar> 2(100 200);
        qr              none;
        refValue        uniform 313;
        refGradient     uniform 0;
        valueFraction   nonuniform List<scalar> 
900
(
0.04950261
0.04950261
0.04950261
0.04950261
0.04950261
0.04950261
0.04950261
0.04950261
0.04950261
0.04950261
0.04950261
0.04950261
0.04950261
0.04950261
0.04950261
0.04950261
0.04950261
0.04950261
0.04950261
0.04950261
0.04950261
0.04950261
0.04950261
0.04950261
0.04950261
0.04950261
0.04950261
0.04950261
0.04950261
0.04950261
0.04950261
0.04950261
0.04950261
0.04950261
0.04950261
0.04950261
0.04950261
0.04950261
0.04950261
0.04950261
0.04950261
0.04950261
0.04950261
0.04950261
0.04950261
0.04950261
0.04950261
0.04950261
0.04950261
0.04950261
0.04950261
0.04950261
0.04950261
0.04950261
0.04950261
0.04950261
0.04950261
0.04950261
0.04950261
0.04950261
0.04950261
0.04950261
0.04950261
0.04950261
0.04950261
0.04950261
0.04950261
0.04950261
0.04950261
0.04950261
0.04950261
0.04950261
0.04950261
0.04950261
0.04950261
0.04950261
0.04950261
0.04950261
0.04950261
0.04950261
0.04950261
0.04950261
0.04950261
0.04950261
0.04950261
0.04950261
0.04950261
0.04950261
0.04950261
0.04950261
0.04950261
0.04950261
0.04950261
0.04950261
0.04950261
0.04950261
0.04950261
0.04950261
0.04950261
0.04950261
0.04950261
0.04950261
0.04950261
0.04950261
0.04950261
0.04950261
0.04950261
0.04950261
0.04950261
0.04950261
0.04950261
0.04950261
0.04950261
0.04950261
0.04950261
0.04950261
0.04950261
0.04950261
0.04950261
0.04950261
0.04950261
0.04950261
0.04950261
0.04950261
0.04950261
0.04950261
0.04950261
0.04950261
0.04950261
0.04950261
0.04950261
0.04950261
0.04950261
0.04950261
0.04950261
0.04950261
0.04950261
0.04950261
0.04950261
0.04950261
0.04950261
0.04950261
0.04950261
0.04950261
0.04950261
0.04950261
0.04950261
0.04950261
0.04950261
0.04950261
0.04950261
0.04950261
0.04950261
0.04950261
0.04950261
0.04950261
0.04950261
0.04950261
0.04950261
0.04950261
0.04950261
0.04950261
0.04950261
0.04950261
0.04950261
0.04950261
0.04950261
0.04950261
0.04950261
0.04950261
0.04950261
0.04950261
0.04950261
0.04950261
0.04950261
0.04950261
0.04950261
0.04950261
0.04950261
0.04950261
0.04950261
0.04950261
0.04950261
0.04950261
0.04950261
0.04950261
0.04950261
0.04950261
0.04950261
0.04950261
0.04950261
0.04950261
0.04950261
0.04950261
0.04950261
0.04950261
0.04950261
0.04950261
0.04950261
0.04950261
0.04950261
0.04950261
0.04950261
0.04950261
0.04950261
0.04950261
0.04950261
0.04950261
0.04950261
0.04950261
0.04950261
0.04950261
0.04950261
0.04950261
0.04950261
0.04950261
0.04950261
0.04950261
0.04950261
0.04950261
0.04950261
0.04950261
0.04950261
0.04950261
0.04950261
0.04950261
0.04950261
0.04950261
0.04950261
0.04950261
0.04950261
0.04950261
0.04950261
0.04950261
0.04950261
0.04950261
0.04950261
0.04950261
0.04950261
0.04950261
0.04950261
0.04950261
0.04950261
0.04950261
0.04950261
0.04950261
0.04950261
0.04950261
0.04950261
0.04950261
0.04950261
0.04950261
0.04950261
0.04950261
0.04950261
0.04950261
0.04950261
0.04950261
0.04950261
0.04950261
0.04950261
0.04950261
0.04950261
0.04950261
0.04950261
0.04950261
0.04950261
0.04950261
0.04950261
0.04950261
0.04950261
0.04950261
0.04950261
0.04950261
0.04950261
0.04950261
0.04950261
0.04950261
0.04950261
0.04950261
0.04950261
0.04950261
0.04950261
0.04950261
0.04950261
0.04950261
0.04950261
0.04950261
0.04950261
0.04950261
0.04950261
0.04950261
0.04950261
0.04950261
0.04950261
0.04950261
0.04950261
0.04950261
0.04950261
0.04950261
0.04950261
0.04950261
0.04950261
0.04950261
0.04950261
0.04950261
0.04950261
0.04950261
0.04950261
0.04950261
0.04950261
0.04950261
0.04950261
0.04950261
0.04950261
0.04950261
0.04950261
0.04950261
0.04950261
0.04950261
0.04950261
0.04950261
0.04950261
0.04950261
0.04950261
0.04950261
0.04950261
0.04950261
0.04950261
0.04950261
0.04950261
0.04950261
0.04950261
0.04950261
0.04950261
0.04950261
0.04950261
0.04950261
0.04950261
0.04950261
0.04950261
0.04950261
0.04950261
0.04950261
0.04950261
0.04950261
0.04950261
0.04950261
0.04950261
0.04950261
0.04950261
0.04950261
0.04950261
0.04950261
0.04950261
0.04950261
0.04950261
0.04950261
0.04950261
0.04950261
0.04950261
0.04950261
0.04950261
0.04950261
0.04950261
0.04950261
0.04950261
0.04950261
0.04950261
0.04950261
0.04950261
0.04950261
0.04950261
0.04950261
0.04950261
0.04950261
0.04950261
0.04950261
0.04950261
0.04950261
0.04950261
0.04950261
0.04950261
0.04950261
0.04950261
0.04950261
0.04950261
0.04950261
0.04950261
0.04950261
0.04950261
0.04950261
0.04950261
0.04950261
0.04950261
0.04950261
0.04950261
0.04950261
0.04950261
0.04950261
0.04950261
0.04950261
0.04950261
0.04950261
0.04950261
0.04950261
0.04950261
0.04950261
0.04950261
0.04950261
0.04950261
0.04950261
0.04950261
0.04950261
0.04950261
0.04950261
0.04950261
0.04950261
0.04950261
0.04950261
0.04950261
0.04950261
0.04950261
0.04950261
0.04950261
0.04950261
0.04950261
0.04950261
0.04950261
0.04950261
0.04950261
0.04950261
0.04950261
0.04950261
0.04950261
0.04950261
0.04950261
0.04950261
0.04950261
0.04950261
0.04950261
0.04950261
0.04950261
0.04950261
0.04950261
0.04950261
0.04950261
0.04950261
0.04950261
0.04950261
0.04950261
0.04950261
0.04950261
0.04950261
0.04950261
0.04950261
0.04950261
0.04950261
0.04950261
0.04950261
0.04950261
0.04950261
0.04950261
0.04950261
0.04950261
0.04950261
0.04950261
0.04950261
0.04950261
0.04950261
0.04950261
0.04950261
0.04950261
0.04950261
0.04950261
0.04950261
0.04950261
0.04950261
0.04950261
0.04950261
0.04950261
0.04950261
0.04950261
0.04950261
0.04950261
0.04950261
0.04950261
0.04950261
0.04950261
0.04950261
0.04950261
0.04950261
0.04950261
0.04950261
0.04950261
0.04950261
0.04950261
0.04950261
0.04950261
0.04950261
0.04950261
0.04950261
0.04950261
0.04950261
0.04950261
0.04950261
0.04950261
0.04950261
0.04950261
0.04950261
0.04950261
0.04950261
0.04950261
0.04950261
0.04950261
0.04950261
0.04950261
0.04950261
0.04950261
0.04950261
0.04950261
0.04950261
0.04950261
0.04950261
0.04950261
0.04950261
0.04950261
0.04950261
0.04950261
0.04950261
0.04950261
0.04950261
0.04950261
0.04950261
0.04950261
0.04950261
0.04950261
0.04950261
0.04950261
0.04950261
0.04950261
0.04950261
0.04950261
0.04950261
0.04950261
0.04950261
0.04950261
0.04950261
0.04950261
0.04950261
0.04950261
0.04950261
0.04950261
0.04950261
0.04950261
0.04950261
0.04950261
0.04950261
0.04950261
0.04950261
0.04950261
0.04950261
0.04950261
0.04950261
0.04950261
0.04950261
0.04950261
0.04950261
0.04950261
0.04950261
0.04950261
0.04950261
0.04950261
0.04950261
0.04950261
0.04950261
0.04950261
0.04950261
0.04950261
0.04950261
0.04950261
0.04950261
0.04950261
0.04950261
0.04950261
0.04950261
0.04950261
0.04950261
0.04950261
0.04950261
0.04950261
0.04950261
0.04950261
0.04950261
0.04950261
0.04950261
0.04950261
0.04950261
0.04950261
0.04950261
0.04950261
0.04950261
0.04950261
0.04950261
0.04950261
0.04950261
0.04950261
0.04950261
0.04950261
0.04950261
0.04950261
0.04950261
0.04950261
0.04950261
0.04950261
0.04950261
0.04950261
0.04950261
0.04950261
0.04950261
0.04950261
0.04950261
0.04950261
0.04950261
0.04950261
0.04950261
0.04950261
0.04950261
0.04950261
0.04950261
0.04950261
0.04950261
0.04950261
0.04950261
0.04950261
0.04950261
0.04950261
0.04950261
0.04950261
0.04950261
0.04950261
0.04950261
0.04950261
0.04950261
0.04950261
0.04950261
0.04950261
0.04950261
0.04950261
0.04950261
0.04950261
0.04950261
0.04950261
0.04950261
0.04950261
0.04950261
0.04950261
0.04950261
0.04950261
0.04950261
0.04950261
0.04950261
0.04950261
0.04950261
0.04950261
0.04950261
0.04950261
0.04950261
0.04950261
0.04950261
0.04950261
0.04950261
0.04950261
0.04950261
0.04950261
0.04950261
0.04950261
0.04950261
0.04950261
0.04950261
0.04950261
0.04950261
0.04950261
0.04950261
0.04950261
0.04950261
0.04950261
0.04950261
0.04950261
0.04950261
0.04950261
0.04950261
0.04950261
0.04950261
0.04950261
0.04950261
0.04950261
0.04950261
0.04950261
0.04950261
0.04950261
0.04950261
0.04950261
0.04950261
0.04950261
0.04950261
0.04950261
0.04950261
0.04950261
0.04950261
0.04950261
0.04950261
0.04950261
0.04950261
0.04950261
0.04950261
0.04950261
0.04950261
0.04950261
0.04950261
0.04950261
0.04950261
0.04950261
0.04950261
0.04950261
0.04950261
0.04950261
0.04950261
0.04950261
0.04950261
0.04950261
0.04950261
0.04950261
0.04950261
0.04950261
0.04950261
0.04950261
0.04950261
0.04950261
0.04950261
0.04950261
0.04950261
0.04950261
0.04950261
0.04950261
0.04950261
0.04950261
0.04950261
0.04950261
0.04950261
0.04950261
0.04950261
0.04950261
0.04950261
0.04950261
0.04950261
0.04950261
0.04950261
0.04950261
0.04950261
0.04950261
0.04950261
0.04950261
0.04950261
0.04950261
0.04950261
0.04950261
0.04950261
0.04950261
0.04950261
0.04950261
0.04950261
0.04950261
0.04950261
0.04950261
0.04950261
0.04950261
0.04950261
0.04950261
0.04950261
0.04950261
0.04950261
0.04950261
0.04950261
0.04950261
0.04950261
0.04950261
0.04950261
0.04950261
0.04950261
0.04950261
0.04950261
0.04950261
0.04950261
0.04950261
0.04950261
0.04950261
0.04950261
0.04950261
0.04950261
0.04950261
0.04950261
0.04950261
0.04950261
0.04950261
0.04950261
0.04950261
0.04950261
0.04950261
0.04950261
0.04950261
0.04950261
0.04950261
0.04950261
0.04950261
0.04950261
0.04950261
0.04950261
0.04950261
0.04950261
0.04950261
0.04950261
0.04950261
0.04950261
0.04950261
0.04950261
0.04950261
0.04950261
0.04950261
0.04950261
0.04950261
0.04950261
0.04950261
0.04950261
0.04950261
0.04950261
0.04950261
0.04950261
0.04950261
0.04950261
0.04950261
0.04950261
0.04950261
0.04950261
0.04950261
0.04950261
0.04950261
0.04950261
0.04950261
0.04950261
0.04950261
0.04950261
0.04950261
0.04950261
0.04950261
0.04950261
0.04950261
0.04950261
0.04950261
0.04950261
0.04950261
0.04950261
0.04950261
0.04950261
0.04950261
0.04950261
0.04950261
0.04950261
0.04950261
0.04950261
0.04950261
0.04950261
0.04950261
0.04950261
0.04950261
0.04950261
0.04950261
0.04950261
0.04950261
0.04950261
0.04950261
0.04950261
0.04950261
0.04950261
0.04950261
0.04950261
0.04950261
0.04950261
0.04950261
0.04950261
0.04950261
0.04950261
0.04950261
0.04950261
0.04950261
0.04950261
0.04950261
0.04950261
0.04950261
0.04950261
)
;
        value           nonuniform List<scalar> 
900
(
302.1358
302.1377
302.14
302.1423
302.1443
302.146
302.1476
302.149
302.1502
302.1514
302.1538
302.1601
302.1587
302.1675
302.1706
302.1711
302.1704
302.167
302.157
302.1527
302.1512
302.1501
302.1489
302.1476
302.146
302.1442
302.1422
302.14
302.1376
302.1357
302.1377
302.1396
302.1419
302.1441
302.146
302.1478
302.1493
302.1506
302.1518
302.1528
302.154
302.1559
302.1563
302.159
302.1601
302.1603
302.16
302.1586
302.1554
302.1537
302.1527
302.1517
302.1506
302.1493
302.1477
302.146
302.144
302.1418
302.1395
302.1376
302.14
302.1418
302.1441
302.1462
302.1481
302.1498
302.1513
302.1526
302.1537
302.1546
302.1554
302.1562
302.1567
302.1574
302.1578
302.1578
302.1576
302.1571
302.1562
302.1554
302.1546
302.1537
302.1526
302.1513
302.1498
302.1481
302.1462
302.144
302.1418
302.1399
302.1421
302.1439
302.1461
302.1482
302.1501
302.1517
302.1532
302.1544
302.1554
302.1563
302.1571
302.1576
302.1581
302.1584
302.1586
302.1586
302.1584
302.1581
302.1576
302.157
302.1563
302.1554
302.1544
302.1531
302.1517
302.15
302.1482
302.1461
302.1439
302.142
302.144
302.1458
302.148
302.15
302.1518
302.1534
302.1548
302.156
302.157
302.1578
302.1585
302.1591
302.1594
302.1597
302.1599
302.1599
302.1597
302.1595
302.159
302.1585
302.1578
302.157
302.156
302.1548
302.1534
302.1518
302.15
302.1479
302.1458
302.144
302.1457
302.1475
302.1496
302.1516
302.1533
302.1549
302.1562
302.1573
302.1583
302.1591
302.1598
302.1603
302.1607
302.1609
302.161
302.161
302.1609
302.1607
302.1603
302.1598
302.1591
302.1583
302.1573
302.1562
302.1548
302.1533
302.1515
302.1495
302.1474
302.1457
302.1472
302.149
302.151
302.1529
302.1546
302.1561
302.1574
302.1585
302.1594
302.1602
302.1608
302.1613
302.1617
302.1619
302.162
302.162
302.1619
302.1617
302.1613
302.1608
302.1602
302.1594
302.1585
302.1574
302.1561
302.1546
302.1529
302.151
302.1489
302.1472
302.1485
302.1502
302.1522
302.1541
302.1558
302.1572
302.1584
302.1595
302.1604
302.1611
302.1617
302.1622
302.1625
302.1628
302.1629
302.1629
302.1628
302.1625
302.1622
302.1617
302.1611
302.1604
302.1595
302.1584
302.1572
302.1557
302.154
302.1522
302.1502
302.1485
302.1497
302.1513
302.1533
302.1551
302.1567
302.1581
302.1593
302.1603
302.1612
302.1619
302.1625
302.1629
302.1632
302.1634
302.1636
302.1636
302.1635
302.1633
302.1631
302.1625
302.1619
302.1612
302.1603
302.1593
302.1581
302.1566
302.155
302.1532
302.1512
302.1496
302.1506
302.1522
302.1541
302.1559
302.1575
302.1588
302.16
302.161
302.1618
302.1625
302.1631
302.1635
302.1638
302.164
302.1641
302.1641
302.1641
302.1642
302.1647
302.1635
302.1626
302.1618
302.161
302.16
302.1588
302.1574
302.1559
302.1541
302.1521
302.1505
302.1514
302.1529
302.1548
302.1566
302.1581
302.1594
302.1606
302.1615
302.1623
302.163
302.1635
302.164
302.1643
302.1645
302.1645
302.1646
302.1647
302.1655
302.1676
302.1647
302.1632
302.1624
302.1615
302.1605
302.1594
302.1581
302.1565
302.1548
302.1529
302.1513
302.1519
302.1535
302.1554
302.1571
302.1586
302.1599
302.161
302.162
302.1627
302.1634
302.1639
302.1643
302.1646
302.1648
302.1649
302.1649
302.1649
302.165
302.1655
302.1643
302.1634
302.1627
302.1619
302.161
302.1599
302.1585
302.157
302.1553
302.1534
302.1519
302.1524
302.1539
302.1558
302.1575
302.159
302.1602
302.1613
302.1623
302.163
302.1637
302.1642
302.1646
302.1649
302.165
302.1651
302.1651
302.1651
302.1649
302.1648
302.1642
302.1637
302.163
302.1622
302.1613
302.1602
302.1589
302.1574
302.1557
302.1539
302.1523
302.1527
302.1542
302.156
302.1577
302.1592
302.1605
302.1616
302.1625
302.1632
302.1639
302.1644
302.1648
302.165
302.1652
302.1653
302.1653
302.1652
302.165
302.1648
302.1644
302.1638
302.1632
302.1624
302.1615
302.1604
302.1592
302.1577
302.156
302.1541
302.1526
302.1528
302.1544
302.1562
302.1579
302.1593
302.1606
302.1617
302.1626
302.1633
302.164
302.1645
302.1648
302.1651
302.1653
302.1654
302.1654
302.1653
302.1651
302.1648
302.1644
302.1639
302.1633
302.1625
302.1616
302.1605
302.1593
302.1578
302.1561
302.1543
302.1528
302.1528
302.1544
302.1562
302.1579
302.1593
302.1606
302.1617
302.1626
302.1633
302.164
302.1645
302.1648
302.1651
302.1653
302.1654
302.1654
302.1653
302.1651
302.1648
302.1644
302.1639
302.1633
302.1625
302.1616
302.1605
302.1593
302.1578
302.1561
302.1543
302.1527
302.1527
302.1542
302.156
302.1577
302.1592
302.1605
302.1615
302.1625
302.1632
302.1639
302.1644
302.1647
302.165
302.1652
302.1653
302.1653
302.1652
302.165
302.1647
302.1643
302.1638
302.1632
302.1624
302.1615
302.1604
302.1591
302.1577
302.156
302.1541
302.1526
302.1524
302.1539
302.1557
302.1574
302.1589
302.1602
302.1613
302.1622
302.163
302.1636
302.1642
302.1645
302.1648
302.165
302.1651
302.1651
302.165
302.1648
302.1645
302.1641
302.1636
302.163
302.1622
302.1613
302.1602
302.1589
302.1574
302.1557
302.1538
302.1523
302.1519
302.1535
302.1553
302.157
302.1585
302.1598
302.1609
302.1619
302.1627
302.1633
302.1638
302.1642
302.1645
302.1647
302.1648
302.1648
302.1647
302.1645
302.1642
302.1638
302.1633
302.1627
302.1619
302.1609
302.1598
302.1585
302.157
302.1552
302.1534
302.1518
302.1513
302.1528
302.1547
302.1565
302.158
302.1593
302.1604
302.1614
302.1622
302.1629
302.1634
302.1638
302.1641
302.1643
302.1644
302.1644
302.1643
302.1641
302.1638
302.1634
302.1629
302.1622
302.1614
302.1604
302.1593
302.1579
302.1564
302.1546
302.1528
302.1512
302.1505
302.1521
302.154
302.1557
302.1573
302.1586
302.1598
302.1608
302.1616
302.1623
302.1629
302.1633
302.1636
302.1637
302.1638
302.1638
302.1637
302.1635
302.1632
302.1628
302.1623
302.1616
302.1608
302.1598
302.1586
302.1572
302.1557
302.1539
302.152
302.1504
302.1495
302.1511
302.153
302.1548
302.1564
302.1578
302.159
302.16
302.1609
302.1616
302.1622
302.1626
302.1627
302.1626
302.1625
302.1625
302.1624
302.1622
302.162
302.1619
302.1615
302.1609
302.16
302.159
302.1578
302.1564
302.1548
302.153
302.151
302.1494
302.1483
302.1499
302.1519
302.1538
302.1554
302.1568
302.1581
302.1591
302.16
302.1607
302.1613
302.1616
302.1612
302.1598
302.1592
302.159
302.1589
302.1588
302.1592
302.1604
302.1605
302.1599
302.1591
302.158
302.1568
302.1553
302.1537
302.1518
302.1499
302.1482
302.1469
302.1486
302.1506
302.1525
302.1542
302.1557
302.1569
302.158
302.1589
302.1597
302.1602
302.1602
302.1584
302.1536
302.1516
302.1511
302.151
302.1512
302.153
302.1575
302.1591
302.1588
302.158
302.1569
302.1556
302.1541
302.1524
302.1505
302.1485
302.1468
302.1453
302.147
302.1491
302.1511
302.1528
302.1543
302.1556
302.1567
302.1577
302.1585
302.159
302.1587
302.1555
302.1468
302.1433
302.1426
302.1424
302.143
302.1462
302.1546
302.1575
302.1575
302.1567
302.1556
302.1542
302.1527
302.151
302.149
302.147
302.1452
302.1435
302.1453
302.1474
302.1494
302.1512
302.1527
302.1541
302.1552
302.1562
302.157
302.1576
302.1572
302.1535
302.1432
302.1392
302.1383
302.1382
302.1388
302.1425
302.1526
302.156
302.1561
302.1553
302.1541
302.1527
302.1511
302.1493
302.1473
302.1452
302.1434
302.1415
302.1433
302.1455
302.1475
302.1493
302.1509
302.1523
302.1536
302.1546
302.1554
302.156
302.1556
302.1513
302.1385
302.134
302.133
302.1329
302.1335
302.1378
302.1504
302.1543
302.1546
302.1539
302.1525
302.1509
302.1493
302.1475
302.1454
302.1432
302.1414
302.1393
302.1411
302.1433
302.1454
302.1473
302.149
302.1504
302.1517
302.1527
302.1536
302.1542
302.1538
302.149
302.1358
302.131
302.13
302.1298
302.1305
302.1354
302.1485
302.1526
302.1533
302.1535
302.1511
302.1491
302.1473
302.1454
302.1433
302.141
302.1392
302.1369
302.1388
302.1411
302.1432
302.1451
302.1468
302.1483
302.1496
302.1507
302.1517
302.1523
302.152
302.1475
302.1349
302.1295
302.1281
302.1278
302.1285
302.1334
302.1466
302.1509
302.1524
302.1544
302.1502
302.1472
302.1451
302.1432
302.141
302.1387
302.1369
302.135
302.1369
302.1392
302.1414
302.1433
302.1451
302.1466
302.1479
302.1491
302.15
302.1507
302.1506
302.1469
302.1355
302.1289
302.1268
302.1263
302.1269
302.1318
302.1449
302.1491
302.1498
302.1501
302.1475
302.1452
302.1433
302.1413
302.1391
302.1368
302.1349
)
;
    }
    floor_to_air
    {
        type            compressible::turbulentTemperatureRadCoupledMixed;
        refValue        nonuniform List<scalar> 
900
(
300.1239
300.1249
300.126
300.1271
300.1283
300.1294
300.1305
300.1316
300.1326
300.1335
300.1343
300.135
300.1356
300.136
300.1362
300.1362
300.1361
300.1357
300.1352
300.1345
300.1337
300.1328
300.1318
300.1308
300.1297
300.1285
300.1274
300.1262
300.125
300.1241
300.1249
300.1258
300.127
300.1282
300.1294
300.1305
300.1317
300.1328
300.1338
300.1347
300.1356
300.1363
300.1369
300.1373
300.1375
300.1376
300.1374
300.137
300.1365
300.1358
300.135
300.134
300.133
300.1319
300.1308
300.1296
300.1284
300.1272
300.126
300.125
300.126
300.127
300.1282
300.1295
300.1307
300.1319
300.133
300.1342
300.1353
300.1363
300.1372
300.1379
300.1386
300.139
300.1393
300.1393
300.1391
300.1387
300.1381
300.1374
300.1365
300.1355
300.1344
300.1333
300.1321
300.1309
300.1297
300.1284
300.1272
300.1262
300.1272
300.1282
300.1295
300.1307
300.132
300.1332
300.1345
300.1357
300.1368
300.1379
300.1389
300.1397
300.1404
300.1409
300.1412
300.1412
300.141
300.1405
300.1399
300.1391
300.1381
300.1371
300.1359
300.1347
300.1335
300.1322
300.131
300.1297
300.1284
300.1273
300.1284
300.1294
300.1307
300.132
300.1333
300.1346
300.1359
300.1372
300.1384
300.1396
300.1407
300.1417
300.1424
300.143
300.1433
300.1433
300.1431
300.1426
300.1419
300.1409
300.1399
300.1387
300.1375
300.1362
300.1349
300.1335
300.1322
300.1309
300.1296
300.1285
300.1295
300.1306
300.1319
300.1333
300.1346
300.136
300.1374
300.1388
300.1401
300.1415
300.1427
300.1438
300.1446
300.1453
300.1456
300.1457
300.1454
300.1448
300.144
300.1429
300.1417
300.1404
300.1391
300.1377
300.1362
300.1348
300.1335
300.1321
300.1307
300.1296
300.1306
300.1317
300.1331
300.1345
300.1359
300.1374
300.1389
300.1404
300.1419
300.1434
300.1448
300.1461
300.1471
300.1478
300.1482
300.1483
300.1479
300.1473
300.1463
300.1451
300.1437
300.1422
300.1407
300.1392
300.1376
300.1361
300.1347
300.1332
300.1319
300.1307
300.1317
300.1328
300.1342
300.1357
300.1372
300.1388
300.1404
300.1421
300.1438
300.1455
300.1471
300.1486
300.1498
300.1506
300.1511
300.1512
300.1508
300.15
300.1488
300.1474
300.1458
300.1441
300.1424
300.1407
300.139
300.1374
300.1359
300.1344
300.1329
300.1317
300.1327
300.1339
300.1353
300.1369
300.1385
300.1402
300.1419
300.1438
300.1457
300.1477
300.1495
300.1513
300.1527
300.1538
300.1544
300.1544
300.1539
300.1529
300.1516
300.1499
300.148
300.1461
300.1441
300.1422
300.1404
300.1386
300.137
300.1354
300.1339
300.1327
300.1337
300.1349
300.1363
300.1379
300.1396
300.1415
300.1434
300.1455
300.1476
300.1499
300.1521
300.1541
300.1558
300.1571
300.1578
300.1578
300.1572
300.1561
300.1544
300.1524
300.1502
300.148
300.1458
300.1437
300.1417
300.1398
300.138
300.1363
300.1348
300.1335
300.1348
300.1358
300.1373
300.1389
300.1407
300.1427
300.1448
300.1471
300.1495
300.1521
300.1546
300.1569
300.1589
300.1604
300.1612
300.1612
300.1606
300.1592
300.1572
300.1549
300.1524
300.1499
300.1474
300.145
300.1428
300.1408
300.1389
300.1371
300.1354
300.1341
300.137
300.1367
300.1381
300.1398
300.1416
300.1437
300.146
300.1485
300.1512
300.154
300.1568
300.1595
300.1617
300.1633
300.1643
300.1643
300.1636
300.162
300.1599
300.1573
300.1544
300.1515
300.1488
300.1462
300.1437
300.1415
300.1394
300.1374
300.1356
300.1343
300.1365
300.1373
300.1387
300.1404
300.1424
300.1446
300.147
300.1497
300.1526
300.1557
300.1588
300.1617
300.1641
300.1659
300.1669
300.167
300.1661
300.1644
300.1621
300.1592
300.1561
300.1529
300.1498
300.1469
300.1441
300.1417
300.1392
300.1361
300.1341
300.1327
300.1386
300.138
300.1392
300.1409
300.1429
300.1452
300.1477
300.1505
300.1537
300.1569
300.1602
300.1632
300.1658
300.1678
300.169
300.1691
300.1681
300.1662
300.1637
300.1607
300.1573
300.1539
300.1505
300.1471
300.1438
300.141
300.1379
300.1344
300.1323
300.1309
300.1391
300.1383
300.1394
300.1412
300.1432
300.1455
300.1481
300.1509
300.1542
300.1576
300.161
300.1641
300.1668
300.1689
300.1701
300.1702
300.1692
300.1672
300.1645
300.1614
300.158
300.1544
300.1508
300.1472
300.1437
300.1407
300.1374
300.1339
300.1316
300.1302
300.1392
300.1383
300.1394
300.1412
300.1432
300.1455
300.1481
300.1509
300.1542
300.1576
300.161
300.1641
300.1668
300.1689
300.1701
300.1702
300.1692
300.1672
300.1645
300.1614
300.158
300.1544
300.1508
300.1471
300.1436
300.1405
300.1372
300.1336
300.1314
300.1299
300.139
300.1381
300.1392
300.1409
300.1429
300.1452
300.1477
300.1505
300.1537
300.1569
300.1603
300.1633
300.1659
300.1678
300.169
300.1691
300.1681
300.1662
300.1636
300.1606
300.1573
300.1538
300.1503
300.1468
300.1433
300.1403
300.137
300.1335
300.1312
300.1297
300.1383
300.1376
300.1388
300.1404
300.1424
300.1446
300.147
300.1497
300.1527
300.1558
300.159
300.1617
300.1641
300.1659
300.1669
300.167
300.1661
300.1644
300.162
300.1592
300.1561
300.1528
300.1495
300.1461
300.1428
300.1399
300.1368
300.1334
300.1312
300.1298
300.1366
300.1367
300.1381
300.1398
300.1417
300.1437
300.146
300.1485
300.1513
300.1542
300.1573
300.1597
300.1618
300.1634
300.1643
300.1643
300.1635
300.162
300.1599
300.1572
300.1544
300.1514
300.1485
300.1454
300.1424
300.1397
300.1369
300.1346
300.1328
300.1314
300.1347
300.1358
300.1373
300.1389
300.1407
300.1427
300.1448
300.1471
300.1495
300.1521
300.1547
300.157
300.1589
300.1604
300.1612
300.1612
300.1605
300.1592
300.1572
300.1549
300.1524
300.1498
300.1472
300.1446
300.1422
300.14
300.1379
300.136
300.1343
300.133
300.1337
300.1349
300.1363
300.1379
300.1396
300.1415
300.1434
300.1455
300.1477
300.1499
300.1521
300.1541
300.1558
300.1571
300.1578
300.1578
300.1572
300.156
300.1544
300.1524
300.1502
300.1479
300.1457
300.1435
300.1414
300.1395
300.1376
300.1359
300.1344
300.1331
300.1327
300.1339
300.1353
300.1369
300.1385
300.1402
300.1419
300.1438
300.1457
300.1477
300.1496
300.1513
300.1527
300.1538
300.1544
300.1544
300.1539
300.1529
300.1515
300.1498
300.148
300.146
300.1441
300.1421
300.1403
300.1385
300.1368
300.1353
300.1338
300.1326
300.1317
300.1328
300.1342
300.1357
300.1372
300.1388
300.1404
300.1421
300.1438
300.1455
300.1471
300.1486
300.1498
300.1506
300.1511
300.1512
300.1508
300.1499
300.1488
300.1474
300.1458
300.1441
300.1424
300.1406
300.139
300.1373
300.1358
300.1344
300.1332
300.1319
300.1306
300.1318
300.1331
300.1345
300.1359
300.1374
300.1389
300.1404
300.1419
300.1434
300.1448
300.1461
300.1471
300.1478
300.1482
300.1482
300.1479
300.1472
300.1463
300.1451
300.1437
300.1422
300.1407
300.1391
300.1376
300.1361
300.1346
300.1332
300.1319
300.1307
300.1295
300.1306
300.1319
300.1333
300.1346
300.136
300.1374
300.1388
300.1401
300.1415
300.1427
300.1438
300.1446
300.1453
300.1456
300.1456
300.1454
300.1448
300.144
300.1429
300.1417
300.1404
300.139
300.1376
300.1362
300.1348
300.1334
300.132
300.1307
300.1296
300.1284
300.1294
300.1307
300.132
300.1333
300.1346
300.1359
300.1372
300.1384
300.1396
300.1407
300.1416
300.1424
300.143
300.1433
300.1433
300.1431
300.1426
300.1418
300.1409
300.1399
300.1387
300.1374
300.1361
300.1348
300.1335
300.1322
300.1309
300.1296
300.1285
300.1272
300.1283
300.1295
300.1308
300.132
300.1332
300.1345
300.1357
300.1368
300.1379
300.1389
300.1397
300.1404
300.1409
300.1412
300.1412
300.141
300.1405
300.1399
300.1391
300.1381
300.137
300.1359
300.1347
300.1334
300.1322
300.1309
300.1296
300.1284
300.1273
300.126
300.127
300.1283
300.1295
300.1307
300.1319
300.1331
300.1342
300.1353
300.1363
300.1372
300.1379
300.1386
300.139
300.1392
300.1393
300.1391
300.1387
300.1381
300.1374
300.1365
300.1355
300.1344
300.1333
300.1321
300.1309
300.1296
300.1284
300.1272
300.1261
300.1249
300.1259
300.127
300.1282
300.1294
300.1306
300.1317
300.1328
300.1338
300.1347
300.1356
300.1363
300.1369
300.1373
300.1375
300.1376
300.1374
300.137
300.1365
300.1358
300.1349
300.134
300.133
300.1319
300.1308
300.1296
300.1284
300.1272
300.126
300.125
300.1239
300.1249
300.126
300.1272
300.1283
300.1294
300.1305
300.1316
300.1326
300.1335
300.1343
300.135
300.1356
300.136
300.1362
300.1362
300.136
300.1357
300.1352
300.1345
300.1337
300.1328
300.1318
300.1308
300.1296
300.1285
300.1273
300.1262
300.125
300.1241
)
;
        refGradient     nonuniform List<scalar> 
900
(
0.3693235
0.4110965
0.4488857
0.4828396
0.5130839
0.5397548
0.563012
0.5830273
0.6003004
0.6147529
0.6262704
0.6351452
0.6418752
0.6464357
0.6486611
0.6483896
0.64572
0.6407231
0.6333007
0.6234135
0.6107741
0.5951816
0.5766209
0.5550911
0.530327
0.5021798
0.47051
0.4351937
0.3961155
0.3531343
0.4124738
0.4535021
0.4904904
0.5236095
0.553008
0.5788448
0.6012974
0.6205516
0.6371141
0.6509282
0.6619155
0.6703737
0.6767692
0.6810902
0.6831768
0.6829016
0.6803608
0.6755893
0.6684765
0.6589709
0.6468179
0.6318185
0.6139165
0.5930833
0.569063
0.5416929
0.5108153
0.4762846
0.4379629
0.3956873
0.4517056
0.4919384
0.5280809
0.5603258
0.5888438
0.6138157
0.6354371
0.6539071
0.6697402
0.6828974
0.6933387
0.7013666
0.7074151
0.7114915
0.7134427
0.713168
0.7107486
0.7062074
0.6994149
0.6903044
0.6786523
0.6642621
0.6470372
0.6269221
0.6036714
0.5771089
0.5470588
0.5133542
0.4758353
0.4343178
0.4871598
0.5265685
0.5618422
0.5931946
0.6208176
0.6449132
0.6656945
0.6833785
0.6984722
0.7109689
0.7208597
0.7284507
0.7341496
0.7379811
0.7397985
0.7395255
0.7372249
0.7329138
0.7264436
0.7177337
0.7065857
0.6928069
0.6762654
0.6568709
0.6343983
0.608655
0.5794475
0.5465886
0.5098974
0.4691685
0.5189513
0.5575302
0.5919343
0.6223972
0.6491314
0.6723588
0.6923091
0.7092199
0.7235818
0.735428
0.7447752
0.7519326
0.7572868
0.7608786
0.7625706
0.7622949
0.7601098
0.7560229
0.7498695
0.7415558
0.7309039
0.7177252
0.7018568
0.683171
0.661467
0.6365354
0.6081655
0.5761509
0.5402903
0.5003583
0.5472035
0.5849688
0.6185241
0.6481215
0.6739929
0.6963788
0.7155263
0.7316891
0.7453432
0.7565618
0.7653833
0.7721201
0.7771411
0.7805029
0.7820781
0.7817961
0.7797229
0.7758492
0.7700007
0.7620696
0.7518951
0.7392926
0.7240713
0.7060689
0.6851067
0.6609609
0.6334044
0.6022121
0.5671637
0.5280148
0.5720552
0.6090416
0.6417873
0.6705614
0.6956135
0.717202
0.7355899
0.7510441
0.7640324
0.7746553
0.7829821
0.7893168
0.7940231
0.7971674
0.7986344
0.7983438
0.7963764
0.7927033
0.7871413
0.7795707
0.7698455
0.7577853
0.7431707
0.7258122
0.70555
0.6821477
0.6553634
0.6249543
0.5906821
0.5522848
0.5936535
0.6299104
0.6618997
0.6899096
0.7142038
0.7350544
0.7527391
0.7675374
0.7799128
0.789983
0.7978519
0.8038141
0.8082302
0.8111763
0.8125394
0.8122405
0.8103712
0.8068826
0.8015835
0.7943441
0.7850321
0.77347
0.759412
0.7426464
0.72303
0.7003142
0.6742431
0.6445613
0.6110163
0.5733256
0.6123214
0.6478939
0.679175
0.7064645
0.7300431
0.7501988
0.7672243
0.7814092
0.793215
0.8027686
0.8102103
0.8158253
0.8199716
0.8227373
0.8240011
0.8236948
0.821917
0.8186012
0.8135475
0.8066178
0.797692
0.7865932
0.7730539
0.7568433
0.7378346
0.7157689
0.6903748
0.6613809
0.6285174
0.5914913
0.6280104
0.6629865
0.6936358
0.7202822
0.7432232
0.7627596
0.7791954
0.7928303
0.8041255
0.8132188
0.820277
0.8255817
0.829487
0.8320936
0.8332659
0.8329541
0.8312564
0.8280962
0.8232615
0.8166075
0.8080269
0.7973414
0.7842679
0.768555
0.7500891
0.7286004
0.7038084
0.675429
0.6431788
0.6067503
0.6405077
0.6751661
0.7053277
0.7314451
0.7538558
0.7728754
0.7888191
0.8019947
0.8128607
0.8215672
0.8282992
0.8333415
0.8370446
0.8395153
0.8406106
0.8402944
0.8386612
0.8356322
0.8309823
0.8245612
0.8162702
0.8059291
0.7932425
0.7779446
0.7599304
0.7389212
0.7146284
0.6867573
0.6550116
0.6190728
1.055658
0.6845191
0.7144455
0.7401565
0.762144
0.780748
0.796293
0.8090963
0.8196135
0.8280113
0.8344726
0.8393024
0.8428435
0.8452015
0.8462355
0.8459179
0.8443386
0.8414155
0.8369146
0.8306797
0.8226189
0.8125572
0.8001891
0.7852461
0.7676163
0.7469985
0.7231133
0.6956677
0.6643158
0.6287482
0.6575236
0.6917771
0.7212728
0.7466388
0.7682874
0.7865611
0.8017911
0.8143008
0.824543
0.8326973
0.838946
0.8436092
0.8470275
0.8492949
0.8502789
0.8499585
0.8484206
0.8455811
0.8412008
0.8351143
0.8272369
0.817404
0.8053222
0.7907606
0.7735586
0.7532991
0.729853
0.3179024
0.2868701
0.2515524
1.067481
0.6962738
0.7257811
0.7509397
0.7723539
0.7903972
0.805407
0.8177124
0.827764
0.8357506
0.8418519
0.8463965
0.8497278
0.8519309
0.8528794
0.8525576
0.8510483
0.8482671
0.8439723
0.8379917
0.8302468
0.8205911
0.8087863
0.7947417
0.7782558
0.7584263
0.7361896
0.324576
0.2937324
0.2585139
1.069688
0.6986086
0.7280555
0.7530978
0.7743899
0.7923145
0.8072118
0.8194104
0.8293601
0.837258
0.8432835
0.8477652
0.8510511
0.8532217
0.8541524
0.8538298
0.8523354
0.8495844
0.8453338
0.8394076
0.8317317
0.8221679
0.8104959
0.796669
0.7804299
0.7607651
0.7387472
0.3272837
0.2966183
0.2616579
1.069644
0.6985956
0.728053
0.7530975
0.77439
0.7923147
0.807212
0.8194106
0.8293602
0.8372577
0.8432819
0.847765
0.8510515
0.8532221
0.8541528
0.8538303
0.8523358
0.8495848
0.8453342
0.839408
0.8317324
0.8221705
0.8105071
0.7967039
0.7804877
0.7608305
0.7388217
0.3273658
0.2967279
0.2618314
1.067138
0.6961911
0.725767
0.7509376
0.7723536
0.7903973
0.8054074
0.8177129
0.8277638
0.8357456
0.8418331
0.8463917
0.8497279
0.8519319
0.8528805
0.8525587
0.8510494
0.8482682
0.8439734
0.8379929
0.8302496
0.8206045
0.8088494
0.7949471
0.7786246
0.7588543
0.7367273
0.3251487
0.294392
0.2593805
1.062462
0.6914902
0.7212335
0.7466334
0.7682863
0.7865607
0.801791
0.8143004
0.8245377
0.83266
0.8388117
0.8435725
0.8470232
0.8492959
0.8502806
0.8499602
0.8484222
0.8455827
0.8412024
0.8351165
0.8272433
0.8174401
0.8055041
0.7913932
0.7748459
0.7548531
0.7324912
0.320658
0.2896691
0.2544328
1.056831
0.6846385
0.7144519
0.7401547
0.7621422
0.7807465
0.7962917
0.8090935
0.8195934
0.8278759
0.8339227
0.8391678
0.8428251
0.845201
0.8462371
0.8459197
0.8443405
0.8414173
0.8369164
0.830682
0.8226256
0.8125935
0.8003712
0.785879
0.768904
0.7485529
0.725751
0.6984168
0.6670807
0.6315309
0.6406767
0.6751884
0.7053216
0.7314362
0.7538469
0.7728666
0.7888105
0.8019857
0.8128466
0.8215212
0.8281563
0.8332964
0.8370322
0.8395086
0.8406048
0.840289
0.838656
0.8356272
0.8309774
0.8245567
0.8162674
0.8059369
0.7933004
0.7781454
0.7602951
0.7393451
0.7151593
0.6873036
0.6555581
0.6196243
0.6280131
0.6629727
0.6936181
0.7202639
0.7432048
0.7627411
0.7791768
0.7928116
0.8041061
0.8131947
0.8202393
0.8255582
0.8294689
0.8320768
0.8332495
0.8329382
0.8312409
0.8280811
0.8232469
0.8165934
0.8080136
0.7973306
0.7842677
0.7685827
0.7501431
0.728663
0.7038782
0.6754914
0.6432215
0.6068117
0.6122968
0.6478674
0.6791477
0.7064366
0.7300148
0.75017
0.7671951
0.7813798
0.7931853
0.8027384
0.8101788
0.8157954
0.8199428
0.8227091
0.8239734
0.8236677
0.8218904
0.8185753
0.8135223
0.8065933
0.7976684
0.7865706
0.7730336
0.7568276
0.7378226
0.715757
0.6903543
0.6613124
0.628331
0.5914127
0.5936165
0.6298723
0.6618607
0.6898697
0.714163
0.7350128
0.7526967
0.7674943
0.7798692
0.7899391
0.7978077
0.8037701
0.8081866
0.8111333
0.812497
0.8121988
0.8103303
0.8068426
0.8015445
0.7943062
0.7849953
0.7734344
0.7593778
0.7426137
0.7229984
0.7002801
0.6741827
0.644356
0.6103871
0.5730909
0.5720037
0.6089887
0.6417328
0.6705055
0.6955562
0.7171433
0.7355298
0.7509828
0.76397
0.7745922
0.7829186
0.7892531
0.7939594
0.7971043
0.7985719
0.7982822
0.7963157
0.7926438
0.7870831
0.7795142
0.7697906
0.7577321
0.7431192
0.7257625
0.7055019
0.6821
0.6553074
0.6248511
0.590462
0.5521734
0.5471377
0.584901
0.6184543
0.6480497
0.6739191
0.696303
0.7154485
0.7316096
0.7452622
0.7564797
0.7653004
0.7720367
0.7770576
0.7804197
0.7819956
0.7817145
0.7796425
0.7757702
0.7699234
0.7619944
0.7518219
0.7392217
0.7240026
0.7060025
0.6850426
0.6608988
0.6333425
0.6021431
0.5670765
0.5279476
0.5188715
0.5574478
0.5918494
0.6223097
0.6490413
0.6722662
0.6922141
0.7091226
0.7234826
0.7353273
0.7446733
0.7518299
0.7571838
0.7607759
0.7624685
0.7621939
0.7600101
0.7559247
0.7497735
0.7414621
0.7308128
0.7176367
0.701771
0.6830882
0.661387
0.6364581
0.6080908
0.5760776
0.540217
0.5002898
0.4870663
0.5264719
0.5617425
0.5930918
0.6207117
0.6448043
0.6655827
0.683264
0.6983554
0.7108503
0.7207396
0.7283294
0.7340279
0.7378595
0.7396775
0.7394056
0.7371064
0.7327972
0.7263293
0.7176221
0.7064771
0.6927013
0.676163
0.6567719
0.6343027
0.6085627
0.5793585
0.5465026
0.5098143
0.4690887
0.451599
0.4918281
0.527967
0.5602084
0.5887228
0.6136913
0.6353094
0.6537762
0.6696067
0.6827618
0.6932012
0.7012278
0.7072756
0.711352
0.7133039
0.7130303
0.7106124
0.7060732
0.6992832
0.6901758
0.678527
0.6641402
0.6469188
0.6268076
0.6035608
0.5770021
0.5469557
0.5132547
0.4757395
0.4342255
0.4123545
0.4533787
0.490363
0.5234781
0.5528727
0.5787056
0.6011545
0.6204053
0.6369648
0.6507765
0.6617616
0.6702184
0.676613
0.680934
0.6830211
0.6827471
0.6802079
0.6754385
0.6683285
0.6588261
0.6466767
0.631681
0.613783
0.592954
0.5689379
0.541572
0.5106986
0.4761721
0.4378544
0.3955828
0.369192
0.4109605
0.4487455
0.482695
0.512935
0.5396017
0.5628549
0.5828665
0.6001363
0.614586
0.6261013
0.6349744
0.6417035
0.6462638
0.6484898
0.6482194
0.6455514
0.6405567
0.6331372
0.6232535
0.6106178
0.5950293
0.5764729
0.5549477
0.5301881
0.5020455
0.4703802
0.4350685
0.3959948
0.353018
)
;
        valueFraction   nonuniform List<scalar> 
900
(
0.008113357
0.008083117
0.008056271
0.008035599
0.008018924
0.008004907
0.007992783
0.007982091
0.007972598
0.007964248
0.007957115
0.007951359
0.007947184
0.007944799
0.007944396
0.007946075
0.007949829
0.007955577
0.007963158
0.007972363
0.007982976
0.007994808
0.008007749
0.008021804
0.008037146
0.008054179
0.008073619
0.00809679
0.008125929
0.008158152
0.008082768
0.008035577
0.007999036
0.007973415
0.007954148
0.007938714
0.007925718
0.007914382
0.007904325
0.007895432
0.007887766
0.007881504
0.007876877
0.007874132
0.007873504
0.007875097
0.00787889
0.007884789
0.007892609
0.007902112
0.007913054
0.007925236
0.007938561
0.0079531
0.007969184
0.007987549
0.008009564
0.008037769
0.008076829
0.008126354
0.0080555
0.007998584
0.007953233
0.007921562
0.007898301
0.007880135
0.007865105
0.00785209
0.007840528
0.007830229
0.007821248
0.007813798
0.007808168
0.007804676
0.007803608
0.007805097
0.007809121
0.007815559
0.007824175
0.007834669
0.007846742
0.007860159
0.007874837
0.007890927
0.007908949
0.007929992
0.007956002
0.007990321
0.008038323
0.00809774
0.008034252
0.007972381
0.007920974
0.007884091
0.007856647
0.007835121
0.007817263
0.007801721
0.007787795
0.007775247
0.007764153
0.007754799
0.007747579
0.007742921
0.007741199
0.007742587
0.007747075
0.007754491
0.007764518
0.007776751
0.007790788
0.007806326
0.007823259
0.00784179
0.007862581
0.007886954
0.007917142
0.007956696
0.008010811
0.008075263
0.008016846
0.007952403
0.007897008
0.007855938
0.007824489
0.007799247
0.007777919
0.007759052
0.007741883
0.00772617
0.007712061
0.007699968
0.007690451
0.007684118
0.007681477
0.007682764
0.007687986
0.007696901
0.007709056
0.007723883
0.007740816
0.007759421
0.007779522
0.007801322
0.007825543
0.007853599
0.007887771
0.007931504
0.00798963
0.008056686
0.008001963
0.007936144
0.007878041
0.007833614
0.007798447
0.007769312
0.007743992
0.007721055
0.007699752
0.0076799
0.007661774
0.007645982
0.007633346
0.007624744
0.007620839
0.007622016
0.00762829
0.00763931
0.007654425
0.007672816
0.007693668
0.007716344
0.007740531
0.007766363
0.007794538
0.00782645
0.007864305
0.007911378
0.007972217
0.008040661
0.00798886
0.007922226
0.007862131
0.007814895
0.007776259
0.007743131
0.007713394
0.00768569
0.007659357
0.00763434
0.0076111
0.00759053
0.007573865
0.00756225
0.007556676
0.007557717
0.007565409
0.007579244
0.007598273
0.007621316
0.007647205
0.007675007
0.007704197
0.007734767
0.007767324
0.007803191
0.007844483
0.00789435
0.007957184
0.008026442
0.007977097
0.00790989
0.007848175
0.007798447
0.007756502
0.007719307
0.007684801
0.007651703
0.007619477
0.007588257
0.007558752
0.007532347
0.007510612
0.00749515
0.007487401
0.007488242
0.007497759
0.007515201
0.007539196
0.007568062
0.007600157
0.007634156
0.007669232
0.007705175
0.007742471
0.007782378
0.007826962
0.007879315
0.007943773
0.008013603
0.007966457
0.007898768
0.007835623
0.007783584
0.00773843
0.007697119
0.007657588
0.007618595
0.007579739
0.007541385
0.007504701
0.007471389
0.007443409
0.007423107
0.007412558
0.007413108
0.007424964
0.00744691
0.007476929
0.007512859
0.00755223
0.007593387
0.007635112
0.007676944
0.007719253
0.00776327
0.007811065
0.007865738
0.007931638
0.008001951
0.007956879
0.007888752
0.007824291
0.007770073
0.007721809
0.007676399
0.007631728
0.007586548
0.007540595
0.007494435
0.007450036
0.007409111
0.007374136
0.007348312
0.007334606
0.007334976
0.007349657
0.007376791
0.007413481
0.007456588
0.007504069
0.007553112
0.007602008
0.007650053
0.007697521
0.007745657
0.007796583
0.007853458
0.007920699
0.007991473
0.007948337
0.007879886
0.007814233
0.00775799
0.007706785
0.007657424
0.007607702
0.007556332
0.007503087
0.007449372
0.007396758
0.007346712
0.00730304
0.00727154
0.007256362
0.007256557
0.007272362
0.0073048
0.00734998
0.007402033
0.007457433
0.00751443
0.007570706
0.007625019
0.00767759
0.00772972
0.007783628
0.007842569
0.007911059
0.007982285
0.007939524
0.007872282
0.007805651
0.007747613
0.007693763
0.007640798
0.007586396
0.007529204
0.007469146
0.007408083
0.007346308
0.007286414
0.007240014
0.007206878
0.007189053
0.007189038
0.007207148
0.007241006
0.007288506
0.007350352
0.007414571
0.007479353
0.007542526
0.007602796
0.007660134
0.007715933
0.007772546
0.007833357
0.007902972
0.007974628
0.007935434
0.007866422
0.007798851
0.007739327
0.007683286
0.007627305
0.007568941
0.007506821
0.007440769
0.007372791
0.00730248
0.007239844
0.007188981
0.007150906
0.007130144
0.007129905
0.007150605
0.00718917
0.007241116
0.007305351
0.007378094
0.007449759
0.00751926
0.007584645
0.0076461
0.007705008
0.007763935
0.007827224
0.007897799
0.007969844
0.007929714
0.00786215
0.007794084
0.00773352
0.00767591
0.007617751
0.0075565
0.007490698
0.007420132
0.007346728
0.007270835
0.007206684
0.007150957
0.007108802
0.007085614
0.007085169
0.007107991
0.007150461
0.007207196
0.007272967
0.00735112
0.007428126
0.007502537
0.007571877
0.007636547
0.007697805
0.00775886
0.007823324
0.007894574
0.007966882
0.007927539
0.007859978
0.00779162
0.007730513
0.007672085
0.007612787
0.007550018
0.007482161
0.007409234
0.007332754
0.007255533
0.007188895
0.007130387
0.007085914
0.007061297
0.007060709
0.007084773
0.007129477
0.007188958
0.007257185
0.007336627
0.007416592
0.007493713
0.007565177
0.007631481
0.007693939
0.007755897
0.007820959
0.007892601
0.007965161
0.007927514
0.007859973
0.007791624
0.007730519
0.007672092
0.007612794
0.007550025
0.007482169
0.00740924
0.007332759
0.007255533
0.007188894
0.007130385
0.007085911
0.007061295
0.007060707
0.00708477
0.007129473
0.007188953
0.00725718
0.007336626
0.007416592
0.007493715
0.007565192
0.007631509
0.007693975
0.007755943
0.007821015
0.007892682
0.00796529
0.007929526
0.007862113
0.007794091
0.007733537
0.007675929
0.007617771
0.007556519
0.007490717
0.007420147
0.007346737
0.007270825
0.007206674
0.007150947
0.00710879
0.007085602
0.007085156
0.007107976
0.007150443
0.007207176
0.007272949
0.007351112
0.007428122
0.007502552
0.007571969
0.00763673
0.007698032
0.007759161
0.007823666
0.007894992
0.007967456
0.007933581
0.007866281
0.007798854
0.007739353
0.007683315
0.007627334
0.007568968
0.007506845
0.007440787
0.007372784
0.007302416
0.007239809
0.007188955
0.007150879
0.007130114
0.007129873
0.007150569
0.007189131
0.007241075
0.007305326
0.007378069
0.007449744
0.007519315
0.007584935
0.007646741
0.007705812
0.007765323
0.007828718
0.007899373
0.007971554
0.007940152
0.007872374
0.007805689
0.00774765
0.007693799
0.00764083
0.007586424
0.007529226
0.007469153
0.007408021
0.007346032
0.007286331
0.007239963
0.007206827
0.007188997
0.007188977
0.007207082
0.007240938
0.007288457
0.007350299
0.007414515
0.007479301
0.007542544
0.007603055
0.007660747
0.007716712
0.007773912
0.007834829
0.007904515
0.007976278
0.007948466
0.007879939
0.007814273
0.007758029
0.007706822
0.007657455
0.007607725
0.007556345
0.007503087
0.007449342
0.007396668
0.007346661
0.007302994
0.007271464
0.007256276
0.007256465
0.007272264
0.007304719
0.007349893
0.007401938
0.007457327
0.007514315
0.007570619
0.007625015
0.007677688
0.007729871
0.007783862
0.007842846
0.007911381
0.00798267
0.007956923
0.007888788
0.007824327
0.007770108
0.00772184
0.007676421
0.007631737
0.007586543
0.007540574
0.007494395
0.007449973
0.007409042
0.007374059
0.007348223
0.007334506
0.007334868
0.007349539
0.007376664
0.007413342
0.007456434
0.007503898
0.007552938
0.007601842
0.007649911
0.007697409
0.007745567
0.00779652
0.007853419
0.007920683
0.007991507
0.007966482
0.007898793
0.00783565
0.007783609
0.007738448
0.007697125
0.007657578
0.007618564
0.007579687
0.007541312
0.007504604
0.007471274
0.007443278
0.007422962
0.0074124
0.007412937
0.00742478
0.007446711
0.007476713
0.007512629
0.007551995
0.007593152
0.007634885
0.00767673
0.007719057
0.007763091
0.007810901
0.007865572
0.007931438
0.008001836
0.007977105
0.007909899
0.007848186
0.007798455
0.007756503
0.007719293
0.007684766
0.007651643
0.007619389
0.007588141
0.00755861
0.007532179
0.007510422
0.00749494
0.007487173
0.007487998
0.007497498
0.007514926
0.007538909
0.007567767
0.00759986
0.007633863
0.007668949
0.007704905
0.007742217
0.00778214
0.007826728
0.007879028
0.00794329
0.008013343
0.007988845
0.007922213
0.00786212
0.007814881
0.007776236
0.007743092
0.007713331
0.007685597
0.007659232
0.00763418
0.007610908
0.007590308
0.007573615
0.007561975
0.007556379
0.007557401
0.007565077
0.007578899
0.00759792
0.007620959
0.00764685
0.007674661
0.007703862
0.007734446
0.00776702
0.007802903
0.00784421
0.007894072
0.007956868
0.008026205
0.00800192
0.007936103
0.007878003
0.007833573
0.007798396
0.007769244
0.007743899
0.00772093
0.007699591
0.007679701
0.007661537
0.00764571
0.007633043
0.007624411
0.007620482
0.007621638
0.007627896
0.007638905
0.007654015
0.007672406
0.007693263
0.007715949
0.007740149
0.007765996
0.007794188
0.007826118
0.007863991
0.00791108
0.007971933
0.008040411
0.008016773
0.007952333
0.00789694
0.007855868
0.007824408
0.007799149
0.007777794
0.007758895
0.007741689
0.007725936
0.007711787
0.007699655
0.007690102
0.007683739
0.007681071
0.007682337
0.007687544
0.007696449
0.0077086
0.007723429
0.007740369
0.007758986
0.007779101
0.007800916
0.007825154
0.007853228
0.007887418
0.007931172
0.007989321
0.008056405
0.008034148
0.00797228
0.007920876
0.00788399
0.007856537
0.007834993
0.007817109
0.007801535
0.007787573
0.007774984
0.00776385
0.007754456
0.007747199
0.007742509
0.007740759
0.007742126
0.007746598
0.007754006
0.00776403
0.007776267
0.007790312
0.007805862
0.007822809
0.007841356
0.007862163
0.007886553
0.007916759
0.007956334
0.008010473
0.008074951
0.008055367
0.007998456
0.007953107
0.007921434
0.007898164
0.007879982
0.007864928
0.007851882
0.007840284
0.007829946
0.007820926
0.007813436
0.00780777
0.007804245
0.007803149
0.007804617
0.007808627
0.007815056
0.007823671
0.00783417
0.007846251
0.007859681
0.007874373
0.007890478
0.007908517
0.007929576
0.007955603
0.00798994
0.008037964
0.008097405
0.008082614
0.008035428
0.007998889
0.007973266
0.007953993
0.007938544
0.007925526
0.007914161
0.00790407
0.007895141
0.007887437
0.007881137
0.007876474
0.007873698
0.007873042
0.007874616
0.007878396
0.007884288
0.007892107
0.007901615
0.007912566
0.007924761
0.0079381
0.007952655
0.007968755
0.007987135
0.008009164
0.008037386
0.008076464
0.00812601
0.008113192
0.008082955
0.008056112
0.00803544
0.008018759
0.00800473
0.007992586
0.007981868
0.007972343
0.007963958
0.00795679
0.007950998
0.00794679
0.007944375
0.007943948
0.007945609
0.007949351
0.007955093
0.007962674
0.007971885
0.007982507
0.007994352
0.008007308
0.008021378
0.008036735
0.008053781
0.008073234
0.008096418
0.008125571
0.008157809
)
;
        source          uniform 0;
        value           nonuniform List<scalar> 
900
(
300.628
300.6388
300.65
300.6603
300.6695
300.6777
300.6848
300.6909
300.6962
300.7006
300.7041
300.7069
300.709
300.7104
300.7111
300.711
300.7102
300.7087
300.7064
300.7034
300.6995
300.6948
300.6891
300.6826
300.675
300.6665
300.6568
300.6461
300.6345
300.6234
300.6391
300.6498
300.6608
300.6709
300.6799
300.6878
300.6947
300.7006
300.7057
300.71
300.7134
300.716
300.718
300.7194
300.72
300.72
300.7192
300.7177
300.7156
300.7126
300.7089
300.7043
300.6988
300.6924
300.6851
300.6767
300.6673
300.6568
300.6454
300.6344
300.6507
300.6612
300.672
300.6819
300.6906
300.6983
300.7049
300.7106
300.7155
300.7195
300.7228
300.7253
300.7272
300.7285
300.7291
300.729
300.7283
300.7269
300.7248
300.722
300.7184
300.714
300.7087
300.7025
300.6954
300.6872
300.678
300.6678
300.6566
300.6458
300.6614
300.6717
300.6823
300.6918
300.7003
300.7077
300.7141
300.7196
300.7243
300.7281
300.7312
300.7336
300.7354
300.7366
300.7372
300.7371
300.7364
300.7351
300.7331
300.7304
300.7269
300.7227
300.7176
300.7116
300.7047
300.6968
300.6879
300.6779
300.6669
300.6563
300.671
300.6811
300.6914
300.7007
300.709
300.7161
300.7223
300.7275
300.732
300.7356
300.7386
300.7408
300.7425
300.7437
300.7442
300.7441
300.7435
300.7422
300.7403
300.7377
300.7344
300.7303
300.7254
300.7197
300.713
300.7053
300.6966
300.6868
300.6761
300.6657
300.6796
300.6894
300.6995
300.7086
300.7166
300.7235
300.7294
300.7344
300.7387
300.7422
300.7449
300.7471
300.7487
300.7497
300.7503
300.7502
300.7496
300.7484
300.7465
300.7441
300.7409
300.737
300.7323
300.7267
300.7202
300.7128
300.7043
300.6948
300.6843
300.6741
300.6871
300.6968
300.7066
300.7154
300.7232
300.7298
300.7355
300.7404
300.7444
300.7478
300.7504
300.7524
300.7539
300.755
300.7554
300.7554
300.7548
300.7536
300.7519
300.7495
300.7464
300.7427
300.7381
300.7328
300.7265
300.7193
300.711
300.7017
300.6915
300.6815
300.6936
300.7031
300.7127
300.7213
300.7288
300.7353
300.7408
300.7454
300.7493
300.7525
300.755
300.757
300.7584
300.7594
300.7598
300.7598
300.7592
300.7581
300.7564
300.7541
300.7512
300.7475
300.7432
300.7379
300.7319
300.7248
300.7168
300.7077
300.6976
300.6878
300.6993
300.7086
300.718
300.7264
300.7337
300.74
300.7453
300.7497
300.7535
300.7565
300.7589
300.7608
300.7621
300.7631
300.7635
300.7634
300.7629
300.7618
300.7602
300.758
300.7551
300.7516
300.7474
300.7423
300.7364
300.7296
300.7217
300.7128
300.703
300.6933
300.7048
300.7134
300.7224
300.7306
300.7377
300.7438
300.749
300.7533
300.7569
300.7598
300.7621
300.7639
300.7652
300.7661
300.7665
300.7664
300.7659
300.7649
300.7633
300.7612
300.7584
300.755
300.7509
300.7459
300.7402
300.7335
300.7258
300.7171
300.7074
300.6979
300.7146
300.7183
300.7262
300.7341
300.741
300.7469
300.752
300.7561
300.7596
300.7625
300.7647
300.7664
300.7677
300.7685
300.7689
300.7689
300.7684
300.7674
300.7658
300.7637
300.7611
300.7577
300.7536
300.7487
300.743
300.7364
300.7289
300.7202
300.7107
300.7014
300.7907
300.7262
300.7295
300.7368
300.7436
300.7494
300.7543
300.7584
300.7618
300.7645
300.7667
300.7684
300.7696
300.7704
300.7708
300.7708
300.7703
300.7693
300.7678
300.7657
300.7631
300.7598
300.7555
300.7501
300.7439
300.7372
300.7295
300.7199
300.7106
300.7018
300.73
300.7261
300.7315
300.7388
300.7455
300.7512
300.756
300.76
300.7633
300.766
300.7682
300.7698
300.771
300.7718
300.7722
300.7721
300.7716
300.7707
300.7692
300.7672
300.7646
300.7611
300.756
300.7481
300.739
300.731
300.7199
300.6584
300.6487
300.641
300.8091
300.7343
300.7339
300.7402
300.7467
300.7524
300.7571
300.7611
300.7644
300.767
300.7691
300.7707
300.7719
300.7727
300.7731
300.7731
300.7726
300.7716
300.7702
300.7682
300.7655
300.7615
300.7543
300.7405
300.7232
300.7104
300.6865
300.6219
300.6129
300.6072
300.8179
300.7371
300.735
300.7409
300.7474
300.753
300.7577
300.7616
300.7649
300.7675
300.7696
300.7712
300.7724
300.7732
300.7736
300.7735
300.773
300.7721
300.7706
300.7686
300.7659
300.7618
300.7536
300.7374
300.7171
300.703
300.6767
300.6114
300.6014
300.5938
300.819
300.7374
300.735
300.741
300.7474
300.753
300.7577
300.7616
300.7649
300.7675
300.7697
300.7712
300.7724
300.7732
300.7736
300.7735
300.773
300.7721
300.7706
300.7686
300.7659
300.7617
300.7533
300.7366
300.7157
300.7014
300.6748
300.6093
300.5987
300.59
300.8171
300.7364
300.7343
300.7403
300.7467
300.7524
300.7571
300.7611
300.7644
300.7672
300.7696
300.7709
300.772
300.7727
300.7731
300.773
300.7726
300.7716
300.7702
300.7681
300.7654
300.7612
300.7528
300.736
300.7151
300.7008
300.6741
300.6086
300.5978
300.5887
300.8079
300.7327
300.7325
300.7389
300.7455
300.7512
300.756
300.76
300.7635
300.767
300.7709
300.7707
300.7712
300.7718
300.7722
300.7721
300.7716
300.7707
300.7692
300.7672
300.7644
300.7602
300.752
300.7357
300.7154
300.7012
300.6748
300.6102
300.5995
300.5903
300.777
300.7237
300.7293
300.7368
300.7435
300.7494
300.7543
300.7584
300.7622
300.7673
300.775
300.7711
300.7701
300.7705
300.7708
300.7707
300.7702
300.7693
300.7678
300.7657
300.7629
300.7589
300.7516
300.7377
300.7202
300.7074
300.6844
300.672
300.6622
300.6529
300.7106
300.7174
300.7261
300.734
300.741
300.7469
300.7519
300.7561
300.7598
300.7634
300.7674
300.7673
300.7678
300.7685
300.7689
300.7688
300.7683
300.7673
300.7658
300.7637
300.761
300.7574
300.7521
300.7442
300.7349
300.7267
300.7165
300.7074
300.6979
300.6885
300.7042
300.7132
300.7224
300.7306
300.7377
300.7438
300.7489
300.7533
300.7569
300.7599
300.7626
300.764
300.7652
300.7661
300.7665
300.7664
300.7659
300.7648
300.7633
300.7611
300.7584
300.7549
300.7505
300.7449
300.7385
300.7315
300.7237
300.7151
300.7059
300.696
300.6992
300.7085
300.7179
300.7263
300.7336
300.7399
300.7452
300.7497
300.7534
300.7565
300.7589
300.7607
300.7621
300.763
300.7634
300.7634
300.7628
300.7618
300.7601
300.7579
300.7551
300.7516
300.7473
300.7421
300.7361
300.7293
300.7217
300.7139
300.7062
300.6947
300.6936
300.7031
300.7127
300.7213
300.7288
300.7352
300.7407
300.7454
300.7493
300.7524
300.755
300.7569
300.7583
300.7593
300.7598
300.7597
300.7591
300.758
300.7563
300.754
300.7511
300.7475
300.7431
300.7378
300.7318
300.7248
300.7174
300.7112
300.7071
300.692
300.687
300.6967
300.7065
300.7154
300.7231
300.7298
300.7355
300.7403
300.7443
300.7477
300.7503
300.7523
300.7538
300.7549
300.7553
300.7553
300.7547
300.7535
300.7518
300.7494
300.7464
300.7426
300.738
300.7327
300.7264
300.7192
300.7112
300.703
300.695
300.6831
300.6795
300.6893
300.6994
300.7085
300.7165
300.7234
300.7293
300.7343
300.7385
300.742
300.7448
300.747
300.7486
300.7496
300.7501
300.7501
300.7494
300.7482
300.7464
300.7439
300.7408
300.7369
300.7321
300.7266
300.7201
300.7127
300.7043
300.695
300.685
300.6744
300.6709
300.681
300.6913
300.7006
300.7088
300.716
300.7221
300.7274
300.7318
300.7355
300.7384
300.7407
300.7424
300.7435
300.7441
300.744
300.7433
300.7421
300.7402
300.7376
300.7343
300.7302
300.7253
300.7195
300.7129
300.7052
300.6965
300.6868
300.6761
300.6657
300.6613
300.6716
300.6821
300.6917
300.7002
300.7076
300.714
300.7194
300.7241
300.728
300.7311
300.7334
300.7352
300.7364
300.737
300.7369
300.7362
300.7349
300.7329
300.7302
300.7268
300.7225
300.7174
300.7115
300.7046
300.6967
300.6877
300.6777
300.6668
300.6562
300.6506
300.6611
300.6719
300.6817
300.6904
300.6981
300.7047
300.7104
300.7153
300.7194
300.7226
300.7251
300.727
300.7283
300.7289
300.7288
300.7281
300.7267
300.7246
300.7218
300.7182
300.7138
300.7085
300.7023
300.6952
300.6871
300.6779
300.6676
300.6564
300.6457
300.639
300.6497
300.6607
300.6708
300.6798
300.6877
300.6945
300.7005
300.7056
300.7098
300.7132
300.7158
300.7178
300.7192
300.7198
300.7198
300.719
300.7175
300.7154
300.7124
300.7087
300.7041
300.6986
300.6922
300.6849
300.6765
300.6671
300.6566
300.6452
300.6342
300.6278
300.6387
300.6499
300.6602
300.6694
300.6775
300.6846
300.6907
300.696
300.7004
300.7039
300.7067
300.7088
300.7102
300.7109
300.7108
300.71
300.7085
300.7062
300.7032
300.6993
300.6946
300.6889
300.6824
300.6748
300.6663
300.6567
300.646
300.6344
300.6233
)
;
        qrNbr           qr;
        logInterval     -1;
        writePrecision  7;
        updateHeader    1;
        writeToFile     0;
        useUserTime     1;
        kappaMethod     solidThermo;
        kappa           none;
    }
}


// ************************************************************************* //
