/*--------------------------------*- C++ -*----------------------------------*\
| =========                 |                                                 |
| \\      /  F ield         | OpenFOAM: The Open Source CFD Toolbox           |
|  \\    /   O peration     | Version:  2506                                  |
|   \\  /    A nd           | Website:  www.openfoam.com                      |
|    \\/     M anipulation  |                                                 |
\*---------------------------------------------------------------------------*/
FoamFile
{
    version     2.0;
    format      ascii;
    arch        "LSB;label=32;scalar=64";
    class       volScalarField;
    location    "2500/floor";
    object      T;
}
// * * * * * * * * * * * * * * * * * * * * * * * * * * * * * * * * * * * * * //

dimensions      [0 0 0 1 0 0 0];

internalField   nonuniform List<scalar> 
2700
(
301.3978
301.3993
301.4011
301.4028
301.4043
301.4057
301.4068
301.4079
301.4087
301.4095
301.4101
301.4105
301.4109
301.4111
301.4112
301.4112
301.4111
301.4109
301.4105
301.41
301.4094
301.4086
301.4077
301.4066
301.4054
301.404
301.4024
301.4007
301.3988
301.3972
301.3994
301.4009
301.4027
301.4043
301.4058
301.4071
301.4082
301.4092
301.4101
301.4108
301.4114
301.4118
301.4121
301.4124
301.4125
301.4125
301.4124
301.4121
301.4118
301.4113
301.4107
301.4099
301.409
301.408
301.4068
301.4054
301.4039
301.4022
301.4003
301.3988
301.4012
301.4027
301.4045
301.4061
301.4075
301.4088
301.4099
301.4108
301.4116
301.4123
301.4128
301.4133
301.4136
301.4138
301.4139
301.4139
301.4138
301.4136
301.4132
301.4128
301.4122
301.4115
301.4106
301.4096
301.4084
301.4071
301.4056
301.4039
301.4021
301.4006
301.4029
301.4044
301.4061
301.4077
301.4091
301.4103
301.4114
301.4123
301.4131
301.4137
301.4142
301.4146
301.4149
301.4151
301.4152
301.4152
301.4151
301.4149
301.4146
301.4141
301.4136
301.4129
301.412
301.4111
301.4099
301.4086
301.4072
301.4055
301.4038
301.4023
301.4045
301.4059
301.4076
301.4091
301.4105
301.4117
301.4127
301.4136
301.4143
301.4149
301.4154
301.4158
301.4161
301.4163
301.4164
301.4164
301.4163
301.4161
301.4157
301.4153
301.4148
301.4141
301.4133
301.4124
301.4113
301.41
301.4086
301.407
301.4053
301.4038
301.4059
301.4073
301.4089
301.4104
301.4117
301.4129
301.4139
301.4147
301.4154
301.416
301.4164
301.4168
301.4171
301.4173
301.4173
301.4173
301.4172
301.4171
301.4168
301.4164
301.4158
301.4152
301.4144
301.4135
301.4125
301.4112
301.4098
301.4083
301.4066
301.4052
301.4071
301.4085
301.4101
301.4115
301.4128
301.4139
301.4149
301.4157
301.4163
301.4169
301.4173
301.4177
301.4179
301.4181
301.4182
301.4182
301.4181
301.4179
301.4176
301.4172
301.4167
301.4161
301.4154
301.4145
301.4135
301.4123
301.4109
301.4094
301.4078
301.4064
301.4082
301.4095
301.4111
301.4125
301.4137
301.4148
301.4157
301.4165
301.4171
301.4177
301.4181
301.4184
301.4186
301.4188
301.4189
301.4189
301.4188
301.4186
301.4184
301.418
301.4175
301.4169
301.4162
301.4153
301.4143
301.4132
301.4119
301.4104
301.4088
301.4074
301.4091
301.4104
301.4119
301.4133
301.4145
301.4156
301.4164
301.4172
301.4178
301.4183
301.4187
301.419
301.4192
301.4194
301.4195
301.4195
301.4194
301.4192
301.419
301.4186
301.4182
301.4176
301.4169
301.4161
301.4151
301.414
301.4127
301.4112
301.4097
301.4083
301.41
301.4112
301.4126
301.414
301.4152
301.4162
301.417
301.4177
301.4183
301.4188
301.4192
301.4195
301.4197
301.4199
301.42
301.42
301.4199
301.4197
301.4195
301.4191
301.4187
301.4181
301.4175
301.4166
301.4157
301.4146
301.4133
301.4119
301.4104
301.409
301.4116
301.412
301.4133
301.4146
301.4157
301.4167
301.4175
301.4182
301.4188
301.4193
301.4196
301.4199
301.4201
301.4203
301.4203
301.4203
301.4203
301.4201
301.4199
301.4195
301.4191
301.4186
301.4179
301.4171
301.4161
301.415
301.4138
301.4124
301.4109
301.4096
301.4163
301.4133
301.4138
301.415
301.4161
301.4171
301.4179
301.4186
301.4191
301.4196
301.4199
301.4202
301.4204
301.4206
301.4206
301.4206
301.4206
301.4204
301.4202
301.4199
301.4194
301.4189
301.4181
301.4171
301.416
301.4148
301.4136
301.4122
301.4108
301.4097
301.4153
301.4136
301.4142
301.4153
301.4164
301.4174
301.4182
301.4188
301.4194
301.4198
301.4202
301.4204
301.4206
301.4208
301.4209
301.4209
301.4208
301.4206
301.4204
301.4201
301.4197
301.419
301.4178
301.4155
301.4132
301.4118
301.4104
301.4091
301.408
301.4078
301.4231
301.4158
301.4147
301.4156
301.4166
301.4176
301.4183
301.419
301.4195
301.42
301.4203
301.4206
301.4208
301.4209
301.421
301.421
301.4209
301.4208
301.4206
301.4202
301.4198
301.4189
301.4165
301.4105
301.4043
301.4018
301.3989
301.3976
301.3972
301.3986
301.4255
301.4166
301.415
301.4157
301.4167
301.4177
301.4184
301.4191
301.4196
301.4201
301.4204
301.4207
301.4209
301.421
301.4211
301.4211
301.421
301.4209
301.4206
301.4203
301.4199
301.4189
301.4161
301.4088
301.4013
301.3985
301.3955
301.394
301.3929
301.3926
301.4259
301.4167
301.415
301.4157
301.4167
301.4177
301.4184
301.4191
301.4196
301.4201
301.4204
301.4207
301.4209
301.421
301.4211
301.4211
301.421
301.4209
301.4206
301.4203
301.4199
301.4189
301.4159
301.4084
301.4008
301.398
301.3948
301.3933
301.3919
301.3908
301.4254
301.4165
301.4148
301.4156
301.4166
301.4176
301.4183
301.419
301.4195
301.42
301.4205
301.4206
301.4208
301.4209
301.421
301.421
301.4209
301.4208
301.4206
301.4202
301.4198
301.4188
301.4159
301.4083
301.4007
301.3979
301.3947
301.3931
301.3917
301.3904
301.4227
301.4156
301.4145
301.4154
301.4164
301.4174
301.4182
301.4188
301.4194
301.4201
301.4211
301.4207
301.4207
301.4208
301.4209
301.4209
301.4208
301.4206
301.4204
301.4201
301.4196
301.4187
301.4158
301.4085
301.4011
301.3982
301.3951
301.3935
301.392
301.3907
301.4138
301.4131
301.4138
301.415
301.4161
301.4171
301.4179
301.4186
301.4192
301.4205
301.4237
301.4212
301.4205
301.4206
301.4206
301.4206
301.4206
301.4204
301.4202
301.4199
301.4194
301.4185
301.4161
301.4101
301.4038
301.4013
301.3983
301.3968
301.3952
301.3939
301.4109
301.4119
301.4132
301.4145
301.4157
301.4167
301.4175
301.4182
301.4188
301.4195
301.4206
301.4201
301.4201
301.4203
301.4203
301.4203
301.4203
301.4201
301.4199
301.4195
301.4191
301.4184
301.4172
301.4148
301.4125
301.4111
301.4097
301.4082
301.4067
301.4054
301.4099
301.4112
301.4126
301.414
301.4152
301.4162
301.417
301.4177
301.4183
301.4188
301.4193
301.4195
301.4197
301.4199
301.4199
301.4199
301.4199
301.4197
301.4195
301.4191
301.4187
301.4181
301.4173
301.4162
301.4151
301.4139
301.4127
301.4113
301.41
301.4085
301.4091
301.4104
301.4119
301.4133
301.4145
301.4155
301.4164
301.4172
301.4178
301.4183
301.4187
301.419
301.4192
301.4194
301.4195
301.4195
301.4194
301.4192
301.4189
301.4186
301.4181
301.4176
301.4168
301.416
301.415
301.4139
301.4127
301.4117
301.4112
301.4089
301.4081
301.4095
301.4111
301.4125
301.4137
301.4148
301.4157
301.4165
301.4171
301.4176
301.418
301.4184
301.4186
301.4188
301.4189
301.4189
301.4188
301.4186
301.4183
301.418
301.4175
301.4169
301.4162
301.4153
301.4143
301.4132
301.4121
301.412
301.4141
301.4094
301.4071
301.4085
301.4101
301.4115
301.4128
301.4139
301.4148
301.4156
301.4163
301.4168
301.4173
301.4176
301.4179
301.4181
301.4181
301.4181
301.4181
301.4179
301.4176
301.4172
301.4167
301.4161
301.4153
301.4145
301.4134
301.4123
301.411
301.4099
301.4094
301.407
301.4059
301.4073
301.4089
301.4104
301.4117
301.4128
301.4138
301.4146
301.4154
301.4159
301.4164
301.4168
301.417
301.4172
301.4173
301.4173
301.4172
301.417
301.4167
301.4163
301.4158
301.4152
301.4144
301.4135
301.4124
301.4112
301.4098
301.4084
301.4069
301.4053
301.4045
301.4059
301.4076
301.4091
301.4105
301.4116
301.4127
301.4135
301.4143
301.4149
301.4154
301.4157
301.416
301.4162
301.4163
301.4163
301.4162
301.416
301.4157
301.4153
301.4147
301.4141
301.4133
301.4123
301.4112
301.41
301.4086
301.407
301.4053
301.4038
301.4029
301.4044
301.4061
301.4076
301.409
301.4103
301.4113
301.4122
301.413
301.4136
301.4142
301.4146
301.4149
301.4151
301.4152
301.4152
301.4151
301.4148
301.4145
301.4141
301.4135
301.4128
301.412
301.411
301.4099
301.4086
301.4071
301.4055
301.4037
301.4023
301.4012
301.4027
301.4044
301.406
301.4075
301.4087
301.4098
301.4108
301.4116
301.4122
301.4128
301.4132
301.4135
301.4137
301.4139
301.4139
301.4137
301.4135
301.4132
301.4127
301.4121
301.4114
301.4105
301.4095
301.4084
301.407
301.4055
301.4038
301.4021
301.4005
301.3993
301.4008
301.4026
301.4043
301.4057
301.4071
301.4082
301.4092
301.41
301.4107
301.4113
301.4117
301.4121
301.4123
301.4124
301.4124
301.4123
301.4121
301.4117
301.4112
301.4106
301.4099
301.409
301.4079
301.4067
301.4054
301.4038
301.4021
301.4003
301.3987
301.3977
301.3993
301.4011
301.4028
301.4043
301.4056
301.4068
301.4078
301.4087
301.4094
301.41
301.4105
301.4108
301.411
301.4112
301.4112
301.411
301.4108
301.4104
301.4099
301.4093
301.4085
301.4076
301.4065
301.4053
301.4039
301.4023
301.4006
301.3988
301.3972
300.7302
300.7334
300.737
300.7403
300.7432
300.7459
300.7481
300.7501
300.7518
300.7533
300.7544
300.7553
300.756
300.7565
300.7567
300.7567
300.7564
300.756
300.7552
300.7543
300.753
300.7515
300.7497
300.7476
300.7452
300.7424
300.7393
300.7359
300.7322
300.729
300.7334
300.7366
300.7401
300.7433
300.7462
300.7488
300.751
300.7529
300.7546
300.756
300.7571
300.758
300.7586
300.759
300.7593
300.7593
300.759
300.7586
300.7579
300.7569
300.7557
300.7542
300.7525
300.7504
300.748
300.7454
300.7423
300.7389
300.7353
300.7322
300.7371
300.7402
300.7436
300.7468
300.7496
300.7521
300.7542
300.7561
300.7577
300.759
300.76
300.7609
300.7615
300.7619
300.7621
300.7621
300.7619
300.7614
300.7608
300.7599
300.7587
300.7573
300.7556
300.7536
300.7513
300.7487
300.7457
300.7424
300.7389
300.7357
300.7405
300.7435
300.7469
300.75
300.7527
300.7551
300.7572
300.759
300.7605
300.7617
300.7627
300.7635
300.7641
300.7645
300.7647
300.7647
300.7645
300.764
300.7634
300.7625
300.7614
300.7601
300.7584
300.7565
300.7543
300.7517
300.7488
300.7456
300.7422
300.7391
300.7436
300.7465
300.7498
300.7528
300.7555
300.7578
300.7598
300.7615
300.7629
300.7641
300.7651
300.7658
300.7664
300.7668
300.7669
300.7669
300.7667
300.7663
300.7657
300.7649
300.7638
300.7625
300.7609
300.7591
300.7569
300.7544
300.7516
300.7485
300.7451
300.7421
300.7463
300.7492
300.7524
300.7553
300.7579
300.7601
300.7621
300.7637
300.7651
300.7662
300.7671
300.7678
300.7683
300.7687
300.7689
300.7689
300.7687
300.7683
300.7677
300.7669
300.7659
300.7646
300.7631
300.7613
300.7592
300.7568
300.7541
300.751
300.7477
300.7448
300.7487
300.7515
300.7547
300.7575
300.76
300.7622
300.764
300.7656
300.7669
300.768
300.7688
300.7695
300.77
300.7703
300.7705
300.7705
300.7703
300.77
300.7694
300.7686
300.7677
300.7664
300.765
300.7632
300.7612
300.7589
300.7563
300.7533
300.75
300.7471
300.7508
300.7536
300.7566
300.7594
300.7618
300.7639
300.7657
300.7672
300.7685
300.7695
300.7703
300.771
300.7714
300.7717
300.7719
300.7719
300.7717
300.7714
300.7708
300.7701
300.7692
300.768
300.7666
300.7649
300.7629
300.7607
300.7581
300.7552
300.752
300.7492
300.7526
300.7553
300.7583
300.761
300.7634
300.7654
300.7671
300.7686
300.7698
300.7708
300.7716
300.7722
300.7726
300.7729
300.7731
300.773
300.7729
300.7726
300.772
300.7713
300.7704
300.7693
300.7679
300.7663
300.7644
300.7622
300.7597
300.7568
300.7537
300.7509
300.7544
300.7568
300.7597
300.7624
300.7647
300.7666
300.7683
300.7697
300.7709
300.7718
300.7726
300.7731
300.7736
300.7739
300.774
300.774
300.7738
300.7735
300.773
300.7724
300.7715
300.7704
300.7691
300.7675
300.7656
300.7634
300.761
300.7582
300.7551
300.7524
300.7579
300.7585
300.7609
300.7635
300.7657
300.7676
300.7693
300.7706
300.7717
300.7727
300.7734
300.7739
300.7743
300.7746
300.7748
300.7748
300.7746
300.7743
300.7738
300.7732
300.7723
300.7712
300.7699
300.7683
300.7665
300.7643
300.7619
300.7592
300.7562
300.7535
300.7711
300.7614
300.762
300.7644
300.7665
300.7684
300.77
300.7713
300.7724
300.7733
300.774
300.7745
300.7749
300.7752
300.7754
300.7753
300.7752
300.7749
300.7744
300.7738
300.773
300.7719
300.7705
300.7685
300.7664
300.7642
300.7618
300.7591
300.7562
300.7538
300.7647
300.7614
300.7627
300.765
300.7671
300.769
300.7705
300.7718
300.7729
300.7738
300.7745
300.775
300.7754
300.7757
300.7758
300.7758
300.7756
300.7753
300.7749
300.7743
300.7734
300.7722
300.7702
300.7663
300.7621
300.7594
300.7562
300.7534
300.751
300.7498
300.7822
300.7655
300.7637
300.7655
300.7675
300.7694
300.7709
300.7722
300.7732
300.7741
300.7748
300.7753
300.7757
300.7759
300.7761
300.7761
300.7759
300.7756
300.7752
300.7746
300.7737
300.7722
300.7683
300.7588
300.747
300.7419
300.7323
300.729
300.7276
300.7288
300.7866
300.7668
300.7641
300.7657
300.7677
300.7696
300.7711
300.7723
300.7734
300.7742
300.7749
300.7754
300.7758
300.7761
300.7762
300.7762
300.7761
300.7758
300.7753
300.7747
300.7738
300.7722
300.7677
300.7562
300.7423
300.7366
300.7263
300.7227
300.7204
300.7192
300.7872
300.767
300.7641
300.7657
300.7677
300.7696
300.7711
300.7723
300.7734
300.7742
300.7749
300.7754
300.7758
300.7761
300.7762
300.7762
300.7761
300.7758
300.7753
300.7747
300.7738
300.7721
300.7675
300.7556
300.7415
300.7357
300.7253
300.7216
300.7188
300.7165
300.7864
300.7665
300.7639
300.7655
300.7675
300.7694
300.7709
300.7722
300.7732
300.7742
300.775
300.7753
300.7757
300.7759
300.7761
300.7761
300.7759
300.7756
300.7752
300.7745
300.7736
300.772
300.7673
300.7555
300.7413
300.7355
300.7251
300.7214
300.7184
300.7158
300.7814
300.7649
300.7632
300.765
300.7671
300.769
300.7705
300.7718
300.773
300.7743
300.7764
300.7755
300.7754
300.7756
300.7758
300.7758
300.7756
300.7753
300.7749
300.7742
300.7733
300.7717
300.7672
300.7556
300.7418
300.736
300.7257
300.7219
300.7189
300.7163
300.7617
300.7603
300.762
300.7643
300.7665
300.7684
300.77
300.7713
300.7727
300.7752
300.7818
300.7765
300.7752
300.7752
300.7753
300.7753
300.7752
300.7749
300.7744
300.7738
300.7729
300.7713
300.7674
300.7579
300.7461
300.7409
300.7312
300.7277
300.7247
300.722
300.7561
300.7582
300.7609
300.7635
300.7657
300.7676
300.7692
300.7706
300.7718
300.7731
300.7753
300.7744
300.7744
300.7746
300.7747
300.7747
300.7746
300.7743
300.7738
300.7731
300.7723
300.771
300.7689
300.765
300.7607
300.7579
300.7547
300.7519
300.7489
300.7462
300.7542
300.7568
300.7597
300.7624
300.7647
300.7666
300.7683
300.7697
300.7709
300.7719
300.7728
300.7732
300.7736
300.7738
300.774
300.774
300.7738
300.7735
300.773
300.7723
300.7714
300.7703
300.7688
300.7668
300.7646
300.7624
300.7599
300.7572
300.7544
300.7514
300.7526
300.7553
300.7583
300.761
300.7634
300.7654
300.7671
300.7685
300.7698
300.7707
300.7715
300.7721
300.7726
300.7729
300.773
300.773
300.7728
300.7725
300.772
300.7713
300.7704
300.7693
300.7679
300.7662
300.7642
300.7621
300.7597
300.7576
300.7564
300.7518
300.7508
300.7535
300.7566
300.7594
300.7618
300.7639
300.7657
300.7672
300.7684
300.7695
300.7703
300.7709
300.7714
300.7717
300.7719
300.7718
300.7717
300.7713
300.7708
300.7701
300.7691
300.768
300.7665
300.7649
300.7629
300.7607
300.7585
300.7579
300.7614
300.7524
300.7487
300.7515
300.7546
300.7575
300.76
300.7621
300.764
300.7655
300.7668
300.7679
300.7688
300.7695
300.77
300.7703
300.7705
300.7704
300.7703
300.7699
300.7693
300.7686
300.7676
300.7664
300.7649
300.7632
300.7612
300.7589
300.7564
300.7541
300.7528
300.7481
300.7463
300.7491
300.7524
300.7553
300.7578
300.7601
300.762
300.7636
300.765
300.7661
300.767
300.7677
300.7683
300.7686
300.7688
300.7688
300.7686
300.7682
300.7676
300.7668
300.7658
300.7646
300.763
300.7612
300.7592
300.7568
300.7541
300.7511
300.7481
300.7449
300.7435
300.7465
300.7498
300.7528
300.7554
300.7577
300.7597
300.7614
300.7628
300.764
300.765
300.7657
300.7663
300.7667
300.7668
300.7668
300.7666
300.7662
300.7656
300.7648
300.7637
300.7624
300.7608
300.759
300.7568
300.7544
300.7516
300.7485
300.7451
300.7421
300.7404
300.7434
300.7468
300.7499
300.7526
300.755
300.7571
300.7589
300.7604
300.7616
300.7626
300.7634
300.764
300.7644
300.7646
300.7646
300.7644
300.7639
300.7633
300.7624
300.7613
300.76
300.7583
300.7564
300.7542
300.7516
300.7488
300.7456
300.7421
300.739
300.737
300.7401
300.7435
300.7467
300.7495
300.752
300.7541
300.756
300.7576
300.7589
300.7599
300.7608
300.7614
300.7618
300.762
300.762
300.7618
300.7613
300.7607
300.7598
300.7586
300.7572
300.7555
300.7535
300.7512
300.7486
300.7456
300.7423
300.7388
300.7357
300.7333
300.7365
300.74
300.7432
300.7461
300.7487
300.7509
300.7528
300.7545
300.7559
300.757
300.7578
300.7585
300.7589
300.7591
300.7591
300.7589
300.7584
300.7577
300.7568
300.7556
300.7541
300.7524
300.7503
300.7479
300.7452
300.7422
300.7388
300.7352
300.7321
300.7301
300.7333
300.7369
300.7402
300.7431
300.7457
300.748
300.75
300.7517
300.7532
300.7543
300.7552
300.7559
300.7563
300.7566
300.7566
300.7563
300.7558
300.7551
300.7542
300.7529
300.7514
300.7496
300.7475
300.7451
300.7423
300.7392
300.7358
300.7321
300.7289
300.4699
300.4767
300.4841
300.4909
300.4969
300.5023
300.5069
300.511
300.5144
300.5174
300.5197
300.5215
300.5229
300.5238
300.5243
300.5243
300.5237
300.5228
300.5213
300.5193
300.5168
300.5136
300.5099
300.5056
300.5007
300.495
300.4887
300.4817
300.4741
300.4671
300.4769
300.4837
300.4909
300.4975
300.5035
300.5087
300.5132
300.5171
300.5205
300.5233
300.5255
300.5273
300.5286
300.5295
300.5299
300.5299
300.5294
300.5284
300.527
300.5251
300.5226
300.5196
300.516
300.5118
300.507
300.5015
300.4953
300.4884
300.4809
300.474
300.4845
300.4911
300.4982
300.5047
300.5104
300.5155
300.5198
300.5236
300.5268
300.5295
300.5316
300.5333
300.5345
300.5354
300.5358
300.5358
300.5353
300.5344
300.533
300.5312
300.5288
300.5259
300.5224
300.5184
300.5137
300.5083
300.5023
300.4955
300.4882
300.4814
300.4915
300.498
300.5049
300.5112
300.5168
300.5217
300.5259
300.5295
300.5325
300.5351
300.5371
300.5387
300.5399
300.5407
300.5411
300.541
300.5406
300.5397
300.5384
300.5367
300.5344
300.5316
300.5282
300.5243
300.5198
300.5146
300.5087
300.5021
300.495
300.4883
300.4978
300.5041
300.5109
300.517
300.5224
300.5271
300.5312
300.5346
300.5376
300.54
300.5419
300.5434
300.5446
300.5453
300.5457
300.5456
300.5452
300.5444
300.5431
300.5414
300.5393
300.5366
300.5334
300.5296
300.5252
300.5202
300.5144
300.508
300.501
300.4945
300.5034
300.5096
300.5162
300.5222
300.5274
300.5319
300.5358
300.5392
300.5419
300.5443
300.5461
300.5475
300.5486
300.5493
300.5496
300.5496
300.5492
300.5484
300.5472
300.5456
300.5435
300.5409
300.5378
300.5342
300.5299
300.525
300.5195
300.5132
300.5063
300.4999
300.5083
300.5144
300.5208
300.5266
300.5317
300.5361
300.5399
300.543
300.5457
300.5479
300.5496
300.551
300.552
300.5527
300.553
300.553
300.5526
300.5518
300.5507
300.5491
300.5471
300.5446
300.5417
300.5381
300.534
300.5293
300.5238
300.5177
300.511
300.5047
300.5125
300.5185
300.5249
300.5305
300.5354
300.5397
300.5433
300.5464
300.5489
300.551
300.5527
300.5539
300.5549
300.5555
300.5558
300.5558
300.5554
300.5547
300.5536
300.5521
300.5502
300.5478
300.5449
300.5415
300.5375
300.5329
300.5276
300.5216
300.5151
300.5089
300.5163
300.5221
300.5283
300.5338
300.5386
300.5427
300.5462
300.5492
300.5516
300.5536
300.5552
300.5564
300.5573
300.5579
300.5582
300.5582
300.5578
300.5571
300.5561
300.5546
300.5528
300.5505
300.5477
300.5444
300.5405
300.536
300.5308
300.525
300.5186
300.5125
300.5198
300.5252
300.5312
300.5366
300.5412
300.5452
300.5486
300.5515
300.5538
300.5557
300.5573
300.5584
300.5593
300.5599
300.5602
300.5601
300.5598
300.5591
300.5581
300.5567
300.5549
300.5527
300.55
300.5467
300.5429
300.5386
300.5335
300.5278
300.5215
300.5155
300.527
300.5284
300.5336
300.5388
300.5434
300.5473
300.5506
300.5533
300.5556
300.5575
300.5589
300.5601
300.5609
300.5614
300.5617
300.5617
300.5614
300.5607
300.5597
300.5584
300.5566
300.5544
300.5518
300.5485
300.5448
300.5405
300.5355
300.5299
300.5237
300.5178
300.5659
300.5344
300.5358
300.5406
300.545
300.5489
300.5521
300.5548
300.557
300.5588
300.5602
300.5613
300.5621
300.5627
300.5629
300.5629
300.5626
300.562
300.561
300.5597
300.558
300.5558
300.553
300.5493
300.5451
300.5408
300.5358
300.5302
300.5242
300.5188
300.539
300.5338
300.5371
300.5419
300.5463
300.55
300.5532
300.5558
300.558
300.5598
300.5612
300.5622
300.563
300.5636
300.5638
300.5638
300.5635
300.5629
300.5619
300.5606
300.5589
300.5566
300.553
300.5467
300.5394
300.5341
300.5271
300.5167
300.5113
300.5074
300.5831
300.5408
300.5388
300.5428
300.5471
300.5508
300.5539
300.5565
300.5587
300.5604
300.5618
300.5628
300.5636
300.5641
300.5644
300.5644
300.5641
300.5635
300.5625
300.5612
300.5595
300.5567
300.5508
300.5367
300.5174
300.5074
300.4775
300.4654
300.4612
300.4605
300.5907
300.5429
300.5395
300.5433
300.5475
300.5512
300.5543
300.5569
300.559
300.5607
300.5621
300.5631
300.5639
300.5644
300.5647
300.5646
300.5643
300.5638
300.5628
300.5615
300.5598
300.5569
300.55
300.5333
300.5108
300.4999
300.468
300.4554
300.45
300.4461
300.5916
300.5431
300.5395
300.5433
300.5475
300.5512
300.5543
300.5569
300.559
300.5607
300.5621
300.5631
300.5639
300.5644
300.5647
300.5646
300.5643
300.5638
300.5628
300.5615
300.5598
300.5568
300.5498
300.5326
300.5097
300.4986
300.4665
300.4538
300.4478
300.4424
300.5902
300.5424
300.539
300.5429
300.5471
300.5508
300.5539
300.5565
300.5587
300.5605
300.5622
300.5629
300.5636
300.5641
300.5644
300.5644
300.564
300.5635
300.5625
300.5612
300.5594
300.5565
300.5495
300.5323
300.5093
300.4982
300.4661
300.4533
300.4471
300.4414
300.5817
300.5398
300.5379
300.542
300.5463
300.55
300.5532
300.5558
300.5581
300.5605
300.5643
300.563
300.5631
300.5636
300.5638
300.5638
300.5635
300.5629
300.5619
300.5606
300.5588
300.5559
300.549
300.5322
300.5097
300.4987
300.4667
300.4539
300.4476
300.4419
300.5376
300.5315
300.5356
300.5406
300.545
300.5489
300.5521
300.5548
300.5574
300.5619
300.5732
300.5644
300.5625
300.5627
300.5629
300.5629
300.5626
300.5619
300.561
300.5596
300.5578
300.555
300.549
300.5349
300.5155
300.5054
300.4754
300.4676
300.4613
300.4555
300.523
300.5278
300.5335
300.5388
300.5434
300.5473
300.5505
300.5533
300.5557
300.5582
300.562
300.5608
300.561
300.5614
300.5617
300.5617
300.5613
300.5607
300.5597
300.5583
300.5566
300.5542
300.5505
300.5441
300.5366
300.5312
300.5241
300.5183
300.5121
300.5061
300.5194
300.5251
300.5311
300.5365
300.5412
300.5452
300.5486
300.5514
300.5538
300.5558
300.5576
300.5585
300.5593
300.5598
300.5601
300.5601
300.5597
300.5591
300.5581
300.5567
300.5549
300.5526
300.5497
300.5459
300.5416
300.537
300.5319
300.5264
300.5205
300.5141
300.5162
300.5221
300.5282
300.5338
300.5386
300.5427
300.5462
300.5491
300.5515
300.5536
300.5552
300.5564
300.5573
300.5579
300.5581
300.5581
300.5578
300.5571
300.556
300.5546
300.5527
300.5504
300.5476
300.5442
300.5403
300.5358
300.5308
300.526
300.5225
300.5137
300.5125
300.5185
300.5248
300.5304
300.5354
300.5396
300.5432
300.5463
300.5488
300.5509
300.5526
300.5539
300.5548
300.5554
300.5558
300.5557
300.5554
300.5546
300.5535
300.552
300.5501
300.5477
300.5449
300.5414
300.5374
300.5329
300.5282
300.5257
300.5292
300.5136
300.5082
300.5143
300.5208
300.5266
300.5316
300.536
300.5398
300.5429
300.5456
300.5478
300.5495
300.5509
300.5519
300.5526
300.5529
300.5528
300.5525
300.5517
300.5506
300.549
300.547
300.5445
300.5416
300.538
300.5339
300.5292
300.524
300.5189
300.5151
300.5061
300.5033
300.5095
300.5161
300.5221
300.5273
300.5318
300.5357
300.539
300.5418
300.5441
300.546
300.5474
300.5484
300.5491
300.5495
300.5495
300.549
300.5483
300.5471
300.5454
300.5434
300.5408
300.5377
300.534
300.5298
300.5249
300.5194
300.5133
300.5069
300.5001
300.4976
300.504
300.5108
300.5169
300.5223
300.527
300.5311
300.5345
300.5374
300.5399
300.5418
300.5433
300.5444
300.5452
300.5455
300.5455
300.5451
300.5442
300.543
300.5413
300.5391
300.5364
300.5332
300.5294
300.5251
300.52
300.5143
300.5079
300.501
300.4944
300.4913
300.4979
300.5048
300.5111
300.5166
300.5215
300.5257
300.5293
300.5324
300.5349
300.537
300.5385
300.5397
300.5405
300.5409
300.5409
300.5404
300.5396
300.5383
300.5365
300.5342
300.5314
300.5281
300.5242
300.5196
300.5144
300.5086
300.502
300.4948
300.4882
300.4843
300.491
300.4981
300.5045
300.5103
300.5153
300.5197
300.5234
300.5266
300.5293
300.5314
300.5331
300.5344
300.5352
300.5356
300.5356
300.5351
300.5342
300.5328
300.531
300.5286
300.5257
300.5222
300.5182
300.5135
300.5082
300.5021
300.4954
300.4881
300.4813
300.4767
300.4835
300.4907
300.4974
300.5033
300.5085
300.513
300.5169
300.5203
300.5231
300.5253
300.5271
300.5284
300.5293
300.5297
300.5297
300.5292
300.5282
300.5268
300.5249
300.5224
300.5194
300.5158
300.5116
300.5068
300.5013
300.4951
300.4882
300.4807
300.4738
300.4697
300.4766
300.4839
300.4907
300.4967
300.5021
300.5067
300.5108
300.5142
300.5172
300.5195
300.5213
300.5227
300.5236
300.5241
300.524
300.5235
300.5225
300.5211
300.5191
300.5165
300.5134
300.5097
300.5054
300.5005
300.4948
300.4885
300.4815
300.4739
300.4669
)
;

boundaryField
{
    fmaxY
    {
        type            zeroGradient;
    }
    fminX
    {
        type            zeroGradient;
    }
    fmaxX
    {
        type            zeroGradient;
    }
    fminY
    {
        type            zeroGradient;
    }
    fminZ
    {
        type            externalWallHeatFluxTemperature;
        mode            coefficient;
        kappaMethod     solidThermo;
        kappa           none;
        h               constant 1000000;
        Ta              uniform 313;
        thicknessLayers List<scalar> 2(1 2);
        kappaLayers     List<scalar> 2(100 200);
        qr              none;
        refValue        uniform 313;
        refGradient     uniform 0;
        valueFraction   nonuniform List<scalar> 
900
(
0.04950261
0.04950261
0.04950261
0.04950261
0.04950261
0.04950261
0.04950261
0.04950261
0.04950261
0.04950261
0.04950261
0.04950261
0.04950261
0.04950261
0.04950261
0.04950261
0.04950261
0.04950261
0.04950261
0.04950261
0.04950261
0.04950261
0.04950261
0.04950261
0.04950261
0.04950261
0.04950261
0.04950261
0.04950261
0.04950261
0.04950261
0.04950261
0.04950261
0.04950261
0.04950261
0.04950261
0.04950261
0.04950261
0.04950261
0.04950261
0.04950261
0.04950261
0.04950261
0.04950261
0.04950261
0.04950261
0.04950261
0.04950261
0.04950261
0.04950261
0.04950261
0.04950261
0.04950261
0.04950261
0.04950261
0.04950261
0.04950261
0.04950261
0.04950261
0.04950261
0.04950261
0.04950261
0.04950261
0.04950261
0.04950261
0.04950261
0.04950261
0.04950261
0.04950261
0.04950261
0.04950261
0.04950261
0.04950261
0.04950261
0.04950261
0.04950261
0.04950261
0.04950261
0.04950261
0.04950261
0.04950261
0.04950261
0.04950261
0.04950261
0.04950261
0.04950261
0.04950261
0.04950261
0.04950261
0.04950261
0.04950261
0.04950261
0.04950261
0.04950261
0.04950261
0.04950261
0.04950261
0.04950261
0.04950261
0.04950261
0.04950261
0.04950261
0.04950261
0.04950261
0.04950261
0.04950261
0.04950261
0.04950261
0.04950261
0.04950261
0.04950261
0.04950261
0.04950261
0.04950261
0.04950261
0.04950261
0.04950261
0.04950261
0.04950261
0.04950261
0.04950261
0.04950261
0.04950261
0.04950261
0.04950261
0.04950261
0.04950261
0.04950261
0.04950261
0.04950261
0.04950261
0.04950261
0.04950261
0.04950261
0.04950261
0.04950261
0.04950261
0.04950261
0.04950261
0.04950261
0.04950261
0.04950261
0.04950261
0.04950261
0.04950261
0.04950261
0.04950261
0.04950261
0.04950261
0.04950261
0.04950261
0.04950261
0.04950261
0.04950261
0.04950261
0.04950261
0.04950261
0.04950261
0.04950261
0.04950261
0.04950261
0.04950261
0.04950261
0.04950261
0.04950261
0.04950261
0.04950261
0.04950261
0.04950261
0.04950261
0.04950261
0.04950261
0.04950261
0.04950261
0.04950261
0.04950261
0.04950261
0.04950261
0.04950261
0.04950261
0.04950261
0.04950261
0.04950261
0.04950261
0.04950261
0.04950261
0.04950261
0.04950261
0.04950261
0.04950261
0.04950261
0.04950261
0.04950261
0.04950261
0.04950261
0.04950261
0.04950261
0.04950261
0.04950261
0.04950261
0.04950261
0.04950261
0.04950261
0.04950261
0.04950261
0.04950261
0.04950261
0.04950261
0.04950261
0.04950261
0.04950261
0.04950261
0.04950261
0.04950261
0.04950261
0.04950261
0.04950261
0.04950261
0.04950261
0.04950261
0.04950261
0.04950261
0.04950261
0.04950261
0.04950261
0.04950261
0.04950261
0.04950261
0.04950261
0.04950261
0.04950261
0.04950261
0.04950261
0.04950261
0.04950261
0.04950261
0.04950261
0.04950261
0.04950261
0.04950261
0.04950261
0.04950261
0.04950261
0.04950261
0.04950261
0.04950261
0.04950261
0.04950261
0.04950261
0.04950261
0.04950261
0.04950261
0.04950261
0.04950261
0.04950261
0.04950261
0.04950261
0.04950261
0.04950261
0.04950261
0.04950261
0.04950261
0.04950261
0.04950261
0.04950261
0.04950261
0.04950261
0.04950261
0.04950261
0.04950261
0.04950261
0.04950261
0.04950261
0.04950261
0.04950261
0.04950261
0.04950261
0.04950261
0.04950261
0.04950261
0.04950261
0.04950261
0.04950261
0.04950261
0.04950261
0.04950261
0.04950261
0.04950261
0.04950261
0.04950261
0.04950261
0.04950261
0.04950261
0.04950261
0.04950261
0.04950261
0.04950261
0.04950261
0.04950261
0.04950261
0.04950261
0.04950261
0.04950261
0.04950261
0.04950261
0.04950261
0.04950261
0.04950261
0.04950261
0.04950261
0.04950261
0.04950261
0.04950261
0.04950261
0.04950261
0.04950261
0.04950261
0.04950261
0.04950261
0.04950261
0.04950261
0.04950261
0.04950261
0.04950261
0.04950261
0.04950261
0.04950261
0.04950261
0.04950261
0.04950261
0.04950261
0.04950261
0.04950261
0.04950261
0.04950261
0.04950261
0.04950261
0.04950261
0.04950261
0.04950261
0.04950261
0.04950261
0.04950261
0.04950261
0.04950261
0.04950261
0.04950261
0.04950261
0.04950261
0.04950261
0.04950261
0.04950261
0.04950261
0.04950261
0.04950261
0.04950261
0.04950261
0.04950261
0.04950261
0.04950261
0.04950261
0.04950261
0.04950261
0.04950261
0.04950261
0.04950261
0.04950261
0.04950261
0.04950261
0.04950261
0.04950261
0.04950261
0.04950261
0.04950261
0.04950261
0.04950261
0.04950261
0.04950261
0.04950261
0.04950261
0.04950261
0.04950261
0.04950261
0.04950261
0.04950261
0.04950261
0.04950261
0.04950261
0.04950261
0.04950261
0.04950261
0.04950261
0.04950261
0.04950261
0.04950261
0.04950261
0.04950261
0.04950261
0.04950261
0.04950261
0.04950261
0.04950261
0.04950261
0.04950261
0.04950261
0.04950261
0.04950261
0.04950261
0.04950261
0.04950261
0.04950261
0.04950261
0.04950261
0.04950261
0.04950261
0.04950261
0.04950261
0.04950261
0.04950261
0.04950261
0.04950261
0.04950261
0.04950261
0.04950261
0.04950261
0.04950261
0.04950261
0.04950261
0.04950261
0.04950261
0.04950261
0.04950261
0.04950261
0.04950261
0.04950261
0.04950261
0.04950261
0.04950261
0.04950261
0.04950261
0.04950261
0.04950261
0.04950261
0.04950261
0.04950261
0.04950261
0.04950261
0.04950261
0.04950261
0.04950261
0.04950261
0.04950261
0.04950261
0.04950261
0.04950261
0.04950261
0.04950261
0.04950261
0.04950261
0.04950261
0.04950261
0.04950261
0.04950261
0.04950261
0.04950261
0.04950261
0.04950261
0.04950261
0.04950261
0.04950261
0.04950261
0.04950261
0.04950261
0.04950261
0.04950261
0.04950261
0.04950261
0.04950261
0.04950261
0.04950261
0.04950261
0.04950261
0.04950261
0.04950261
0.04950261
0.04950261
0.04950261
0.04950261
0.04950261
0.04950261
0.04950261
0.04950261
0.04950261
0.04950261
0.04950261
0.04950261
0.04950261
0.04950261
0.04950261
0.04950261
0.04950261
0.04950261
0.04950261
0.04950261
0.04950261
0.04950261
0.04950261
0.04950261
0.04950261
0.04950261
0.04950261
0.04950261
0.04950261
0.04950261
0.04950261
0.04950261
0.04950261
0.04950261
0.04950261
0.04950261
0.04950261
0.04950261
0.04950261
0.04950261
0.04950261
0.04950261
0.04950261
0.04950261
0.04950261
0.04950261
0.04950261
0.04950261
0.04950261
0.04950261
0.04950261
0.04950261
0.04950261
0.04950261
0.04950261
0.04950261
0.04950261
0.04950261
0.04950261
0.04950261
0.04950261
0.04950261
0.04950261
0.04950261
0.04950261
0.04950261
0.04950261
0.04950261
0.04950261
0.04950261
0.04950261
0.04950261
0.04950261
0.04950261
0.04950261
0.04950261
0.04950261
0.04950261
0.04950261
0.04950261
0.04950261
0.04950261
0.04950261
0.04950261
0.04950261
0.04950261
0.04950261
0.04950261
0.04950261
0.04950261
0.04950261
0.04950261
0.04950261
0.04950261
0.04950261
0.04950261
0.04950261
0.04950261
0.04950261
0.04950261
0.04950261
0.04950261
0.04950261
0.04950261
0.04950261
0.04950261
0.04950261
0.04950261
0.04950261
0.04950261
0.04950261
0.04950261
0.04950261
0.04950261
0.04950261
0.04950261
0.04950261
0.04950261
0.04950261
0.04950261
0.04950261
0.04950261
0.04950261
0.04950261
0.04950261
0.04950261
0.04950261
0.04950261
0.04950261
0.04950261
0.04950261
0.04950261
0.04950261
0.04950261
0.04950261
0.04950261
0.04950261
0.04950261
0.04950261
0.04950261
0.04950261
0.04950261
0.04950261
0.04950261
0.04950261
0.04950261
0.04950261
0.04950261
0.04950261
0.04950261
0.04950261
0.04950261
0.04950261
0.04950261
0.04950261
0.04950261
0.04950261
0.04950261
0.04950261
0.04950261
0.04950261
0.04950261
0.04950261
0.04950261
0.04950261
0.04950261
0.04950261
0.04950261
0.04950261
0.04950261
0.04950261
0.04950261
0.04950261
0.04950261
0.04950261
0.04950261
0.04950261
0.04950261
0.04950261
0.04950261
0.04950261
0.04950261
0.04950261
0.04950261
0.04950261
0.04950261
0.04950261
0.04950261
0.04950261
0.04950261
0.04950261
0.04950261
0.04950261
0.04950261
0.04950261
0.04950261
0.04950261
0.04950261
0.04950261
0.04950261
0.04950261
0.04950261
0.04950261
0.04950261
0.04950261
0.04950261
0.04950261
0.04950261
0.04950261
0.04950261
0.04950261
0.04950261
0.04950261
0.04950261
0.04950261
0.04950261
0.04950261
0.04950261
0.04950261
0.04950261
0.04950261
0.04950261
0.04950261
0.04950261
0.04950261
0.04950261
0.04950261
0.04950261
0.04950261
0.04950261
0.04950261
0.04950261
0.04950261
0.04950261
0.04950261
0.04950261
0.04950261
0.04950261
0.04950261
0.04950261
0.04950261
0.04950261
0.04950261
0.04950261
0.04950261
0.04950261
0.04950261
0.04950261
0.04950261
0.04950261
0.04950261
0.04950261
0.04950261
0.04950261
0.04950261
0.04950261
0.04950261
0.04950261
0.04950261
0.04950261
0.04950261
0.04950261
0.04950261
0.04950261
0.04950261
0.04950261
0.04950261
0.04950261
0.04950261
0.04950261
0.04950261
0.04950261
0.04950261
0.04950261
0.04950261
0.04950261
0.04950261
0.04950261
0.04950261
0.04950261
0.04950261
0.04950261
0.04950261
0.04950261
0.04950261
0.04950261
0.04950261
0.04950261
0.04950261
0.04950261
0.04950261
0.04950261
0.04950261
0.04950261
0.04950261
0.04950261
0.04950261
0.04950261
0.04950261
0.04950261
0.04950261
0.04950261
0.04950261
0.04950261
0.04950261
0.04950261
0.04950261
0.04950261
0.04950261
0.04950261
0.04950261
0.04950261
0.04950261
0.04950261
0.04950261
0.04950261
0.04950261
0.04950261
0.04950261
0.04950261
0.04950261
0.04950261
0.04950261
0.04950261
0.04950261
0.04950261
0.04950261
0.04950261
0.04950261
0.04950261
0.04950261
0.04950261
0.04950261
0.04950261
0.04950261
0.04950261
0.04950261
0.04950261
0.04950261
0.04950261
0.04950261
0.04950261
0.04950261
0.04950261
0.04950261
0.04950261
0.04950261
0.04950261
0.04950261
0.04950261
0.04950261
0.04950261
0.04950261
0.04950261
0.04950261
0.04950261
0.04950261
0.04950261
0.04950261
0.04950261
0.04950261
0.04950261
0.04950261
0.04950261
0.04950261
0.04950261
0.04950261
0.04950261
0.04950261
0.04950261
0.04950261
0.04950261
0.04950261
0.04950261
0.04950261
0.04950261
0.04950261
0.04950261
0.04950261
0.04950261
0.04950261
0.04950261
0.04950261
0.04950261
0.04950261
0.04950261
0.04950261
0.04950261
0.04950261
0.04950261
0.04950261
0.04950261
0.04950261
0.04950261
0.04950261
0.04950261
0.04950261
0.04950261
0.04950261
0.04950261
0.04950261
0.04950261
0.04950261
0.04950261
0.04950261
0.04950261
0.04950261
0.04950261
0.04950261
0.04950261
0.04950261
0.04950261
0.04950261
0.04950261
0.04950261
0.04950261
)
;
        value           nonuniform List<scalar> 
900
(
301.9721
301.9736
301.9754
301.977
301.9785
301.9798
301.981
301.982
301.9829
301.9837
301.9852
301.9898
301.9887
301.9962
301.9985
301.9988
301.9984
301.9958
301.9874
301.9846
301.9836
301.9828
301.982
301.981
301.9798
301.9785
301.977
301.9753
301.9736
301.9721
301.9736
301.9751
301.9768
301.9784
301.9799
301.9812
301.9823
301.9833
301.9841
301.9849
301.9856
301.9869
301.9872
301.9893
301.99
301.9901
301.9899
301.989
301.9866
301.9855
301.9848
301.9841
301.9833
301.9823
301.9811
301.9798
301.9784
301.9768
301.975
301.9736
301.9753
301.9768
301.9785
301.98
301.9815
301.9827
301.9838
301.9848
301.9856
301.9863
301.9868
301.9874
301.9877
301.9882
301.9885
301.9885
301.9883
301.988
301.9874
301.9868
301.9862
301.9856
301.9847
301.9838
301.9827
301.9814
301.98
301.9784
301.9767
301.9753
301.9769
301.9783
301.98
301.9815
301.9829
301.9841
301.9852
301.9861
301.9869
301.9875
301.9881
301.9885
301.9888
301.989
301.9892
301.9892
301.9891
301.9888
301.9885
301.9881
301.9875
301.9869
301.9861
301.9852
301.9841
301.9829
301.9815
301.98
301.9783
301.9769
301.9784
301.9797
301.9814
301.9829
301.9842
301.9854
301.9864
301.9873
301.988
301.9887
301.9892
301.9895
301.9898
301.99
301.9901
301.9901
301.99
301.9898
301.9895
301.9891
301.9886
301.988
301.9873
301.9864
301.9853
301.9842
301.9828
301.9813
301.9797
301.9783
301.9796
301.981
301.9826
301.984
301.9853
301.9865
301.9874
301.9883
301.989
301.9896
301.9901
301.9905
301.9907
301.9909
301.991
301.991
301.9909
301.9907
301.9905
301.9901
301.9896
301.989
301.9883
301.9874
301.9864
301.9853
301.984
301.9825
301.9809
301.9796
301.9807
301.9821
301.9836
301.985
301.9863
301.9874
301.9883
301.9892
301.9898
301.9904
301.9909
301.9912
301.9915
301.9917
301.9918
301.9918
301.9917
301.9915
301.9912
301.9909
301.9904
301.9898
301.9891
301.9883
301.9874
301.9863
301.985
301.9836
301.982
301.9807
301.9817
301.983
301.9845
301.9859
301.9871
301.9882
301.9891
301.9899
301.9906
301.9911
301.9915
301.9919
301.9921
301.9923
301.9924
301.9924
301.9923
301.9921
301.9919
301.9915
301.9911
301.9905
301.9899
301.9891
301.9882
301.9871
301.9859
301.9845
301.9829
301.9816
301.9825
301.9838
301.9853
301.9866
301.9878
301.9889
301.9897
301.9905
301.9911
301.9917
301.9921
301.9924
301.9926
301.9928
301.9929
301.9929
301.9928
301.9927
301.9925
301.9921
301.9917
301.9911
301.9905
301.9897
301.9888
301.9878
301.9866
301.9852
301.9838
301.9825
301.9832
301.9845
301.9859
301.9872
301.9884
301.9894
301.9903
301.991
301.9916
301.9921
301.9925
301.9928
301.9931
301.9932
301.9933
301.9933
301.9933
301.9933
301.9937
301.9928
301.9921
301.9916
301.991
301.9902
301.9894
301.9884
301.9872
301.9859
301.9844
301.9832
301.9838
301.985
301.9864
301.9877
301.9889
301.9899
301.9907
301.9914
301.992
301.9925
301.9929
301.9932
301.9934
301.9935
301.9936
301.9936
301.9937
301.9943
301.9968
301.9938
301.9926
301.992
301.9914
301.9907
301.9898
301.9888
301.9877
301.9864
301.985
301.9837
301.9842
301.9855
301.9868
301.9881
301.9892
301.9902
301.991
301.9917
301.9923
301.9928
301.9932
301.9934
301.9937
301.9938
301.9939
301.9939
301.9938
301.9939
301.9944
301.9934
301.9928
301.9923
301.9917
301.991
301.9902
301.9892
301.9881
301.9868
301.9854
301.9842
301.9846
301.9858
301.9871
301.9884
301.9895
301.9905
301.9913
301.9919
301.9925
301.993
301.9934
301.9936
301.9939
301.994
301.9941
301.9941
301.994
301.9939
301.9938
301.9934
301.993
301.9925
301.9919
301.9912
301.9904
301.9895
301.9884
301.9871
301.9857
301.9845
301.9848
301.986
301.9874
301.9886
301.9897
301.9906
301.9914
301.9921
301.9927
301.9931
301.9935
301.9938
301.994
301.9941
301.9942
301.9942
301.9941
301.994
301.9938
301.9935
301.9931
301.9926
301.9921
301.9914
301.9906
301.9896
301.9886
301.9873
301.9859
301.9847
301.9849
301.9861
301.9875
301.9887
301.9898
301.9907
301.9915
301.9922
301.9927
301.9932
301.9936
301.9938
301.9941
301.9942
301.9943
301.9943
301.9942
301.9941
301.9938
301.9936
301.9932
301.9927
301.9922
301.9915
301.9907
301.9897
301.9886
301.9874
301.986
301.9848
301.9849
301.9861
301.9875
301.9887
301.9898
301.9907
301.9915
301.9922
301.9927
301.9932
301.9936
301.9938
301.9941
301.9942
301.9943
301.9943
301.9942
301.9941
301.9938
301.9936
301.9932
301.9927
301.9922
301.9915
301.9907
301.9897
301.9886
301.9874
301.986
301.9848
301.9848
301.986
301.9873
301.9886
301.9897
301.9906
301.9914
301.9921
301.9927
301.9931
301.9935
301.9938
301.994
301.9941
301.9942
301.9942
301.9941
301.994
301.9938
301.9935
301.9931
301.9926
301.9921
301.9914
301.9906
301.9896
301.9885
301.9873
301.9859
301.9847
301.9846
301.9858
301.9871
301.9884
301.9895
301.9904
301.9913
301.9919
301.9925
301.993
301.9934
301.9936
301.9939
301.994
301.9941
301.9941
301.994
301.9938
301.9936
301.9933
301.993
301.9925
301.9919
301.9912
301.9904
301.9894
301.9883
301.9871
301.9857
301.9845
301.9842
301.9854
301.9868
301.9881
301.9892
301.9902
301.991
301.9917
301.9923
301.9927
301.9931
301.9934
301.9936
301.9938
301.9939
301.9938
301.9938
301.9936
301.9934
301.9931
301.9927
301.9922
301.9917
301.991
301.9901
301.9892
301.988
301.9868
301.9854
301.9841
301.9837
301.985
301.9864
301.9877
301.9888
301.9898
301.9906
301.9913
301.9919
301.9924
301.9928
301.9931
301.9933
301.9935
301.9935
301.9935
301.9935
301.9933
301.9931
301.9928
301.9924
301.9919
301.9913
301.9906
301.9897
301.9888
301.9876
301.9863
301.9849
301.9837
301.9831
301.9844
301.9858
301.9871
301.9883
301.9893
301.9901
301.9909
301.9915
301.992
301.9924
301.9927
301.9929
301.993
301.9931
301.9931
301.993
301.9929
301.9927
301.9924
301.992
301.9915
301.9908
301.9901
301.9892
301.9882
301.9871
301.9858
301.9843
301.9831
301.9824
301.9837
301.9851
301.9865
301.9877
301.9887
301.9896
301.9903
301.9909
301.9915
301.9919
301.9922
301.9923
301.9922
301.9922
301.9922
301.9921
301.992
301.9918
301.9917
301.9914
301.9909
301.9903
301.9895
301.9886
301.9876
301.9864
301.9851
301.9836
301.9823
301.9815
301.9828
301.9843
301.9857
301.9869
301.9879
301.9889
301.9896
301.9903
301.9908
301.9912
301.9915
301.9912
301.9899
301.9895
301.9894
301.9893
301.9892
301.9895
301.9906
301.9907
301.9902
301.9896
301.9888
301.9879
301.9868
301.9856
301.9843
301.9828
301.9815
301.9805
301.9818
301.9833
301.9847
301.986
301.9871
301.988
301.9888
301.9895
301.99
301.9905
301.9905
301.9889
301.9843
301.9826
301.9822
301.9821
301.9823
301.9838
301.9883
301.9896
301.9894
301.9888
301.988
301.987
301.9859
301.9847
301.9833
301.9818
301.9805
301.9793
301.9807
301.9822
301.9837
301.9849
301.9861
301.987
301.9879
301.9886
301.9891
301.9896
301.9894
301.9868
301.9783
301.9755
301.975
301.9749
301.9752
301.9778
301.9861
301.9885
301.9885
301.9878
301.987
301.986
301.9849
301.9836
301.9822
301.9806
301.9793
301.978
301.9794
301.981
301.9824
301.9838
301.9849
301.9859
301.9868
301.9875
301.9881
301.9885
301.9883
301.9855
301.9759
301.9729
301.9723
301.9722
301.9726
301.9754
301.9848
301.9875
301.9874
301.9868
301.9859
301.9849
301.9837
301.9824
301.9809
301.9793
301.978
301.9765
301.9779
301.9795
301.981
301.9824
301.9836
301.9846
301.9855
301.9863
301.9869
301.9874
301.9872
301.9841
301.9732
301.9699
301.9693
301.9692
301.9696
301.9727
301.9834
301.9863
301.9863
301.9858
301.9847
301.9836
301.9824
301.981
301.9795
301.9779
301.9765
301.9749
301.9763
301.9779
301.9795
301.9809
301.9821
301.9832
301.9841
301.9849
301.9856
301.986
301.9859
301.9829
301.9719
301.9685
301.9678
301.9677
301.9681
301.9711
301.9821
301.985
301.9853
301.9857
301.9837
301.9822
301.9809
301.9794
301.9779
301.9762
301.9748
301.9731
301.9745
301.9762
301.9778
301.9793
301.9805
301.9816
301.9826
301.9834
301.9841
301.9846
301.9845
301.9819
301.9715
301.9675
301.9665
301.9663
301.9667
301.9697
301.9806
301.9837
301.9849
301.9877
301.9832
301.9808
301.9793
301.9778
301.9762
301.9745
301.973
301.9716
301.9731
301.9748
301.9764
301.9779
301.9792
301.9803
301.9813
301.9821
301.9828
301.9834
301.9835
301.9816
301.9729
301.9672
301.9655
301.9651
301.9654
301.9685
301.9794
301.9823
301.9827
301.9831
301.9809
301.9792
301.9778
301.9764
301.9747
301.973
301.9716
)
;
    }
    floor_to_air
    {
        type            compressible::turbulentTemperatureRadCoupledMixed;
        refValue        nonuniform List<scalar> 
900
(
300.1178
300.1185
300.1195
300.1206
300.1217
300.1228
300.1239
300.1249
300.1259
300.1269
300.1278
300.1285
300.1292
300.1296
300.1299
300.13
300.1298
300.1295
300.1291
300.1284
300.1277
300.1268
300.1259
300.1249
300.1238
300.1227
300.1217
300.1206
300.1196
300.1188
300.1186
300.1194
300.1204
300.1215
300.1226
300.1237
300.1248
300.1259
300.127
300.128
300.1289
300.1297
300.1303
300.1308
300.131
300.1311
300.131
300.1307
300.1302
300.1295
300.1288
300.1279
300.1269
300.1258
300.1248
300.1237
300.1226
300.1215
300.1205
300.1196
300.1196
300.1204
300.1215
300.1226
300.1237
300.1249
300.126
300.1272
300.1283
300.1293
300.1303
300.1311
300.1318
300.1323
300.1326
300.1327
300.1325
300.1322
300.1317
300.131
300.1301
300.1292
300.1281
300.127
300.1259
300.1248
300.1237
300.1226
300.1215
300.1206
300.1206
300.1215
300.1226
300.1237
300.1249
300.1261
300.1273
300.1285
300.1297
300.1308
300.1318
300.1327
300.1335
300.134
300.1344
300.1345
300.1343
300.1339
300.1333
300.1326
300.1316
300.1306
300.1295
300.1283
300.1272
300.126
300.1248
300.1237
300.1226
300.1217
300.1217
300.1226
300.1237
300.1249
300.1261
300.1274
300.1287
300.1299
300.1312
300.1324
300.1336
300.1346
300.1354
300.136
300.1364
300.1365
300.1363
300.1359
300.1352
300.1343
300.1333
300.1322
300.131
300.1297
300.1285
300.1272
300.126
300.1248
300.1237
300.1228
300.1228
300.1237
300.1249
300.1261
300.1274
300.1287
300.1301
300.1315
300.1328
300.1342
300.1355
300.1366
300.1375
300.1382
300.1387
300.1388
300.1385
300.138
300.1373
300.1363
300.1351
300.1338
300.1325
300.1312
300.1298
300.1285
300.1272
300.126
300.1248
300.1238
300.1238
300.1248
300.126
300.1273
300.1286
300.13
300.1315
300.133
300.1346
300.1361
300.1376
300.1388
300.1399
300.1407
300.1412
300.1413
300.1411
300.1405
300.1395
300.1384
300.1371
300.1356
300.1342
300.1327
300.1312
300.1298
300.1284
300.1271
300.1259
300.1249
300.1249
300.1259
300.1271
300.1284
300.1299
300.1314
300.133
300.1347
300.1364
300.1381
300.1398
300.1413
300.1425
300.1435
300.144
300.1442
300.1438
300.1431
300.142
300.1407
300.1392
300.1375
300.1359
300.1342
300.1326
300.131
300.1296
300.1282
300.1269
300.1259
300.1259
300.1269
300.1282
300.1296
300.1311
300.1327
300.1345
300.1363
300.1383
300.1403
300.1422
300.1439
300.1454
300.1465
300.1472
300.1474
300.147
300.1461
300.1448
300.1431
300.1414
300.1395
300.1376
300.1357
300.134
300.1323
300.1307
300.1293
300.1279
300.1269
300.1269
300.1279
300.1292
300.1306
300.1323
300.134
300.1359
300.138
300.1402
300.1424
300.1446
300.1467
300.1484
300.1497
300.1505
300.1507
300.1502
300.1491
300.1476
300.1457
300.1436
300.1414
300.1393
300.1372
300.1353
300.1334
300.1318
300.1302
300.1288
300.1277
300.1279
300.1288
300.1301
300.1316
300.1333
300.1352
300.1373
300.1396
300.142
300.1446
300.147
300.1493
300.1514
300.1529
300.1538
300.154
300.1534
300.1522
300.1504
300.1482
300.1458
300.1433
300.1409
300.1386
300.1365
300.1345
300.1327
300.131
300.1296
300.1284
300.1301
300.1297
300.1309
300.1325
300.1343
300.1363
300.1385
300.141
300.1437
300.1465
300.1492
300.1519
300.1541
300.1558
300.1568
300.157
300.1563
300.155
300.153
300.1505
300.1478
300.145
300.1423
300.1398
300.1374
300.1352
300.1333
300.1315
300.1299
300.1288
300.1296
300.1302
300.1315
300.1331
300.135
300.1371
300.1395
300.1421
300.1451
300.1481
300.1511
300.1539
300.1564
300.1583
300.1594
300.1596
300.1589
300.1573
300.1551
300.1524
300.1495
300.1464
300.1434
300.1405
300.1378
300.1354
300.1331
300.131
300.1293
300.1281
300.1317
300.1309
300.132
300.1336
300.1355
300.1377
300.1402
300.143
300.146
300.1492
300.1525
300.1555
300.1581
300.1601
300.1614
300.1616
300.1608
300.1591
300.1567
300.1538
300.1507
300.1473
300.144
300.1406
300.1372
300.1343
300.1308
300.1283
300.1266
300.1255
300.1322
300.1312
300.1322
300.1339
300.1358
300.138
300.1405
300.1434
300.1466
300.1499
300.1532
300.1563
300.159
300.1611
300.1624
300.1627
300.1618
300.16
300.1575
300.1546
300.1513
300.1479
300.1444
300.1407
300.137
300.134
300.1303
300.1277
300.1258
300.1247
300.1323
300.1312
300.1322
300.1339
300.1358
300.138
300.1405
300.1434
300.1466
300.1499
300.1532
300.1563
300.159
300.1611
300.1624
300.1627
300.1618
300.16
300.1575
300.1546
300.1513
300.1478
300.1443
300.1406
300.1369
300.1338
300.1301
300.1274
300.1256
300.1243
300.132
300.131
300.132
300.1336
300.1355
300.1377
300.1402
300.143
300.1461
300.1493
300.1525
300.1555
300.1581
300.1601
300.1614
300.1616
300.1608
300.1591
300.1567
300.1538
300.1506
300.1473
300.1439
300.1402
300.1365
300.1335
300.1298
300.1272
300.1254
300.1241
300.1313
300.1305
300.1316
300.1331
300.135
300.1371
300.1395
300.1421
300.1451
300.1482
300.1513
300.154
300.1564
300.1583
300.1594
300.1596
300.1589
300.1573
300.1551
300.1524
300.1494
300.1463
300.1431
300.1396
300.1361
300.1332
300.1296
300.127
300.1252
300.124
300.129
300.1296
300.1309
300.1325
300.1343
300.1363
300.1385
300.141
300.1437
300.1467
300.1499
300.1521
300.1541
300.1558
300.1568
300.157
300.1563
300.1549
300.1529
300.1504
300.1477
300.1449
300.142
300.1388
300.1356
300.133
300.1297
300.1275
300.1258
300.1247
300.1277
300.1287
300.1301
300.1316
300.1333
300.1352
300.1373
300.1396
300.1421
300.1446
300.1472
300.1494
300.1514
300.1529
300.1538
300.1539
300.1534
300.1521
300.1503
300.1481
300.1457
300.1432
300.1407
300.1382
300.1358
300.1336
300.1315
300.1297
300.1282
300.1271
300.1268
300.1278
300.1292
300.1306
300.1323
300.134
300.1359
300.138
300.1402
300.1425
300.1447
300.1467
300.1484
300.1497
300.1505
300.1506
300.1502
300.1491
300.1476
300.1457
300.1436
300.1414
300.1392
300.137
300.135
300.1331
300.1314
300.1298
300.1284
300.1273
300.1259
300.1269
300.1282
300.1296
300.1311
300.1327
300.1345
300.1364
300.1383
300.1403
300.1422
300.1439
300.1454
300.1465
300.1472
300.1473
300.1469
300.146
300.1447
300.1431
300.1413
300.1394
300.1375
300.1356
300.1338
300.1321
300.1305
300.1291
300.1279
300.1268
300.1249
300.1259
300.1271
300.1284
300.1299
300.1314
300.133
300.1347
300.1364
300.1381
300.1398
300.1413
300.1425
300.1435
300.144
300.1441
300.1438
300.1431
300.142
300.1407
300.1391
300.1375
300.1358
300.1341
300.1325
300.1309
300.1295
300.1282
300.1273
300.1261
300.1238
300.1248
300.126
300.1273
300.1286
300.13
300.1315
300.133
300.1346
300.1361
300.1376
300.1388
300.1399
300.1407
300.1412
300.1413
300.141
300.1404
300.1395
300.1384
300.137
300.1356
300.1341
300.1326
300.1311
300.1297
300.1283
300.1271
300.126
300.125
300.1228
300.1237
300.1249
300.1261
300.1274
300.1287
300.1301
300.1315
300.1328
300.1342
300.1355
300.1366
300.1375
300.1382
300.1386
300.1387
300.1385
300.138
300.1372
300.1362
300.1351
300.1338
300.1325
300.1311
300.1298
300.1284
300.1271
300.1259
300.1248
300.1238
300.1217
300.1226
300.1237
300.1249
300.1261
300.1274
300.1287
300.1299
300.1312
300.1324
300.1336
300.1346
300.1354
300.136
300.1364
300.1365
300.1363
300.1358
300.1352
300.1343
300.1333
300.1321
300.1309
300.1297
300.1284
300.1272
300.126
300.1248
300.1237
300.1227
300.1206
300.1215
300.1226
300.1237
300.1249
300.1261
300.1273
300.1285
300.1297
300.1308
300.1318
300.1327
300.1335
300.134
300.1344
300.1344
300.1343
300.1339
300.1333
300.1325
300.1316
300.1306
300.1295
300.1283
300.1271
300.126
300.1248
300.1236
300.1226
300.1216
300.1196
300.1204
300.1215
300.1226
300.1237
300.1249
300.126
300.1272
300.1283
300.1293
300.1303
300.1311
300.1318
300.1323
300.1326
300.1327
300.1325
300.1322
300.1316
300.1309
300.1301
300.1291
300.1281
300.127
300.1259
300.1248
300.1236
300.1225
300.1215
300.1206
300.1185
300.1194
300.1204
300.1215
300.1226
300.1237
300.1248
300.1259
300.127
300.128
300.1289
300.1296
300.1303
300.1308
300.131
300.1311
300.131
300.1307
300.1302
300.1295
300.1287
300.1278
300.1268
300.1258
300.1247
300.1236
300.1226
300.1215
300.1204
300.1196
300.1177
300.1185
300.1195
300.1206
300.1217
300.1228
300.1239
300.1249
300.1259
300.1269
300.1278
300.1285
300.1291
300.1296
300.1299
300.1299
300.1298
300.1295
300.1291
300.1284
300.1277
300.1268
300.1258
300.1248
300.1238
300.1227
300.1217
300.1206
300.1196
300.1188
)
;
        refGradient     nonuniform List<scalar> 
900
(
0.3863349
0.4282802
0.4662387
0.5003484
0.5307325
0.5575273
0.5808933
0.601003
0.6183572
0.6328778
0.6444505
0.6533684
0.6601308
0.664713
0.6669493
0.6666774
0.6639963
0.6589769
0.6515213
0.6415899
0.6288941
0.6132321
0.5945888
0.5729632
0.5480887
0.5198161
0.4880051
0.4525318
0.4132829
0.3701282
0.4296593
0.4708572
0.5080119
0.5412836
0.5708187
0.5967763
0.6193346
0.6386804
0.6553215
0.6692015
0.6802419
0.6887418
0.6951684
0.6995103
0.7016072
0.7013318
0.6987799
0.6939869
0.6868421
0.6772938
0.6650863
0.6500198
0.6320378
0.6111116
0.586984
0.5594915
0.5284759
0.4937913
0.4553019
0.4128551
0.4690624
0.5094618
0.5457674
0.5781613
0.6068123
0.6319016
0.6536254
0.6721838
0.6880927
0.7013131
0.7118055
0.7198734
0.7259516
0.7300479
0.732009
0.731734
0.7293041
0.7247422
0.7179191
0.7087677
0.6970633
0.6826085
0.6653064
0.6451013
0.6217467
0.5950653
0.5648807
0.5310256
0.4933422
0.4516565
0.5046741
0.5442464
0.5796797
0.6111774
0.6389298
0.6631392
0.6840195
0.7017888
0.7169553
0.7295126
0.7394524
0.7470815
0.7528088
0.7566593
0.758486
0.7582127
0.7559021
0.7515714
0.7450719
0.7363227
0.7251246
0.7112837
0.694668
0.6751867
0.6526134
0.6267548
0.5974164
0.5644106
0.5275584
0.4866644
0.5366074
0.5753467
0.6099068
0.6405115
0.6673714
0.6907089
0.710755
0.727748
0.7421797
0.754084
0.763478
0.770672
0.7760532
0.779663
0.7813639
0.781088
0.7788933
0.7747876
0.7686063
0.760255
0.749555
0.7363168
0.720377
0.7016075
0.6798061
0.6547626
0.6262655
0.5941076
0.5580895
0.5179955
0.5649856
0.6029082
0.636616
0.6663516
0.6923452
0.7148379
0.7340779
0.75032
0.7640412
0.7753154
0.7841817
0.7909535
0.7960003
0.7993792
0.8009629
0.8006805
0.7985983
0.7947067
0.7888314
0.7808643
0.7706436
0.7579841
0.7426941
0.7246108
0.7035544
0.6793001
0.6516198
0.6202877
0.5850853
0.5457775
0.5899482
0.6270889
0.6599837
0.6888926
0.7140636
0.7357558
0.7542332
0.7697639
0.7828167
0.793493
0.8018628
0.8082311
0.812962
0.8161227
0.8175977
0.8173068
0.8153307
0.8116405
0.8060528
0.7984477
0.7886781
0.776563
0.7618822
0.7444455
0.724092
0.7005844
0.6736796
0.6431341
0.6087111
0.570158
0.6116431
0.6480512
0.6801867
0.7083282
0.7327382
0.7536895
0.771461
0.7863333
0.798771
0.8088926
0.8168029
0.8227973
0.8272371
0.8301988
0.8315696
0.8312703
0.8293928
0.8258878
0.8205639
0.8132912
0.8039364
0.7923214
0.7781995
0.761358
0.7416531
0.7188348
0.6926463
0.6628312
0.6291384
0.5912947
0.6303954
0.6661156
0.6975396
0.7249577
0.7486493
0.7689029
0.7860126
0.8002694
0.8121353
0.8217385
0.8292201
0.8348661
0.8390354
0.841816
0.8430872
0.8427805
0.8409947
0.8376631
0.8325855
0.8256235
0.8166565
0.8055065
0.7919054
0.7756212
0.7565264
0.7343609
0.7088522
0.6797279
0.6467195
0.609543
0.6461656
0.681279
0.7120658
0.7388378
0.7618891
0.7815211
0.7980389
0.8117435
0.8230972
0.8322385
0.8393353
0.8446701
0.8485975
0.8512186
0.8523979
0.8520858
0.8503803
0.8472048
0.8423471
0.8356617
0.827041
0.8163058
0.8031721
0.7873875
0.7688375
0.7472514
0.7223472
0.69384
0.6614476
0.6248712
0.6587855
0.6935318
0.7238135
0.7500517
0.7725702
0.7916833
0.8077072
0.8209509
0.8318738
0.8406271
0.8473967
0.8524684
0.8561931
0.8586778
0.85978
0.8594634
0.8578227
0.8547787
0.8501062
0.8436546
0.8353244
0.8249347
0.8121888
0.7968196
0.7787219
0.7576168
0.7332135
0.705216
0.6733306
0.6372464
1.074165
0.7029799
0.7329809
0.7588037
0.7808964
0.7995922
0.815216
0.8280861
0.8386591
0.8471026
0.8536008
0.8584595
0.8620216
0.8643933
0.8654339
0.865116
0.8635293
0.8605916
0.8560686
0.8498036
0.8417042
0.8315941
0.8191653
0.8041483
0.7864302
0.7657142
0.7417135
0.714121
0.682631
0.6469199
0.6759619
0.7102492
0.7398376
0.7653155
0.787068
0.8054322
0.8207398
0.8333153
0.8436124
0.8518117
0.8580968
0.8627883
0.8662272
0.8685081
0.8694986
0.8691779
0.8676326
0.8647787
0.8603767
0.8542606
0.8463446
0.8364616
0.8243151
0.8096854
0.7923962
0.77202
0.7483973
0.334904
0.3037125
0.2682363
1.086014
0.7148075
0.7443765
0.7696377
0.7911534
0.8092861
0.8243727
0.8367432
0.8468491
0.8548802
0.8610174
0.86559
0.8689416
0.871158
0.872113
0.8717909
0.8702743
0.8674789
0.8631626
0.8571525
0.8493685
0.8396607
0.8278002
0.8137997
0.7975277
0.7775459
0.7561366
0.3429193
0.3118955
0.2764238
1.088289
0.7171752
0.7466665
0.7718065
0.7931988
0.8112124
0.826186
0.8384493
0.848453
0.8563952
0.8624564
0.8669658
0.870272
0.8724558
0.8733929
0.87307
0.8715683
0.8688031
0.8645312
0.8585756
0.8508603
0.8412422
0.8295099
0.8157324
0.7997077
0.779872
0.7586407
0.3455638
0.3147332
0.279615
1.088256
0.7171668
0.746665
0.7718064
0.793199
0.8112126
0.8261862
0.8384495
0.8484532
0.8563952
0.8624557
0.8669659
0.8702724
0.8724562
0.8733934
0.8730705
0.8715687
0.8688035
0.8645316
0.858576
0.8508608
0.8412439
0.8295179
0.8157601
0.7997523
0.7799204
0.7586925
0.3456209
0.3148173
0.2797787
1.085727
0.7147465
0.7443675
0.7696365
0.7911532
0.8092863
0.8243731
0.8367438
0.8468495
0.8548779
0.861004
0.8655879
0.8689423
0.8711591
0.8721142
0.871792
0.8702755
0.86748
0.8631637
0.8571537
0.8493706
0.8396701
0.827852
0.813995
0.7978804
0.7779349
0.7565882
0.3433935
0.3124692
0.2773146
1.080985
0.7100003
0.7398079
0.7653118
0.7870671
0.8054319
0.8207397
0.8333153
0.8436098
0.8517844
0.8579575
0.8627615
0.8662257
0.8685095
0.8695003
0.8691796
0.8676343
0.8647804
0.8603784
0.8542625
0.8463494
0.8364911
0.8244939
0.8104313
0.7940972
0.7739321
0.7523563
0.338929
0.3077726
0.2723917
1.076651
0.7030816
0.7329834
0.7588016
0.7808946
0.7995908
0.8152148
0.8280843
0.8386444
0.8469623
0.8526654
0.8583199
0.8620086
0.8643939
0.8654357
0.8651178
0.8635312
0.8605935
0.8560705
0.8498057
0.8417093
0.8316238
0.8193444
0.8048945
0.7881315
0.7676266
0.7456725
0.7181413
0.6866593
0.6509642
0.6589195
0.6935409
0.7238056
0.7500427
0.7725614
0.7916747
0.8076987
0.8209424
0.8318626
0.8405912
0.847249
0.8524333
0.8561835
0.8586716
0.8597743
0.8594581
0.8578176
0.8547738
0.8501015
0.84365
0.8353209
0.8249387
0.8122355
0.7970101
0.7790702
0.7580014
0.7336588
0.7056664
0.6737803
0.6376997
0.6461596
0.681263
0.712048
0.7388198
0.7618709
0.7815028
0.7980205
0.8117251
0.8230785
0.8322173
0.8393032
0.8446495
0.8485802
0.8512021
0.8523818
0.8520701
0.850365
0.84719
0.8423327
0.8356478
0.8270277
0.8162942
0.803168
0.7874061
0.7688751
0.7472933
0.7223915
0.6938785
0.661468
0.6249094
0.6303701
0.6660892
0.6975125
0.7249302
0.7486213
0.7688744
0.7859838
0.8002402
0.812106
0.821709
0.8291899
0.834837
0.8390069
0.8417881
0.8430598
0.8427537
0.8409685
0.8376375
0.8325606
0.8255994
0.8166331
0.8054841
0.7918845
0.7756037
0.7565112
0.734346
0.7088312
0.6796648
0.6465147
0.6094734
0.6116063
0.6480135
0.6801481
0.7082887
0.7326978
0.7536483
0.771419
0.7862906
0.7987278
0.8088491
0.8167592
0.8227538
0.827194
0.8301562
0.8315276
0.8312291
0.8293523
0.8258482
0.8205253
0.8132537
0.8039001
0.7922862
0.7781656
0.7613255
0.7416217
0.7188021
0.6925912
0.6626111
0.6281383
0.5910504
0.5898973
0.6270364
0.6599298
0.6888373
0.7140068
0.7356976
0.7541736
0.7697031
0.782755
0.7934306
0.8017999
0.8081679
0.812899
0.8160602
0.8175358
0.8172458
0.8152707
0.8115816
0.8059953
0.7983917
0.7886238
0.7765104
0.7618313
0.7443963
0.7240446
0.7005379
0.6736278
0.6430411
0.6084773
0.5700603
0.5649205
0.602841
0.6365468
0.6662804
0.692272
0.7147628
0.7340009
0.7502412
0.763961
0.7752341
0.7840996
0.7908709
0.7959176
0.7992969
0.8008812
0.8005997
0.7985187
0.7946285
0.7887549
0.7807898
0.7705712
0.7579139
0.7426262
0.7245452
0.7034911
0.6792389
0.6515596
0.6202233
0.5850044
0.5457158
0.5365284
0.575265
0.6098226
0.6404247
0.6672821
0.6906172
0.7106608
0.7276516
0.7420815
0.7539842
0.7633771
0.7705702
0.7759512
0.7795613
0.7812628
0.7809878
0.7787945
0.7746905
0.7685112
0.7601622
0.7494648
0.7362292
0.7202922
0.7015255
0.6797269
0.6546862
0.6261917
0.5940358
0.5580184
0.5179286
0.5045815
0.5441507
0.5795809
0.6110756
0.6388249
0.6630313
0.6839087
0.7016753
0.7168396
0.7293951
0.7393333
0.7469613
0.7526882
0.7565388
0.7583662
0.7580939
0.7557847
0.7514559
0.7449587
0.7362122
0.725017
0.7111792
0.6945667
0.6750887
0.6525188
0.6266635
0.5973283
0.5643257
0.5274764
0.4865856
0.4689567
0.5093525
0.5456545
0.5780449
0.6066924
0.6317783
0.6534988
0.6720541
0.6879604
0.7011787
0.7116693
0.7197358
0.7258134
0.7299097
0.7318714
0.7315976
0.7291691
0.7246093
0.7177887
0.7086402
0.6969391
0.6824877
0.6651892
0.644988
0.6216371
0.5949595
0.5647786
0.5309272
0.4932474
0.4515652
0.4295411
0.4707349
0.5078857
0.5411534
0.5706846
0.5966383
0.619193
0.6385354
0.6551735
0.669051
0.6800895
0.6885879
0.6950137
0.6993554
0.701453
0.7011787
0.6986284
0.6938375
0.6866954
0.6771503
0.6649464
0.6498836
0.6319056
0.6109835
0.5868601
0.5593718
0.5283604
0.4936799
0.4551944
0.4127517
0.3862047
0.4281454
0.4660998
0.5002051
0.530585
0.5573756
0.5807376
0.6008435
0.6181946
0.6327123
0.6442828
0.6531991
0.6599606
0.6645426
0.6667795
0.6665088
0.6638292
0.6588121
0.6513593
0.6414314
0.6287393
0.6130813
0.5944422
0.5728211
0.5479512
0.5196831
0.4878767
0.4524079
0.4131634
0.3700131
)
;
        valueFraction   nonuniform List<scalar> 
900
(
0.008088865
0.008059929
0.008034287
0.00801453
0.007998588
0.007985186
0.007973603
0.007963404
0.007954381
0.007946493
0.007939822
0.007934533
0.007930849
0.007929028
0.007929227
0.007931552
0.007936018
0.007942548
0.007950982
0.007961107
0.00797269
0.007985521
0.007999455
0.00801445
0.008030622
0.008048308
0.008068155
0.008091404
0.00812021
0.008151902
0.008059432
0.00801396
0.007978941
0.00795445
0.007936062
0.007921347
0.007908969
0.007898191
0.007888658
0.007880272
0.007873106
0.007867343
0.007863256
0.007861122
0.007861099
0.007863311
0.007867773
0.007874397
0.007883002
0.007893348
0.007905181
0.007918281
0.007932517
0.007947914
0.007964743
0.007983667
0.008005966
0.008034066
0.008072476
0.008120951
0.008033286
0.00797836
0.007934778
0.007904443
0.007882226
0.007864913
0.00785061
0.007838246
0.007827288
0.007817565
0.00780914
0.007802232
0.007797183
0.007794317
0.007793846
0.00779592
0.007800557
0.007807646
0.00781696
0.007828204
0.007841071
0.007855309
0.0078708
0.007887649
0.007906311
0.007927792
0.007953929
0.007987917
0.008034946
0.008092945
0.008012815
0.007953104
0.00790364
0.007868246
0.007841993
0.007821458
0.007804459
0.007789689
0.007776479
0.007764606
0.007754149
0.007745403
0.007738825
0.007734814
0.007733677
0.007735612
0.007740644
0.007748619
0.007759237
0.007772104
0.007786819
0.007803062
0.007820698
0.007839878
0.007861194
0.007885872
0.007916022
0.007955036
0.008007929
0.008070741
0.007995931
0.007933766
0.007880443
0.007840985
0.007810848
0.007786733
0.007766408
0.007748464
0.007732161
0.007717264
0.00770391
0.007692528
0.007683753
0.007678104
0.007676034
0.00767782
0.007683494
0.007692845
0.007705449
0.007720761
0.007738223
0.007757393
0.007778064
0.007800383
0.007824997
0.007853213
0.007887182
0.007930191
0.007986913
0.008052189
0.007981386
0.007917932
0.00786201
0.007819305
0.007785565
0.007757686
0.007733526
0.007711692
0.007691449
0.007672605
0.007655401
0.007640512
0.007628745
0.00762087
0.007617538
0.007619144
0.007625744
0.007637032
0.007652406
0.007671086
0.007692279
0.007715343
0.007739935
0.00776613
0.007794542
0.007826456
0.007863947
0.007910141
0.007969442
0.008036006
0.00796849
0.007904295
0.007846478
0.007801072
0.007763982
0.007732246
0.007703836
0.007677446
0.007652422
0.007628665
0.007606588
0.007587233
0.007571594
0.0075608
0.007555793
0.007557159
0.007564992
0.00757886
0.007597892
0.007620971
0.007646962
0.007674932
0.007704321
0.007735062
0.007767676
0.007803376
0.007844153
0.007893011
0.007954201
0.008021502
0.007956844
0.007892143
0.007832798
0.007785011
0.007744743
0.007709094
0.007676105
0.007644564
0.007613955
0.007584308
0.007556459
0.007531606
0.007511156
0.007496657
0.00748946
0.007490449
0.007499811
0.007516945
0.007540603
0.007569188
0.00760109
0.007634982
0.007670005
0.007705889
0.007743039
0.007782607
0.007826534
0.007877766
0.007940494
0.008008301
0.007946264
0.007881145
0.007820459
0.007770477
0.007727142
0.007687554
0.007649759
0.007612608
0.007575749
0.007539422
0.007505064
0.007473683
0.007447295
0.007428103
0.007418081
0.007418546
0.007429776
0.007450928
0.007480254
0.007515528
0.007554397
0.007595128
0.007636499
0.007678011
0.00771996
0.007763469
0.007810477
0.00786393
0.007928026
0.007996256
0.007936717
0.007871217
0.007809303
0.007757258
0.007710967
0.007667477
0.007624792
0.007581786
0.00753822
0.007494964
0.007453183
0.007414494
0.007381323
0.007356743
0.007343563
0.00734365
0.007357323
0.007383217
0.007418696
0.007460908
0.007507432
0.007555752
0.007603981
0.007651437
0.007698332
0.007745798
0.007795818
0.007851386
0.007916757
0.007985393
0.007928216
0.007862426
0.007799396
0.00774544
0.007696364
0.007649129
0.007601666
0.007552852
0.007502521
0.007452315
0.007402585
0.007355192
0.007313774
0.00728384
0.007269176
0.007268956
0.007283552
0.007313976
0.007357239
0.007407655
0.007462064
0.007517896
0.007573226
0.007626699
0.007678497
0.00772981
0.007782704
0.00784026
0.007906821
0.007975859
0.007919495
0.0078549
0.007790945
0.007735299
0.007683725
0.007633086
0.007581214
0.007526963
0.007470441
0.007413141
0.007354793
0.007298151
0.007254132
0.007222582
0.007205333
0.007204708
0.007221301
0.007253215
0.007297958
0.007357417
0.007420146
0.007483621
0.007545568
0.007604758
0.007661144
0.007715995
0.007771498
0.007830843
0.007898477
0.007967897
0.007915349
0.007849068
0.007784249
0.007727207
0.00767357
0.007620092
0.007564502
0.007505555
0.007443795
0.007379767
0.007313405
0.00725414
0.007205992
0.007169777
0.00714966
0.007148577
0.007167366
0.007203519
0.007252862
0.007313793
0.007384264
0.007454826
0.007522768
0.00758688
0.007647239
0.007705086
0.0077628
0.007823856
0.007892383
0.007962126
0.007909656
0.007844841
0.007779559
0.007721541
0.007666428
0.007610905
0.007552616
0.007490149
0.007424438
0.007355218
0.007283531
0.007222942
0.007170273
0.007130234
0.00710776
0.007106253
0.007126777
0.007166413
0.007220204
0.007282942
0.007357803
0.007433711
0.00750642
0.007574437
0.007638054
0.007698165
0.007758472
0.007820647
0.007889818
0.007959768
0.0079075
0.00784269
0.007777135
0.007718607
0.007662727
0.007606137
0.007546426
0.007482052
0.007414185
0.00734209
0.007269156
0.007206271
0.007151034
0.007108848
0.007085002
0.007083206
0.007104706
0.007146337
0.007202672
0.007267713
0.007343647
0.007422449
0.007497868
0.007567949
0.007633157
0.007694424
0.007755592
0.007818344
0.007887905
0.007958148
0.007907471
0.007842678
0.00777713
0.007718606
0.00766273
0.007606144
0.007546438
0.007482068
0.007414207
0.007342118
0.00726919
0.007206313
0.007151085
0.00710891
0.007085077
0.007083295
0.007104809
0.007146453
0.007202799
0.007267853
0.007343802
0.007422609
0.007498033
0.007568129
0.007633352
0.007694629
0.007755808
0.007818574
0.007888165
0.007958468
0.007909463
0.007844784
0.007779542
0.007721538
0.007666437
0.007610926
0.007552651
0.0074902
0.007424503
0.007355299
0.007283627
0.007223067
0.007170426
0.007130418
0.007107979
0.007106512
0.007127075
0.007166748
0.007220575
0.007283349
0.007358253
0.007434178
0.00750692
0.00757503
0.007638749
0.007698907
0.007759279
0.007821502
0.007890769
0.007960949
0.007913488
0.007848898
0.007784213
0.007727202
0.007673584
0.007620128
0.007564562
0.007505642
0.007443904
0.007379893
0.007313508
0.007254339
0.007206248
0.007170085
0.007150023
0.007149001
0.007167852
0.007204064
0.007253465
0.007314473
0.007384985
0.007455587
0.00752363
0.007588064
0.007648954
0.007706964
0.00776578
0.007826947
0.00789558
0.00796551
0.007920746
0.007854923
0.007790927
0.007735296
0.007683747
0.007633138
0.007581301
0.007527086
0.007470595
0.007413271
0.007354581
0.007298387
0.007254492
0.007223016
0.007205842
0.007205294
0.007221969
0.007253963
0.007298809
0.007358332
0.007421114
0.00748464
0.007546704
0.007606229
0.007663159
0.007718183
0.007774801
0.007834265
0.007901999
0.007971571
0.007928245
0.007862396
0.007799371
0.007745438
0.007696393
0.007649197
0.007601779
0.007553014
0.007502734
0.007452569
0.007402846
0.007355583
0.007314262
0.007284402
0.007269829
0.007269704
0.007284397
0.007314945
0.00735829
0.00740878
0.007463253
0.007519137
0.007574543
0.00762815
0.00768009
0.007731482
0.007784472
0.007842096
0.007908729
0.007977855
0.007936657
0.007871165
0.007809271
0.007757255
0.007711003
0.00766756
0.007624931
0.007581987
0.007538487
0.007495295
0.007453586
0.007414991
0.007381918
0.00735744
0.007344367
0.007344564
0.007358347
0.007384347
0.007419921
0.007462217
0.007508809
0.007557202
0.007605505
0.00765304
0.007700013
0.007747546
0.007797629
0.007853254
0.007918676
0.007987383
0.00794618
0.007881079
0.007820419
0.007770472
0.007727184
0.007687653
0.007649923
0.007612844
0.007576064
0.007539819
0.007505548
0.007474264
0.007447979
0.007428898
0.007418992
0.007419576
0.007430924
0.007452186
0.007481616
0.007516987
0.00755595
0.007596768
0.007638224
0.007679819
0.007721847
0.007765428
0.007812499
0.00786599
0.007930068
0.007998418
0.007956742
0.007892063
0.007832749
0.007785004
0.00774479
0.007709206
0.007676291
0.007644832
0.007614311
0.00758476
0.007557009
0.007532262
0.007511925
0.007497543
0.007490467
0.00749158
0.007501066
0.007518319
0.007542092
0.007570788
0.007602797
0.007636791
0.007671913
0.007707893
0.007745134
0.007784783
0.007828772
0.007879982
0.00794236
0.008010597
0.007968369
0.007904199
0.007846419
0.007801062
0.007764033
0.00773237
0.007704043
0.007677742
0.007652814
0.00762916
0.007607194
0.007587952
0.007572433
0.007561761
0.00755688
0.007558375
0.007566337
0.007580331
0.007599489
0.00762269
0.007648801
0.007676888
0.007706392
0.007737244
0.00776996
0.007805754
0.00784661
0.007895515
0.007956689
0.008024107
0.007981246
0.00791782
0.00786194
0.007819291
0.007785619
0.00775782
0.00773375
0.007712014
0.007691875
0.007673141
0.007656053
0.007641282
0.007629639
0.007621891
0.007618689
0.007620428
0.007627162
0.007638585
0.007654093
0.007672907
0.007694233
0.007717428
0.007742148
0.007768466
0.007796993
0.007829012
0.007866594
0.007912861
0.007972216
0.008038841
0.007995772
0.007933637
0.007880362
0.007840965
0.007810904
0.007786877
0.007766649
0.007748809
0.007732616
0.007717834
0.0077046
0.00769334
0.007684692
0.007679173
0.007677238
0.007679159
0.007684973
0.007694465
0.007707212
0.007722668
0.007740275
0.007759588
0.007780398
0.007802853
0.007827591
0.007855922
0.00788999
0.007933082
0.007989871
0.008055203
0.008012639
0.007952961
0.007903548
0.007868221
0.00784205
0.00782161
0.007804715
0.007790055
0.00777696
0.007765207
0.007754873
0.007746253
0.007739803
0.007735925
0.007734925
0.007737
0.007742175
0.007750297
0.007761065
0.007774084
0.007788952
0.007805348
0.007823134
0.007842458
0.007863908
0.007888707
0.007918963
0.007958064
0.008011028
0.008073897
0.008033096
0.007978204
0.007934676
0.007904413
0.007882284
0.007865071
0.007850879
0.007838631
0.007827793
0.007818194
0.007809894
0.007803115
0.007798198
0.007795467
0.007795134
0.00779735
0.007802135
0.007809375
0.007818844
0.007830246
0.007843273
0.00785767
0.007873319
0.007890319
0.007909122
0.007930729
0.007956975
0.007991052
0.008038153
0.008096208
0.008059232
0.008013795
0.00797883
0.007954415
0.00793612
0.007921511
0.007909249
0.007898592
0.007889184
0.007880926
0.00787389
0.007868258
0.007864306
0.007862308
0.007862427
0.007864784
0.007869396
0.007876174
0.007884938
0.007895446
0.007907444
0.007920708
0.007935106
0.007950658
0.007967632
0.007986685
0.008009095
0.008037284
0.008075762
0.008124288
0.00808866
0.008059754
0.008034167
0.008014488
0.007998642
0.007985352
0.007973889
0.007963817
0.007954924
0.007947167
0.00794063
0.007935477
0.007931931
0.00793025
0.007930592
0.007933065
0.007937684
0.007944372
0.007952967
0.007963256
0.007975006
0.007988005
0.008002103
0.008017255
0.008033574
0.008051391
0.008071348
0.008094685
0.008123553
0.008155285
)
;
        source          uniform 0;
        value           nonuniform List<scalar> 
900
(
300.4982
300.5085
300.5189
300.5285
300.537
300.5445
300.5511
300.5568
300.5617
300.5658
300.5691
300.5716
300.5735
300.5748
300.5755
300.5754
300.5747
300.5733
300.5712
300.5684
300.5648
300.5604
300.5552
300.5491
300.5421
300.5342
300.5253
300.5154
300.5046
300.494
300.5087
300.5189
300.5292
300.5385
300.5468
300.5541
300.5605
300.566
300.5707
300.5747
300.5778
300.5803
300.5821
300.5833
300.584
300.5839
300.5832
300.5818
300.5798
300.5771
300.5737
300.5694
300.5643
300.5584
300.5516
300.5439
300.5352
300.5254
300.5148
300.5044
300.5195
300.5295
300.5395
300.5487
300.5567
300.5638
300.57
300.5752
300.5798
300.5835
300.5865
300.5889
300.5906
300.5918
300.5924
300.5923
300.5916
300.5903
300.5884
300.5858
300.5825
300.5784
300.5735
300.5678
300.5612
300.5537
300.5452
300.5357
300.5253
300.515
300.5294
300.5392
300.549
300.5579
300.5657
300.5726
300.5785
300.5836
300.5879
300.5914
300.5943
300.5965
300.5982
300.5993
300.5998
300.5998
300.5991
300.5979
300.5961
300.5936
300.5904
300.5865
300.5817
300.5762
300.5698
300.5625
300.5543
300.545
300.5348
300.5248
300.5383
300.5479
300.5575
300.5661
300.5737
300.5803
300.586
300.5909
300.595
300.5984
300.6011
300.6032
300.6048
300.6058
300.6063
300.6062
300.6056
300.6045
300.6027
300.6003
300.5973
300.5935
300.589
300.5836
300.5775
300.5704
300.5623
300.5533
300.5433
300.5335
300.5462
300.5556
300.5649
300.5733
300.5807
300.5871
300.5926
300.5972
300.6011
300.6044
300.607
300.6089
300.6104
300.6114
300.6119
300.6118
300.6112
300.6101
300.6085
300.6062
300.6032
300.5996
300.5953
300.5901
300.5841
300.5773
300.5694
300.5606
300.5509
300.5412
300.5532
300.5623
300.5715
300.5797
300.5868
300.593
300.5983
300.6027
300.6065
300.6095
300.612
300.6139
300.6153
300.6162
300.6167
300.6166
300.616
300.615
300.6134
300.6112
300.6084
300.6049
300.6007
300.5957
300.5899
300.5832
300.5756
300.567
300.5575
300.548
300.5592
300.5682
300.5772
300.5851
300.5921
300.598
300.6031
300.6074
300.611
300.6139
300.6163
300.618
300.6194
300.6203
300.6207
300.6206
300.6201
300.6191
300.6175
300.6154
300.6127
300.6094
300.6053
300.6005
300.5949
300.5884
300.581
300.5725
300.5632
300.5539
300.5645
300.5733
300.582
300.5898
300.5965
300.6023
300.6072
300.6113
300.6148
300.6176
300.6198
300.6215
300.6228
300.6236
300.6241
300.624
300.6235
300.6225
300.621
300.619
300.6164
300.6131
300.6092
300.6045
300.5991
300.5927
300.5855
300.5773
300.5681
300.559
300.5693
300.5776
300.5861
300.5937
300.6003
300.6059
300.6106
300.6146
300.6179
300.6206
300.6228
300.6244
300.6256
300.6264
300.6268
300.6268
300.6263
300.6253
300.6239
300.6219
300.6194
300.6162
300.6124
300.6079
300.6025
300.5964
300.5893
300.5812
300.5722
300.5632
300.5774
300.5818
300.5895
300.5969
300.6033
300.6088
300.6134
300.6173
300.6205
300.6231
300.6251
300.6267
300.6279
300.6287
300.629
300.629
300.6285
300.6276
300.6262
300.6243
300.6218
300.6187
300.615
300.6105
300.6052
300.5991
300.5922
300.5843
300.5754
300.5666
300.6504
300.5885
300.5924
300.5993
300.6056
300.611
300.6155
300.6193
300.6224
300.625
300.627
300.6285
300.6296
300.6304
300.6307
300.6307
300.6302
300.6294
300.628
300.6261
300.6237
300.6206
300.6168
300.6119
300.6062
300.6001
300.5932
300.5853
300.5767
300.5683
300.5908
300.5885
300.5943
300.6012
300.6074
300.6127
300.6171
300.6208
300.6239
300.6264
300.6283
300.6298
300.6309
300.6317
300.632
300.632
300.6315
300.6306
300.6293
300.6275
300.625
300.6219
300.6172
300.6097
300.601
300.594
300.5851
300.5407
300.5327
300.5259
300.6685
300.5959
300.5963
300.6025
300.6085
300.6138
300.6182
300.6218
300.6248
300.6273
300.6292
300.6306
300.6317
300.6325
300.6328
300.6328
300.6323
300.6315
300.6302
300.6283
300.6259
300.6223
300.6153
300.6001
300.5796
300.568
300.5364
300.4903
300.4836
300.4799
300.6762
300.5981
300.5972
300.6031
300.6091
300.6143
300.6187
300.6223
300.6253
300.6277
300.6296
300.6311
300.6322
300.6329
300.6332
300.6332
300.6327
300.6319
300.6306
300.6288
300.6263
300.6226
300.6148
300.597
300.5732
300.5607
300.5271
300.4806
300.4726
300.4659
300.677
300.5984
300.5973
300.6031
300.6091
300.6143
300.6187
300.6223
300.6253
300.6277
300.6296
300.6311
300.6322
300.6329
300.6332
300.6332
300.6327
300.6319
300.6306
300.6288
300.6263
300.6225
300.6146
300.5963
300.5721
300.5594
300.5257
300.4791
300.4705
300.4622
300.6755
300.5974
300.5966
300.6025
300.6085
300.6138
300.6181
300.6218
300.6248
300.6274
300.6296
300.6307
300.6318
300.6325
300.6328
300.6328
300.6323
300.6315
300.6302
300.6283
300.6258
300.6221
300.6141
300.5957
300.5715
300.5589
300.5251
300.4784
300.4696
300.4611
300.6666
300.5944
300.595
300.6013
300.6074
300.6127
300.6171
300.6208
300.624
300.6271
300.6314
300.6306
300.631
300.6317
300.632
300.6319
300.6315
300.6306
300.6293
300.6274
300.6249
300.6212
300.6133
300.5954
300.5716
300.559
300.5253
300.4786
300.4698
300.4611
300.6224
300.5857
300.5923
300.5993
300.6056
300.611
300.6155
300.6193
300.6228
300.6281
300.6398
300.6316
300.63
300.6304
300.6307
300.6307
300.6302
300.6293
300.628
300.6261
300.6236
300.6199
300.6129
300.5976
300.5769
300.5651
300.5334
300.5234
300.5145
300.5057
300.5735
300.5812
300.5894
300.5968
300.6032
300.6087
300.6134
300.6172
300.6205
300.6238
300.6282
300.6274
300.6279
300.6286
300.629
300.6289
300.6285
300.6276
300.6262
300.6242
300.6217
300.6185
300.6137
300.606
300.5971
300.59
300.5809
300.5728
300.5639
300.555
300.5689
300.5775
300.5861
300.5936
300.6002
300.6058
300.6106
300.6146
300.6179
300.6207
300.6231
300.6245
300.6256
300.6264
300.6268
300.6267
300.6262
300.6253
300.6238
300.6219
300.6193
300.6162
300.6121
300.607
300.6012
300.5949
300.5877
300.5798
300.5712
300.5619
300.5644
300.5732
300.582
300.5897
300.5965
300.6023
300.6072
300.6113
300.6147
300.6176
300.6198
300.6215
300.6227
300.6236
300.624
300.6239
300.6234
300.6225
300.621
300.6189
300.6163
300.6131
300.6091
300.6044
300.5988
300.5925
300.5855
300.5783
300.572
300.5602
300.5591
300.5681
300.5771
300.5851
300.592
300.598
300.603
300.6073
300.6109
300.6139
300.6162
300.618
300.6193
300.6202
300.6206
300.6205
300.62
300.619
300.6175
300.6153
300.6126
300.6093
300.6052
300.6004
300.5948
300.5884
300.5815
300.5765
300.5772
300.5585
300.5531
300.5623
300.5714
300.5796
300.5867
300.5929
300.5982
300.6026
300.6064
300.6094
300.6119
300.6138
300.6152
300.6161
300.6165
300.6165
300.6159
300.6149
300.6133
300.6111
300.6083
300.6048
300.6006
300.5956
300.5898
300.5832
300.5757
300.5682
300.5615
300.5494
300.5461
300.5555
300.5648
300.5732
300.5806
300.587
300.5925
300.5971
300.601
300.6043
300.6068
300.6088
300.6103
300.6113
300.6118
300.6117
300.6111
300.61
300.6083
300.606
300.6031
300.5995
300.5951
300.59
300.584
300.5772
300.5694
300.5607
300.5514
300.5414
300.5382
300.5478
300.5573
300.566
300.5736
300.5802
300.5859
300.5907
300.5948
300.5982
300.6009
300.603
300.6046
300.6056
300.6061
300.6061
300.6055
300.6043
300.6026
300.6002
300.5971
300.5934
300.5888
300.5835
300.5773
300.5702
300.5622
300.5532
300.5433
300.5334
300.5293
300.539
300.5489
300.5577
300.5656
300.5724
300.5783
300.5834
300.5877
300.5913
300.5941
300.5963
300.598
300.5991
300.5996
300.5996
300.5989
300.5977
300.5959
300.5934
300.5902
300.5863
300.5816
300.5761
300.5697
300.5624
300.5541
300.5448
300.5347
300.5246
300.5194
300.5293
300.5394
300.5485
300.5566
300.5636
300.5698
300.5751
300.5796
300.5833
300.5863
300.5887
300.5904
300.5916
300.5922
300.5921
300.5914
300.5901
300.5882
300.5856
300.5823
300.5782
300.5733
300.5676
300.561
300.5535
300.545
300.5355
300.5251
300.5149
300.5086
300.5187
300.529
300.5383
300.5466
300.5539
300.5603
300.5658
300.5705
300.5744
300.5776
300.58
300.5819
300.5831
300.5837
300.5837
300.583
300.5816
300.5796
300.5769
300.5735
300.5692
300.5641
300.5582
300.5514
300.5437
300.535
300.5253
300.5147
300.5043
300.498
300.5083
300.5187
300.5283
300.5368
300.5443
300.5509
300.5565
300.5614
300.5655
300.5688
300.5714
300.5733
300.5746
300.5752
300.5752
300.5745
300.5731
300.571
300.5682
300.5646
300.5602
300.555
300.5489
300.5419
300.534
300.5251
300.5152
300.5044
300.4939
)
;
        qrNbr           qr;
        logInterval     -1;
        writePrecision  7;
        updateHeader    1;
        writeToFile     0;
        useUserTime     1;
        kappaMethod     solidThermo;
        kappa           none;
    }
}


// ************************************************************************* //
