/*--------------------------------*- C++ -*----------------------------------*\
| =========                 |                                                 |
| \\      /  F ield         | OpenFOAM: The Open Source CFD Toolbox           |
|  \\    /   O peration     | Version:  2506                                  |
|   \\  /    A nd           | Website:  www.openfoam.com                      |
|    \\/     M anipulation  |                                                 |
\*---------------------------------------------------------------------------*/
FoamFile
{
    version     2.0;
    format      ascii;
    arch        "LSB;label=32;scalar=64";
    class       volScalarField;
    location    "4000/air";
    object      qprimaryRad_1;
}
// * * * * * * * * * * * * * * * * * * * * * * * * * * * * * * * * * * * * * //

dimensions      [1 0 -3 0 0 0 0];

internalField   uniform 0;

boundaryField
{
    maxY
    {
        type            calculated;
        value           uniform 0;
    }
    minX
    {
        type            calculated;
        value           uniform 0;
    }
    maxX
    {
        type            calculated;
        value           uniform 0;
    }
    minY
    {
        type            calculated;
        value           uniform 0;
    }
    maxZ
    {
        type            calculated;
        value           uniform 0;
    }
    air_to_solid
    {
        type            calculated;
        value           nonuniform List<scalar> 
1536
(
0
0
0
0
0
0
0
0
0
0
0
0
0
0
0
0
0
0
0
0
0
0
0
0
0
0
0
0
0
0
0
0
0
0
0
0
3.110691
11.74955
8.289661
1.677724
6.239368
1.677724
6.239368
1.677724
6.239368
1.677724
6.239368
1.677724
6.239368
0
12.41232
9.42753
6.66702
6.66702
6.66702
6.66702
6.66702
0
12.41232
9.42753
6.66702
6.66702
6.66702
6.66702
6.66702
0
12.41232
9.42753
6.66702
6.66702
6.66702
6.66702
6.66702
0
12.41232
9.42753
6.66702
6.66702
6.66702
6.66702
6.66702
0
12.41232
9.42753
6.66702
6.66702
6.66702
6.66702
6.66702
0
4.204955
2.760916
2.760916
2.760916
2.760916
2.760916
2.761609
0
0
0
0
0
0
0
0
0
0
0
10.26089
11.20519
0
0
0
0
0
0
0
0
0
0
0
0
0
0
0
0
0
0
0
0
11.20519
11.20519
0
0
0
0
0
0
0
0
0
0
0
0
0
0
0
0
0
0
0
0
11.20519
11.20519
0
0
0
0
0
0
0
0
0
0
0
0
0
0
0
0
0
0
0
0
11.20519
11.20519
0
0
0
0
0
0
0
0
0
0
0
0
0
0
0
0
0
0
0
0
11.20519
11.20519
0
0
0
0
0
0
0
0
0
0
0
0
0
0
0
0
0
0
0
0
11.20519
10.60116
0
0
0
3.858602
0.9901004
0
0
0
0.9901004
0.9901004
0
0
0
0.9901004
0.9901004
0
0
0
0.9901004
0.9901004
0
0
0
0.9901004
0.9901004
0
0
0
0
0.9901004
0
0
1.677724
6.239368
12.41232
9.42753
6.66702
1.677724
6.239368
6.66702
6.66702
1.677724
6.239368
6.66702
6.66702
1.677724
6.239368
6.66702
6.66702
1.677724
6.239368
6.66702
6.66702
0
4.398395
6.66702
0
3.372913
6.66702
12.41232
9.42753
6.66702
6.66702
6.66702
6.66702
6.66702
6.66702
6.66702
6.66702
6.66702
6.66702
6.66702
6.66702
6.66702
3.372913
6.66702
0
3.372913
6.66702
12.41232
9.42753
6.66702
6.66702
6.66702
6.66702
6.66702
6.66702
6.66702
6.66702
6.66702
6.66702
6.66702
6.66702
6.66702
3.372913
6.66702
0
3.372913
6.66702
12.41232
9.42753
6.66702
6.66702
6.66702
6.66702
6.66702
6.66702
6.66702
6.66702
6.66702
6.66702
6.66702
6.66702
6.66702
3.372913
6.66702
0
3.372913
6.66702
12.41232
9.42753
6.66702
6.66702
6.66702
6.66702
6.66702
6.66702
6.66702
6.66702
6.66702
6.66702
6.66702
6.66702
6.66702
3.372913
6.66702
0
3.372913
6.66702
11.9721
8.49642
2.760916
6.561075
6.66702
6.561075
2.760916
6.561075
6.66702
6.561075
2.760916
6.561075
6.66702
6.561075
2.760916
6.561075
6.66702
6.561075
2.760916
6.561075
3.372913
6.561075
0
0.01660347
4.605155
0
0
0
0
8.622234
0
8.081462
0
0
0
0
0
0
0
0
0
0
0
0
0
0
0
0
0
0
0
0
0
0
0
0
0
0
0
0
0
0
7.973677
7.973677
0
0
0
0
0
0
0
0
0
0
0
0
0
0
0
0
0
0
0
0
7.973677
7.973677
0
0
0
0
0
0
0
0
0
0
0
0
0
0
0
0
0
0
0
0
7.973677
7.973677
0
0
0
0
0
0
0
0
0
0
0
0
0
0
0
0
0
0
0
0
7.973677
7.973677
0
0
0
0
0
0
0
0
0
0
0
0
0
0
0
0
0
0
0
0
7.973677
7.986254
0
0
0
0
0
0
0
0
0
0
0
0
0
0
0
0
0
1.077666
0
0
0
0
0
0
0
0
0
0
0
7.168087
6.658267
2.015815
9.294652
12.341
6.623141
6.239368
1.677724
6.623141
6.623141
6.239368
1.677724
6.623141
6.623141
6.239368
1.677724
6.623141
6.623141
6.239368
1.677724
6.623141
6.571135
6.201966
1.627612
6.623141
7.275616
7.275616
9.42753
12.41232
6.66702
6.66702
6.66702
6.66702
6.66702
6.66702
6.66702
6.66702
6.66702
6.66702
6.66702
6.66702
6.6057
6.6057
6.66702
7.275616
7.275616
9.42753
12.41232
6.66702
6.66702
6.66702
6.66702
6.66702
6.66702
6.66702
6.66702
6.66702
6.66702
6.66702
6.66702
6.6057
6.6057
6.66702
7.275616
7.275616
9.42753
12.41232
6.66702
6.66702
6.66702
6.66702
6.66702
6.66702
6.66702
6.66702
6.66702
6.66702
6.66702
6.66702
6.6057
6.6057
6.66702
7.275616
7.275616
9.42753
12.41232
6.66702
6.66702
6.66702
6.66702
6.66702
6.66702
6.66702
6.66702
6.66702
6.66702
6.66702
6.66702
6.6057
6.6057
6.66702
7.272309
7.275616
9.421852
12.4117
6.670166
6.66702
6.670166
6.670166
6.66702
6.670166
6.670166
6.66702
6.670166
6.670166
6.66702
6.670166
6.610204
6.6057
6.670166
0
0
2.545285
0.395461
0
0
0
0
0
0
0
0
0
0
0
0
0
0
0
0
0
0
0
0
0
0
0
0
0
0
0
0
0
0
0
0
0
0
0
0
0
0
0
0
0
0
0
0
7.973677
7.981655
10.04457
11.11137
10.37742
10.37144
11.1988
10.37221
0
0
0
0
0
0
0
0
0
0
0
0
0
0
0
0
0
0
0
0
0
0
0
0
0
0
0
0
0
0
0
0
0
0
0
0
0
0
0
0
0
0
0
0
0
0
0
0
0
0
0
0
0
0
0
0
0
0
0
0
0
0
7.973677
7.973677
10.37144
11.20519
10.37144
10.37144
11.20519
10.37144
0
0
0
0
0
0
0
0
0
0
0
0
0
0
0
0
0
0
0
0
0
0
0
0
0
0
0
0
0
0
0
0
0
0
0
0
0
0
0
0
0
0
0
0
0
0
0
0
0
0
0
0
0
0
0
0
0
0
0
0
0
0
7.973677
7.973677
10.37144
11.20519
10.37144
10.37144
11.20519
10.37144
0
0
0
0
0
0
0
0
0
0
0
0
0
0
0
0
0
0
0
0
0
0
0
0
0
0
0
0
0
0
0
0
0
0
0
0
0
0
0
0
0
0
0
0
0
0
0
0
0
0
0
0
0
0
0
0
0
0
0
0
0
0
7.973677
7.973677
10.37144
11.20519
10.37144
10.37144
11.20519
10.37144
0
0
0
0
0
0
0
0
0
0
0
0
0
0
0
0
0
0
0
0
0
0
0
0
0
0
0
0
0
0
0
0
0
0
0
0
0
0
0
0
0
0
0
0
0
0
0
0
0
0
0
0
0
0
0
0
0
0
0
0
0
0
7.973677
7.973677
10.37144
11.20519
10.37144
10.37144
11.20519
10.37144
0
0
0
0
0
0
0
0
0
0
0
0
0
0
0
0
0
0
0
0
0
0
0
0
0
0
0
0
0
0
0
0
0
0
0
0
0
0
0
0
0
0
0
0
0
0
0
0
0
0
0
0
0
0
0
0
0
0
0
0
0
0
8.84478
8.127139
10.37144
11.20485
10.37826
10.38483
11.17524
10.4413
0
0
0
0
0
0
0
0
0
0
0
3.642278
1.540644
0.8066989
0.1563502
1.043458
0.216868
0
0
0
0
0
0
0
0
0
0
0
0.1563502
0.9901004
0.1563502
0.1563502
0.9901004
0.1563502
0
0
0
0
0
0
0
0
0
0
0
0.1563502
0.9901004
0.1563502
0.1563502
0.9901004
0.1563502
0
0
0
0
0
0
0
0
0
0
0
0.1563502
0.9901004
0.1563502
0.1563502
0.9901004
0.1563502
0
0
0
0
0
0
0
0
0
0
0
0.1563502
0.9901004
0.1563502
0.1563502
0.9901004
0.1563502
0
0
0
0
0
0
0
0
0
0
0
0
0
0
0
0
0.1563502
0.929604
0.1030225
0
0
0
0.3384838
0
0
6.676091
6.281066
1.714247
6.623141
7.266733
9.417649
12.40709
7.275616
6.723429
6.663661
6.728127
6.623141
6.239368
1.677724
6.623141
6.663661
6.663661
6.66702
6.663661
6.663661
6.66702
6.623141
6.239368
1.677724
6.623141
6.663661
6.663661
6.66702
6.663661
6.663661
6.66702
6.623141
6.239368
1.677724
6.623141
6.663661
6.663661
6.66702
6.663661
6.663661
6.66702
6.623141
6.239368
1.677724
6.623141
6.663661
6.663661
6.66702
6.663661
6.663661
6.66702
6.073577
5.870917
1.156169
3.500562
0
6.60385
6.663661
6.6057
6.040094
3.381884
0
6.036505
6.728127
6.728127
6.66702
7.275616
9.42753
12.41232
7.275616
6.728127
6.66702
6.728127
6.66702
6.66702
6.66702
6.66702
6.66702
6.66702
6.66702
6.66702
6.66702
6.66702
6.66702
6.66702
6.66702
6.66702
6.66702
6.66702
6.66702
6.66702
6.66702
6.66702
6.66702
6.66702
6.66702
6.66702
6.66702
6.66702
6.66702
6.66702
6.66702
6.66702
6.66702
6.66702
6.66702
6.66702
6.66702
6.66702
6.036505
6.036505
3.372913
0
6.6057
6.66702
6.6057
6.036505
3.372913
0
6.036505
6.728127
6.728127
6.66702
7.275616
9.42753
12.41232
7.275616
6.728127
6.66702
6.728127
6.66702
6.66702
6.66702
6.66702
6.66702
6.66702
6.66702
6.66702
6.66702
6.66702
6.66702
6.66702
6.66702
6.66702
6.66702
6.66702
6.66702
6.66702
6.66702
6.66702
6.66702
6.66702
6.66702
6.66702
6.66702
6.66702
6.66702
6.66702
6.66702
6.66702
6.66702
6.66702
6.66702
6.66702
6.66702
6.66702
6.036505
6.036505
3.372913
0
6.6057
6.66702
6.6057
6.036505
3.372913
0
6.036505
6.728127
6.728127
6.66702
7.275616
9.42753
12.41232
7.275616
6.728127
6.66702
6.728127
6.66702
6.66702
6.66702
6.66702
6.66702
6.66702
6.66702
6.66702
6.66702
6.66702
6.66702
6.66702
6.66702
6.66702
6.66702
6.66702
6.66702
6.66702
6.66702
6.66702
6.66702
6.66702
6.66702
6.66702
6.66702
6.66702
6.66702
6.66702
6.66702
6.66702
6.66702
6.66702
6.66702
6.66702
6.66702
6.66702
6.036505
6.036505
3.372913
0
6.6057
6.66702
6.6057
6.036505
3.372913
0
6.036505
6.728127
6.728127
6.66702
7.275616
9.42753
12.41232
7.275616
6.728127
6.66702
6.728127
6.66702
6.66702
6.66702
6.66702
6.66702
6.66702
6.66702
6.66702
6.66702
6.66702
6.66702
6.66702
6.66702
6.66702
6.66702
6.66702
6.66702
6.66702
6.66702
6.66702
6.66702
6.66702
6.66702
6.66702
6.66702
6.66702
6.66702
6.66702
6.66702
6.66702
6.66702
6.66702
6.66702
6.66702
6.66702
6.66702
6.036505
6.036505
3.372913
0
6.6057
6.66702
6.6057
6.036505
3.372913
0
6.036505
6.729783
6.728127
6.670166
7.226243
9.336487
12.38668
6.966131
3.103372
6.741268
6.68898
6.601771
2.79783
6.670166
6.66702
6.670166
6.68898
6.68898
6.561075
2.760916
6.68898
6.68898
6.561075
2.760916
6.670166
6.66702
6.670166
6.68898
6.68898
6.561075
2.760916
6.68898
6.68898
6.561075
2.760916
6.670166
6.66702
6.670166
6.68898
6.68898
6.561075
2.760916
6.68898
6.68898
6.561075
2.760916
6.670166
6.66702
6.670166
6.68898
6.68898
6.561075
2.760916
6.68898
6.68898
6.561075
2.760916
6.04567
6.036505
3.386087
0
6.636312
6.68898
6.522671
2.711195
6.131733
3.542397
0
6.178781
2.243727
)
;
    }
    air_to_floor
    {
        type            calculated;
        value           uniform 46.66914;
    }
}


// ************************************************************************* //
