/*--------------------------------*- C++ -*----------------------------------*\
| =========                 |                                                 |
| \\      /  F ield         | OpenFOAM: The Open Source CFD Toolbox           |
|  \\    /   O peration     | Version:  2506                                  |
|   \\  /    A nd           | Website:  www.openfoam.com                      |
|    \\/     M anipulation  |                                                 |
\*---------------------------------------------------------------------------*/
FoamFile
{
    version     2.0;
    format      ascii;
    arch        "LSB;label=32;scalar=64";
    class       volScalarField;
    location    "1000/floor";
    object      damage;
}
// * * * * * * * * * * * * * * * * * * * * * * * * * * * * * * * * * * * * * //

dimensions      [0 0 0 0 0 0 0];

internalField   nonuniform List<scalar> 
2700
(
0.004063952
0.004064823
0.004065673
0.004066437
0.004067126
0.004067737
0.004068275
0.004068749
0.004069161
0.004069513
0.004069797
0.004070013
0.004070177
0.004070289
0.004070348
0.00407035
0.004070297
0.00407019
0.004070026
0.004069805
0.00406952
0.004069168
0.004068749
0.004068261
0.0040677
0.004067062
0.004066345
0.004065546
0.004064668
0.004063804
0.00406481
0.004065679
0.004066526
0.004067284
0.004067959
0.004068555
0.004069076
0.004069527
0.004069917
0.004070245
0.004070509
0.004070715
0.004070871
0.004070979
0.004071035
0.004071037
0.004070986
0.004070884
0.004070726
0.004070512
0.004070237
0.004069897
0.004069491
0.004069017
0.00406847
0.004067848
0.004067147
0.004066363
0.004065501
0.004064651
0.00406568
0.004066538
0.004067371
0.004068112
0.004068769
0.004069346
0.004069848
0.00407028
0.004070651
0.004070962
0.004071213
0.004071408
0.004071557
0.004071659
0.004071711
0.004071713
0.004071666
0.004071568
0.004071418
0.004071212
0.004070948
0.004070622
0.00407023
0.004069772
0.004069242
0.004068637
0.004067954
0.004067189
0.004066344
0.004065509
0.004066472
0.004067314
0.00406813
0.004068853
0.004069489
0.004070047
0.00407053
0.004070944
0.004071299
0.004071595
0.004071833
0.004072019
0.004072159
0.004072256
0.004072306
0.004072308
0.004072263
0.004072171
0.004072027
0.004071831
0.004071578
0.004071265
0.004070888
0.004070445
0.004069933
0.004069346
0.004068681
0.004067935
0.004067108
0.004066289
0.004067181
0.004068008
0.004068805
0.004069509
0.004070126
0.004070664
0.004071129
0.004071526
0.004071865
0.004072146
0.004072372
0.004072548
0.004072682
0.004072773
0.004072821
0.004072823
0.004072781
0.004072693
0.004072557
0.004072369
0.004072127
0.004071827
0.004071465
0.004071038
0.004070542
0.004069973
0.004069327
0.004068599
0.004067791
0.004066988
0.00406781
0.004068622
0.004069401
0.004070086
0.004070684
0.004071204
0.004071651
0.004072032
0.004072355
0.004072623
0.004072837
0.004073004
0.00407313
0.004073217
0.004073263
0.004073265
0.004073225
0.004073143
0.004073014
0.004072834
0.004072603
0.004072315
0.004071967
0.004071555
0.004071075
0.004070524
0.004069895
0.004069185
0.004068394
0.004067607
0.004068363
0.00406916
0.004069922
0.004070589
0.004071169
0.004071671
0.004072102
0.004072467
0.004072775
0.004073031
0.004073234
0.004073393
0.004073513
0.004073595
0.004073638
0.004073641
0.004073604
0.004073526
0.004073404
0.004073232
0.004073011
0.004072735
0.0040724
0.004072002
0.004071537
0.004071002
0.00407039
0.004069697
0.004068923
0.004068151
0.004068843
0.004069626
0.004070372
0.004071022
0.004071586
0.004072072
0.004072487
0.004072837
0.004073133
0.004073376
0.00407357
0.004073721
0.004073835
0.004073913
0.004073955
0.004073958
0.004073924
0.00407385
0.004073733
0.00407357
0.004073357
0.004073092
0.004072769
0.004072383
0.004071933
0.004071412
0.004070816
0.004070139
0.004069381
0.004068624
0.004069258
0.004070028
0.004070759
0.004071393
0.004071941
0.004072412
0.004072812
0.00407315
0.004073433
0.004073665
0.00407385
0.004073994
0.004074102
0.004074178
0.004074218
0.004074221
0.004074189
0.00407412
0.004074009
0.004073852
0.004073648
0.004073392
0.00407308
0.004072707
0.004072269
0.004071762
0.00407118
0.004070518
0.004069776
0.004069031
0.004069606
0.004070365
0.004071082
0.004071702
0.004072236
0.004072693
0.004073081
0.004073407
0.004073679
0.004073902
0.004074079
0.004074217
0.004074321
0.004074393
0.004074432
0.004074436
0.004074406
0.004074341
0.004074235
0.004074084
0.004073887
0.00407364
0.004073338
0.004072975
0.004072548
0.004072054
0.004071485
0.004070836
0.004070106
0.004069374
0.004069891
0.004070638
0.004071343
0.004071952
0.004072474
0.00407292
0.004073298
0.004073613
0.004073877
0.004074091
0.004074262
0.004074394
0.004074494
0.004074565
0.004074602
0.004074607
0.00407458
0.004074518
0.004074416
0.00407427
0.004074079
0.00407384
0.004073545
0.004073188
0.004072771
0.004072287
0.004071728
0.00407109
0.004070372
0.004069651
0.004070171
0.004070857
0.004071548
0.004072147
0.00407266
0.004073097
0.004073466
0.004073773
0.004074029
0.004074238
0.004074403
0.004074531
0.004074628
0.004074697
0.004074734
0.004074739
0.004074713
0.004074654
0.004074556
0.004074414
0.004074228
0.004073994
0.0040737
0.004073311
0.004072896
0.004072419
0.004071869
0.00407124
0.004070535
0.004069859
0.004070964
0.00407109
0.004071705
0.004072292
0.004072798
0.004073227
0.004073589
0.004073891
0.004074141
0.004074345
0.004074506
0.004074631
0.004074726
0.004074793
0.00407483
0.004074835
0.004074811
0.004074754
0.004074658
0.00407452
0.004074338
0.004074103
0.004073735
0.004072708
0.00407222
0.004071744
0.0040712
0.004070583
0.004069958
0.004069887
0.004077107
0.004071809
0.004071844
0.00407239
0.004072889
0.004073314
0.004073671
0.004073968
0.004074214
0.004074414
0.004074573
0.004074696
0.004074789
0.004074855
0.004074892
0.004074898
0.004074875
0.004074819
0.004074725
0.004074589
0.004074408
0.004074136
0.004073129
0.004066033
0.004064885
0.004064374
0.004063835
0.004063257
0.004063201
0.004068527
0.00407781
0.004071937
0.0040719
0.004072438
0.004072934
0.004073357
0.004073711
0.004074006
0.004074251
0.004074449
0.004074606
0.004074727
0.00407482
0.004074886
0.004074922
0.004074929
0.004074906
0.004074851
0.004074758
0.004074624
0.004074443
0.004074168
0.004073084
0.004065347
0.004064122
0.004063608
0.00406307
0.00406246
0.004061843
0.004061779
0.004077847
0.004071942
0.004071899
0.004072438
0.004072934
0.004073356
0.004073711
0.004074006
0.00407425
0.004074448
0.004074605
0.004074727
0.00407482
0.004074885
0.004074922
0.004074928
0.004074905
0.004074851
0.004074758
0.004074623
0.004074442
0.004074167
0.004073078
0.004065301
0.004064071
0.004063557
0.004063018
0.004062404
0.004061714
0.004061051
0.004077752
0.004071883
0.004071848
0.004072389
0.004072888
0.004073313
0.00407367
0.004073967
0.004074213
0.004074413
0.004074572
0.004074694
0.004074788
0.004074854
0.00407489
0.004074896
0.004074873
0.004074818
0.004074724
0.004074588
0.004074406
0.004074129
0.004073038
0.00406526
0.004064027
0.00406351
0.00406297
0.004062352
0.004061655
0.004060952
0.004076994
0.0040717
0.00407174
0.004072292
0.004072796
0.004073226
0.004073587
0.004073889
0.004074139
0.004074343
0.004074504
0.004074629
0.004074724
0.004074791
0.004074827
0.004074833
0.004074808
0.004074751
0.004074656
0.004074517
0.004074333
0.004074053
0.004072964
0.004065221
0.004063991
0.00406347
0.004062924
0.004062302
0.004061599
0.00406089
0.004070795
0.004070928
0.00407155
0.004072144
0.004072657
0.004073094
0.004073462
0.00407377
0.004074026
0.004074235
0.004074427
0.004074528
0.004074625
0.004074693
0.00407473
0.004074735
0.004074709
0.00407465
0.004074552
0.00407441
0.004074222
0.004073943
0.004072928
0.004065823
0.004064666
0.004064144
0.004063592
0.004062963
0.004062253
0.004061538
0.004069926
0.004070638
0.004071339
0.004071947
0.00407247
0.004072915
0.004073292
0.004073608
0.004073871
0.004074086
0.004074257
0.004074388
0.004074489
0.004074559
0.004074596
0.004074601
0.004074573
0.004074511
0.004074409
0.004074263
0.004074072
0.004073827
0.004073449
0.00407241
0.004071909
0.004071418
0.00407086
0.004070222
0.004069505
0.004068781
0.004069602
0.004070358
0.004071075
0.004071695
0.004072229
0.004072686
0.004073074
0.004073399
0.004073671
0.004073894
0.004074071
0.004074208
0.004074312
0.004074384
0.004074423
0.004074427
0.004074397
0.004074332
0.004074226
0.004074075
0.004073878
0.004073631
0.004073323
0.004072919
0.004072487
0.004071992
0.004071424
0.00407078
0.004070081
0.004069318
0.004069249
0.004070019
0.00407075
0.004071384
0.004071931
0.004072402
0.004072802
0.004073139
0.004073422
0.004073654
0.004073839
0.004073983
0.004074091
0.004074166
0.004074206
0.004074209
0.004074178
0.004074108
0.004073997
0.00407384
0.004073636
0.004073381
0.004073069
0.004072693
0.004072256
0.004071749
0.004071172
0.004070576
0.004070341
0.004069094
0.004068832
0.004069615
0.004070361
0.004071011
0.004071574
0.004072059
0.004072474
0.004072824
0.004073119
0.004073362
0.004073556
0.004073706
0.00407382
0.004073898
0.00407394
0.004073943
0.004073909
0.004073835
0.004073718
0.004073555
0.004073342
0.004073077
0.004072754
0.004072369
0.004071919
0.0040714
0.004070838
0.004070704
0.004074837
0.004069225
0.004068349
0.004069146
0.004069908
0.004070574
0.004071154
0.004071656
0.004072085
0.00407245
0.004072758
0.004073013
0.004073216
0.004073374
0.004073494
0.004073576
0.004073619
0.004073622
0.004073585
0.004073507
0.004073385
0.004073214
0.004072992
0.004072717
0.004072382
0.004071984
0.00407152
0.004070985
0.004070378
0.004069751
0.004069486
0.004068212
0.004067794
0.004068605
0.004069384
0.004070068
0.004070666
0.004071185
0.004071631
0.004072011
0.004072334
0.004072601
0.004072815
0.004072982
0.004073108
0.004073194
0.00407324
0.004073242
0.004073202
0.00407312
0.004072991
0.004072812
0.004072581
0.004072293
0.004071946
0.004071534
0.004071055
0.004070504
0.004069876
0.004069171
0.004068412
0.004067595
0.004067161
0.004067988
0.004068785
0.004069488
0.004070104
0.004070642
0.004071106
0.004071502
0.00407184
0.004072121
0.004072347
0.004072522
0.004072655
0.004072747
0.004072794
0.004072796
0.004072754
0.004072667
0.004072531
0.004072343
0.004072102
0.004071802
0.00407144
0.004071014
0.004070519
0.00406995
0.004069305
0.004068577
0.004067771
0.004066968
0.00406645
0.004067291
0.004068106
0.004068828
0.004069464
0.004070021
0.004070504
0.004070917
0.004071271
0.004071567
0.004071804
0.004071989
0.004072129
0.004072226
0.004072276
0.004072278
0.004072233
0.00407214
0.004071997
0.004071801
0.004071549
0.004071236
0.00407086
0.004070418
0.004069906
0.00406932
0.004068656
0.00406791
0.004067084
0.004066266
0.004065656
0.004066512
0.004067344
0.004068085
0.004068741
0.004069317
0.004069818
0.00407025
0.00407062
0.004070931
0.004071181
0.004071375
0.004071523
0.004071625
0.004071678
0.00407168
0.004071632
0.004071534
0.004071384
0.004071179
0.004070916
0.00407059
0.004070199
0.004069741
0.004069212
0.004068609
0.004067926
0.004067161
0.004066318
0.004065484
0.004064782
0.004065651
0.004066497
0.004067255
0.004067928
0.004068524
0.004069044
0.004069495
0.004069883
0.004070212
0.004070475
0.00407068
0.004070835
0.004070942
0.004070998
0.004071
0.004070949
0.004070847
0.00407069
0.004070476
0.004070202
0.004069863
0.004069457
0.004068983
0.004068438
0.004067817
0.004067116
0.004066333
0.004065472
0.004064623
0.004063921
0.004064796
0.004065639
0.004066407
0.004067092
0.004067705
0.004068241
0.004068715
0.004069124
0.004069483
0.004069761
0.004069975
0.004070138
0.00407025
0.004070308
0.00407031
0.004070257
0.00407015
0.004069987
0.004069766
0.004069482
0.004069131
0.004068712
0.004068225
0.004067664
0.004067028
0.004066312
0.004065513
0.004064636
0.004063775
0.0009094346
0.0009142654
0.0009188716
0.0009230092
0.0009267286
0.0009300297
0.0009329301
0.0009354848
0.0009377017
0.0009396018
0.0009411305
0.0009422959
0.0009431786
0.0009437866
0.000944104
0.0009441152
0.0009438295
0.0009432515
0.0009423688
0.000941173
0.0009396365
0.0009377397
0.0009354765
0.000932843
0.0009298141
0.0009263745
0.0009225053
0.0009181925
0.0009134475
0.0009086841
0.0009141803
0.0009189961
0.0009235788
0.0009276725
0.0009313153
0.0009345309
0.0009373419
0.0009397757
0.000941876
0.0009436444
0.000945069
0.0009461775
0.0009470206
0.0009476014
0.0009479033
0.0009479138
0.0009476415
0.0009470879
0.000946239
0.0009450851
0.0009436023
0.00094177
0.0009395786
0.0009370213
0.0009340743
0.0009307187
0.0009269359
0.0009227101
0.0009180491
0.0009133568
0.0009188903
0.0009236367
0.00092814
0.0009321421
0.0009356839
0.0009387962
0.0009415049
0.0009438361
0.0009458405
0.0009475186
0.0009488686
0.0009499222
0.0009507231
0.0009512744
0.0009515604
0.0009515708
0.0009513129
0.0009507866
0.0009499755
0.0009488686
0.0009474449
0.0009456842
0.0009435724
0.0009410999
0.0009382437
0.0009349833
0.0009312985
0.0009271707
0.0009226051
0.0009179962
0.0009231612
0.0009278253
0.0009322334
0.0009361331
0.0009395693
0.0009425766
0.0009451836
0.0009474186
0.0009493329
0.0009509304
0.0009522132
0.0009532138
0.0009539732
0.0009544957
0.0009547665
0.0009547775
0.0009545343
0.0009540357
0.000953263
0.0009522039
0.0009508399
0.0009491511
0.0009471198
0.0009447325
0.0009419682
0.0009388049
0.00093522
0.000931193
0.0009267259
0.0009222043
0.0009269871
0.0009315663
0.0009358757
0.0009396714
0.0009430024
0.0009459063
0.0009484138
0.0009505559
0.0009523829
0.0009539028
0.0009551211
0.0009560704
0.0009567897
0.0009572847
0.0009575418
0.0009575536
0.0009573252
0.000956854
0.0009561194
0.0009551076
0.0009538023
0.000952184
0.0009502315
0.0009479277
0.0009452539
0.0009421863
0.0009387007
0.000934774
0.0009304057
0.0009259722
0.0009303832
0.0009348785
0.0009390904
0.0009427842
0.000946013
0.0009488168
0.0009512288
0.0009532819
0.0009550253
0.0009564714
0.0009576281
0.0009585286
0.0009592099
0.0009596795
0.0009599244
0.0009599373
0.0009597238
0.0009592791
0.0009585811
0.000957615
0.0009563661
0.0009548152
0.0009529381
0.0009507145
0.0009481276
0.0009451523
0.0009417626
0.0009379334
0.0009336614
0.0009293145
0.0009333662
0.0009377813
0.0009418996
0.0009454965
0.0009486282
0.0009513375
0.0009536595
0.0009556288
0.0009572942
0.0009586709
0.0009597704
0.0009606251
0.0009612714
0.0009617176
0.0009619519
0.0009619663
0.0009617671
0.0009613476
0.0009606844
0.0009597612
0.0009585651
0.0009570772
0.0009552705
0.000953122
0.0009506166
0.0009477284
0.0009444295
0.0009406928
0.0009365128
0.0009322488
0.0009359567
0.0009402965
0.0009443271
0.0009478335
0.0009508752
0.000953497
0.0009557359
0.0009576279
0.0009592218
0.0009605349
0.000961582
0.0009623949
0.0009630096
0.0009634352
0.0009636601
0.0009636762
0.0009634909
0.0009630951
0.0009624639
0.0009615802
0.0009604325
0.0009590023
0.0009572598
0.00095518
0.0009527496
0.0009499414
0.0009467263
0.0009430756
0.0009389816
0.0009347955
0.0009381918
0.0009424615
0.0009464102
0.0009498319
0.0009527893
0.0009553293
0.0009574911
0.0009593116
0.0009608398
0.0009620943
0.0009630934
0.0009638683
0.0009644545
0.000964862
0.0009650786
0.0009650971
0.000964925
0.0009645516
0.0009639503
0.0009631033
0.0009620003
0.0009606229
0.0009589395
0.0009569231
0.0009545622
0.0009518288
0.0009486921
0.0009451217
0.0009411078
0.0009369947
0.0009400726
0.0009442787
0.0009481539
0.0009515
0.0009543824
0.0009568499
0.0009589429
0.0009606999
0.0009621697
0.0009633725
0.0009643293
0.000965071
0.0009656326
0.0009660248
0.0009662345
0.0009662558
0.000966096
0.000965743
0.0009651686
0.000964354
0.0009632906
0.0009619597
0.0009603286
0.0009583679
0.0009560682
0.0009534006
0.0009503331
0.0009468341
0.0009428917
0.000938844
0.0009416115
0.0009457506
0.0009495639
0.0009528471
0.0009556669
0.0009580739
0.0009601097
0.0009618137
0.0009632349
0.0009643948
0.0009653161
0.0009660302
0.0009665717
0.0009669516
0.0009671562
0.0009671805
0.0009670314
0.0009666962
0.0009661448
0.0009653576
0.000964327
0.0009630343
0.0009614449
0.0009595234
0.0009572729
0.0009546593
0.0009516487
0.0009482084
0.0009443258
0.000940338
0.0009434481
0.0009469279
0.0009506663
0.000953898
0.0009566678
0.0009590261
0.0009610157
0.0009626771
0.0009640591
0.0009651848
0.0009660774
0.0009667697
0.0009672956
0.0009676659
0.0009678671
0.0009678948
0.0009677551
0.0009674346
0.0009669018
0.0009661365
0.0009651315
0.0009638679
0.0009622929
0.00096025
0.0009580198
0.0009554475
0.000952482
0.0009490893
0.0009452715
0.0009414756
0.0009467892
0.0009480767
0.000951506
0.0009546808
0.0009574102
0.0009597301
0.0009616836
0.0009633117
0.0009646631
0.0009657624
0.0009666328
0.0009673084
0.0009678228
0.0009681859
0.0009683847
0.0009684154
0.0009682832
0.0009679744
0.0009674566
0.0009667084
0.0009657225
0.0009644633
0.0009626011
0.0009576309
0.0009551081
0.0009525499
0.00094962
0.0009462821
0.0009427945
0.0009418115
0.000982099
0.0009514488
0.000952201
0.0009552066
0.0009579024
0.0009601954
0.0009621237
0.0009637287
0.0009650591
0.0009661402
0.0009669954
0.0009676593
0.0009681657
0.0009685238
0.0009687213
0.0009687541
0.0009686274
0.0009683269
0.0009678199
0.0009670835
0.0009661051
0.0009647049
0.0009599055
0.0009196819
0.000913709
0.0009110082
0.0009081037
0.000904931
0.0009041066
0.000935311
0.0009853373
0.0009520363
0.0009524938
0.0009554673
0.0009581479
0.0009604272
0.0009623426
0.0009639356
0.0009652548
0.0009663263
0.0009671735
0.0009678313
0.0009683335
0.0009686892
0.0009688859
0.00096892
0.0009687962
0.0009685
0.0009679985
0.0009672684
0.0009662964
0.0009648857
0.0009597825
0.0009166134
0.0009103281
0.0009076198
0.000904722
0.0009014253
0.0008979797
0.0008970357
0.0009854868
0.0009520517
0.000952493
0.0009554655
0.000958146
0.0009604253
0.0009623406
0.0009639335
0.0009652526
0.0009663241
0.0009671712
0.0009678288
0.000968331
0.0009686865
0.0009688832
0.0009689172
0.0009687932
0.000968497
0.0009679955
0.0009672652
0.0009662931
0.0009648811
0.0009597587
0.0009164324
0.0009101277
0.000907418
0.0009045194
0.0009012049
0.0008974663
0.0008937434
0.0009850282
0.0009517408
0.0009522132
0.0009552016
0.0009578966
0.0009601896
0.0009621178
0.0009637227
0.0009650529
0.0009661338
0.0009669888
0.0009676523
0.0009681584
0.0009685162
0.0009687133
0.0009687459
0.0009686189
0.0009683182
0.000967811
0.0009670744
0.0009660949
0.0009646742
0.0009595424
0.0009162062
0.0009098903
0.0009071685
0.0009042568
0.0009009273
0.0008971562
0.00089327
0.0009814903
0.0009508636
0.0009516431
0.0009546769
0.0009574003
0.0009597199
0.0009616732
0.000963301
0.0009646523
0.0009657515
0.0009666347
0.0009672968
0.0009678104
0.000968173
0.0009683714
0.0009684016
0.000968269
0.0009679599
0.0009674419
0.000966693
0.0009656996
0.0009642636
0.0009591331
0.0009159356
0.0009096177
0.0009068739
0.0009039374
0.0009005817
0.0008967834
0.0008928666
0.0009458706
0.0009472005
0.0009506685
0.0009538829
0.0009566515
0.0009590094
0.0009609987
0.0009626597
0.0009640415
0.0009651801
0.0009667402
0.000966764
0.0009672761
0.0009676457
0.0009678463
0.0009678735
0.0009677333
0.0009674124
0.0009668792
0.0009661132
0.0009651006
0.0009636603
0.0009588171
0.0009185482
0.000912523
0.0009097652
0.0009067939
0.0009034014
0.0008995661
0.0008956152
0.0009417355
0.000945744
0.0009495398
0.0009528213
0.0009556405
0.0009580468
0.0009600819
0.0009617853
0.0009632057
0.0009643652
0.000965299
0.0009659993
0.0009665398
0.000966919
0.000967123
0.0009671468
0.0009669973
0.0009666617
0.0009661099
0.0009653224
0.0009642907
0.0009629776
0.000961056
0.0009560225
0.0009534297
0.0009507958
0.0009477852
0.0009443464
0.000940469
0.0009364708
0.0009400442
0.000944244
0.0009481175
0.0009514626
0.000954344
0.0009568105
0.0009589025
0.0009606584
0.0009621272
0.000963329
0.000964285
0.0009650255
0.0009655863
0.0009659777
0.0009661868
0.0009662074
0.0009660472
0.000965694
0.0009651194
0.0009643048
0.0009632414
0.0009619095
0.0009602587
0.0009581349
0.0009558158
0.0009531478
0.0009500825
0.0009466008
0.0009427839
0.0009386143
0.0009381465
0.0009424147
0.0009463621
0.0009497824
0.0009527384
0.0009552771
0.0009574374
0.0009592564
0.0009607832
0.0009620363
0.0009630342
0.0009638079
0.0009643931
0.0009647998
0.0009650156
0.0009650335
0.0009648611
0.0009644875
0.0009638862
0.0009630394
0.0009619368
0.00096056
0.0009588765
0.0009568546
0.0009544941
0.0009517628
0.0009486441
0.0009453394
0.0009437075
0.0009372332
0.0009358982
0.0009402364
0.0009442653
0.0009477699
0.0009508097
0.0009534296
0.0009556667
0.0009575567
0.0009591488
0.0009604602
0.0009615056
0.000962317
0.0009629305
0.0009633552
0.0009635793
0.0009635949
0.0009634094
0.0009630135
0.0009623825
0.0009614993
0.0009603524
0.0009589231
0.0009571819
0.0009551034
0.000952675
0.0009498744
0.0009467969
0.0009456678
0.0009710433
0.0009375344
0.0009332917
0.0009377051
0.0009418212
0.0009454157
0.000948545
0.0009512518
0.0009535714
0.0009555382
0.0009572012
0.0009585759
0.0009596733
0.0009605261
0.000961171
0.0009616161
0.0009618496
0.0009618635
0.0009616642
0.0009612448
0.0009605821
0.0009596598
0.0009584648
0.0009569784
0.0009551734
0.000953027
0.000950524
0.0009476391
0.0009443593
0.0009408893
0.0009390923
0.0009324683
0.0009302937
0.0009347862
0.0009389952
0.0009426862
0.000945912
0.0009487128
0.0009511218
0.0009531719
0.0009549126
0.0009563561
0.0009575104
0.0009584087
0.0009590883
0.0009595567
0.0009598008
0.0009598133
0.0009595997
0.0009591553
0.0009584582
0.0009574932
0.0009562458
0.0009546968
0.0009528219
0.0009506009
0.0009480169
0.0009450448
0.0009416594
0.0009378496
0.0009337051
0.0009292384
0.0009268826
0.0009314583
0.0009357643
0.0009395565
0.0009428841
0.0009457844
0.0009482885
0.0009504272
0.000952251
0.000953768
0.0009549835
0.0009559304
0.0009566478
0.0009571415
0.0009573978
0.0009574092
0.0009571808
0.0009567101
0.0009559765
0.0009549662
0.0009536629
0.0009520468
0.0009500969
0.0009477963
0.0009451258
0.0009420618
0.0009385799
0.0009346578
0.0009302983
0.0009258635
0.0009230411
0.0009277018
0.0009321061
0.0009360018
0.0009394342
0.0009424377
0.0009450408
0.0009472721
0.000949183
0.0009507772
0.000952057
0.0009530549
0.0009538121
0.0009543332
0.0009546031
0.0009546138
0.0009543707
0.0009538727
0.0009531013
0.0009520439
0.0009506823
0.0009489961
0.0009469677
0.0009445839
0.0009418234
0.0009386641
0.0009350834
0.0009310607
0.000926598
0.0009220803
0.0009187554
0.0009234984
0.0009279973
0.0009319954
0.0009355328
0.0009386413
0.0009413458
0.0009436731
0.0009456736
0.0009473488
0.0009486953
0.0009497457
0.0009505442
0.000951094
0.000951379
0.0009513891
0.0009511314
0.0009506058
0.0009497961
0.0009486912
0.0009472701
0.0009455123
0.0009434039
0.0009409351
0.0009380831
0.0009348272
0.0009311468
0.0009270238
0.000922463
0.0009178585
0.0009140334
0.0009188471
0.0009234207
0.0009275129
0.0009311488
0.0009343625
0.000937169
0.0009395988
0.0009416939
0.0009434643
0.0009448816
0.0009459855
0.0009468257
0.0009474046
0.0009477056
0.0009477156
0.0009474435
0.0009468908
0.0009460433
0.0009448916
0.0009434117
0.0009415826
0.0009393948
0.0009368415
0.0009338989
0.0009305482
0.0009267703
0.0009225495
0.0009178936
0.0009132062
0.0009092812
0.0009141268
0.0009186923
0.0009228504
0.0009265466
0.0009298601
0.000932751
0.0009353043
0.0009375069
0.0009394425
0.0009409398
0.0009420944
0.0009429729
0.0009435788
0.0009438951
0.0009439058
0.0009436203
0.0009430432
0.0009421615
0.000940968
0.0009394352
0.0009375419
0.0009352824
0.0009326523
0.000929628
0.0009261942
0.00092233
0.0009180225
0.0009132827
0.0009085251
0.0006447657
0.0006696643
0.0006927821
0.0007135032
0.0007321125
0.0007486118
0.000763089
0.0007758227
0.0007868538
0.0007963002
0.0008038973
0.0008096952
0.0008140983
0.0008171347
0.0008187181
0.0008187659
0.0008173294
0.0008144349
0.0008100178
0.0008040396
0.0007963597
0.0007868768
0.0007755638
0.000762405
0.0007472722
0.0007300874
0.0007107597
0.0006892183
0.000665469
0.0006409191
0.0006692232
0.0006940118
0.0007169397
0.0007373947
0.0007555912
0.0007716475
0.0007856756
0.0007978071
0.0008082767
0.0008170849
0.0008241746
0.0008296911
0.0008338936
0.00083679
0.0008382936
0.0008383375
0.0008369704
0.0008342012
0.0008299567
0.0008241927
0.0008167869
0.0008076353
0.0007966905
0.0007839223
0.0007692087
0.000752456
0.0007335723
0.000712476
0.0006891575
0.0006649814
0.0006928145
0.0007172257
0.0007397308
0.000759711
0.0007773955
0.0007929332
0.0008064516
0.0008180783
0.0008280786
0.0008364485
0.0008431751
0.0008484207
0.0008524123
0.0008551617
0.000856585
0.0008566288
0.0008553338
0.0008527008
0.0008486452
0.0008431152
0.0008360048
0.000827211
0.0008166648
0.0008043197
0.0007900604
0.0007737846
0.0007553908
0.0007347854
0.0007119447
0.0006881972
0.0007141591
0.0007381416
0.0007601628
0.0007796258
0.0007967803
0.000811793
0.0008248038
0.0008359523
0.0008455045
0.0008534737
0.0008598666
0.0008648491
0.0008686335
0.000871239
0.0008725858
0.0008726327
0.0008714105
0.0008689155
0.0008650514
0.0008597589
0.0008529459
0.0008445115
0.0008343668
0.0008224466
0.0008086461
0.0007928546
0.0007749606
0.0007548583
0.0007325105
0.0007092106
0.0007332775
0.0007568222
0.0007783458
0.000797287
0.0008139144
0.0008284095
0.0008409239
0.0008516089
0.0008607254
0.0008683079
0.0008743791
0.0008791063
0.0008826905
0.0008851589
0.0008864367
0.0008864874
0.0008853385
0.0008829798
0.0008793049
0.0008742476
0.0008677264
0.0008596435
0.0008498923
0.0008383883
0.0008250391
0.000809726
0.0007923274
0.0007727265
0.0007508728
0.0007280251
0.0007502478
0.0007733614
0.0007943947
0.0008128259
0.0008289418
0.0008429371
0.0008549747
0.0008652155
0.0008739148
0.0008811286
0.0008868931
0.000891377
0.0008947721
0.0008971128
0.0008983299
0.0008983856
0.0008973103
0.0008950829
0.0008915906
0.0008867598
0.0008805184
0.0008727715
0.0008633964
0.0008522914
0.0008393756
0.0008245234
0.000807604
0.0007884898
0.0007671184
0.0007447145
0.0007651524
0.0007878562
0.0008084205
0.0008263662
0.0008419969
0.00085552
0.0008671086
0.0008769317
0.0008852415
0.0008921096
0.0008975891
0.000901845
0.0009050652
0.000907289
0.0009084531
0.0009085148
0.0009075107
0.0009054081
0.0009020877
0.0008974696
0.0008914906
0.0008840576
0.0008750331
0.0008643017
0.0008517926
0.0008373744
0.0008209082
0.0008022564
0.0007813451
0.0007593667
0.0007780934
0.0008004126
0.000820538
0.0008380321
0.0008532137
0.0008663004
0.0008774747
0.0008869131
0.0008948667
0.0009014172
0.0009066362
0.0009106844
0.0009137472
0.0009158683
0.0009169849
0.0009170546
0.0009161187
0.0009141328
0.0009109708
0.0009065478
0.0009008086
0.0008936619
0.0008849571
0.000874567
0.000862431
0.0008484119
0.0008323632
0.0008141401
0.0007936592
0.0007720809
0.0007892623
0.0008112255
0.0008309409
0.0008480116
0.000862772
0.0008754506
0.0008862396
0.000895322
0.0009029479
0.0009092063
0.0009141864
0.0009180455
0.0009209663
0.0009229972
0.0009240719
0.0009241521
0.0009232818
0.0009214063
0.0009183922
0.00091415
0.0009086324
0.0009017482
0.0008933372
0.0008832625
0.000871473
0.0008578273
0.0008421707
0.0008243492
0.0008042691
0.000783065
0.0007986621
0.0008203013
0.0008396488
0.0008563418
0.0008707277
0.0008830442
0.0008934906
0.0009022561
0.0009095913
0.0009155922
0.0009203616
0.0009240556
0.0009268537
0.000928809
0.0009298489
0.0009299422
0.0009291317
0.000927357
0.0009244751
0.0009203929
0.0009150708
0.0009084176
0.0009002665
0.0008904697
0.0008789858
0.0008656683
0.0008503574
0.0008328924
0.0008131709
0.0007923024
0.0008064105
0.0008276481
0.0008466872
0.0008630667
0.0008771411
0.0008891558
0.0008993174
0.0009078199
0.0009149132
0.0009207004
0.0009252941
0.0009288515
0.0009315497
0.0009334439
0.0009344578
0.0009345656
0.0009338074
0.00093212
0.0009293506
0.0009254031
0.0009202427
0.0009137786
0.0009058364
0.0008962487
0.0008850117
0.0008719632
0.0008569364
0.0008397645
0.0008203399
0.0007997636
0.0008226967
0.0008335581
0.000852187
0.0008683128
0.0008821381
0.000893911
0.0009038429
0.0009121337
0.0009190323
0.0009246504
0.0009291015
0.0009325512
0.0009351725
0.0009370188
0.0009380155
0.0009381398
0.0009374274
0.0009358119
0.0009331338
0.0009292927
0.000924258
0.0009179407
0.0009101141
0.0009002429
0.0008891505
0.0008763111
0.0008615086
0.0008445708
0.0008254262
0.0008055078
0.0008276188
0.000838602
0.0008563386
0.0008722212
0.0008858472
0.0008974291
0.0009071809
0.0009153061
0.000922053
0.0009275397
0.0009318808
0.0009352481
0.0009378129
0.0009396236
0.0009406087
0.0009407472
0.0009400715
0.0009385131
0.0009359085
0.000932151
0.0009272117
0.0009209602
0.0009123428
0.0008921203
0.0008801265
0.0008674006
0.0008527755
0.0008360695
0.0008179776
0.0008082077
0.001020178
0.0008514096
0.0008595074
0.0008748346
0.0008883066
0.0008997549
0.0009093813
0.0009173919
0.0009240344
0.0009294314
0.0009336971
0.0009370066
0.000939532
0.0009413184
0.0009422963
0.000942446
0.0009417968
0.000940279
0.0009377267
0.0009340275
0.0009291394
0.0009225072
0.0009034898
0.0006930978
0.0006602474
0.0006470504
0.0006325555
0.0006163978
0.000607995
0.0007775455
0.001032034
0.0008537294
0.0008609292
0.0008761363
0.0008895345
0.0009009143
0.0009104767
0.0009184275
0.0009250142
0.0009303636
0.00093459
0.0009378689
0.0009403738
0.0009421482
0.0009431229
0.0009432788
0.0009426435
0.000941147
0.0009386218
0.0009349525
0.000930098
0.0009234579
0.0009035674
0.0006827334
0.0006488832
0.0006356926
0.0006212463
0.0006047483
0.0005868686
0.0005773007
0.001032466
0.0008537651
0.0008609221
0.0008761269
0.0008895251
0.0009009048
0.0009104668
0.0009184172
0.0009250034
0.0009303524
0.0009345783
0.0009378569
0.0009403612
0.000942135
0.0009431093
0.0009432646
0.000942629
0.0009411321
0.0009386065
0.0009349367
0.0009300818
0.0009234383
0.0009034971
0.0006822015
0.000648299
0.0006351049
0.0006206565
0.0006041112
0.0005853655
0.0005658237
0.001030487
0.0008522518
0.0008595262
0.0008748079
0.0008882779
0.000899726
0.0009093522
0.0009173623
0.0009240038
0.0009293996
0.0009336654
0.0009369721
0.0009394958
0.0009412805
0.000942257
0.0009424052
0.0009417548
0.000940236
0.0009376828
0.0009339822
0.0009290913
0.0009224047
0.0009024167
0.0006810726
0.0006471143
0.0006338595
0.0006193458
0.0006027284
0.000583863
0.0005638089
0.001017137
0.0008484857
0.0008567204
0.0008721878
0.0008857977
0.0008973784
0.0009071293
0.0009152535
0.0009219993
0.0009274882
0.0009320014
0.0009351932
0.0009377521
0.0009395602
0.000940543
0.0009406792
0.0009400016
0.0009384418
0.0009358356
0.0009320755
0.000927116
0.0009203512
0.0009003254
0.0006793514
0.0006453389
0.0006319713
0.0006173332
0.0006005854
0.0005815855
0.0005613899
0.00082295
0.0008342249
0.0008521558
0.0008682359
0.0008820578
0.0008938289
0.0009037591
0.0009120478
0.0009189463
0.0009247378
0.0009428107
0.0009326343
0.0009350777
0.0009369195
0.0009379134
0.0009380348
0.00093732
0.0009357027
0.0009330223
0.0009291784
0.0009241233
0.000917293
0.0008980588
0.0006874428
0.0006543325
0.0006408514
0.0006260377
0.0006091058
0.0005899202
0.0005695501
0.0008066204
0.0008275708
0.0008465647
0.0008629385
0.0008770099
0.0008890216
0.0008991798
0.0009076788
0.0009147687
0.000920556
0.00092532
0.0009287004
0.000931392
0.0009332829
0.0009342937
0.0009343988
0.0009336385
0.0009319495
0.0009291782
0.0009252288
0.0009200654
0.0009135477
0.0009046363
0.0008840993
0.0008717574
0.0008586545
0.000843629
0.000826463
0.0008070546
0.0007864531
0.0007985039
0.0008201262
0.0008394675
0.0008561558
0.000870537
0.0008828485
0.0008932898
0.0009020501
0.0009093804
0.0009153764
0.0009201429
0.0009238304
0.0009266243
0.0009285757
0.0009296122
0.0009297027
0.0009288903
0.0009271145
0.0009242317
0.0009201492
0.0009148274
0.0009081724
0.0008999705
0.0008896981
0.0008781638
0.0008648477
0.0008495449
0.0008321286
0.0008127839
0.0007915544
0.0007890368
0.000810993
0.0008307019
0.0008477661
0.0008625197
0.0008751914
0.0008859733
0.0008950483
0.0009026673
0.0009089191
0.000913893
0.0009177461
0.0009206621
0.000922689
0.0009237602
0.0009238376
0.0009229656
0.0009210892
0.0009180749
0.0009138335
0.0009083179
0.0009014367
0.0008930278
0.0008829409
0.0008711556
0.0008575186
0.0008419132
0.0008248818
0.0008135192
0.0007836621
0.0007778023
0.0008001141
0.0008202311
0.0008377165
0.0008528891
0.0008659664
0.0008771313
0.0008865601
0.0008945046
0.0009010469
0.0009062579
0.0009102987
0.0009133556
0.0009154723
0.0009165851
0.0009166521
0.0009157152
0.000913729
0.0009105681
0.0009061474
0.0009004118
0.00089327
0.0008845714
0.0008741885
0.0008620617
0.0008480671
0.000832429
0.0008233354
0.0009737861
0.000781721
0.0007647801
0.0007874768
0.0008080304
0.0008259646
0.0008415835
0.0008550945
0.0008666708
0.0008764816
0.0008847799
0.0008916376
0.000897107
0.0009013537
0.0009045667
0.0009067857
0.0009079459
0.0009080051
0.0009070004
0.0009048984
0.0009015805
0.0008969667
0.0008909933
0.0008835676
0.0008745518
0.0008638308
0.0008513335
0.0008369297
0.0008205202
0.0008026637
0.0007904751
0.0007598489
0.0007498019
0.000772902
0.0007939215
0.0008123385
0.0008284399
0.0008424204
0.0008544431
0.0008646691
0.0008733547
0.0008805559
0.0008863085
0.0008907817
0.0008941685
0.0008965036
0.0008977169
0.0008977705
0.0008966948
0.0008944691
0.0008909806
0.0008861558
0.0008799222
0.0008721846
0.0008628205
0.0008517284
0.0008388269
0.0008239901
0.0008070893
0.0007880341
0.0007670497
0.0007442948
0.0007327571
0.0007562845
0.0007777916
0.0007967159
0.0008133262
0.0008278041
0.0008403014
0.0008509695
0.0008600704
0.0008676385
0.0008736961
0.0008784112
0.0008819861
0.0008844482
0.0008857222
0.000885771
0.0008846222
0.000882266
0.0008785963
0.0008735465
0.0008670349
0.0008589633
0.000849225
0.0008377363
0.0008244038
0.0008091084
0.0007917283
0.0007721481
0.000750327
0.0007274845
0.0007135602
0.0007375272
0.0007595299
0.0007789739
0.000796109
0.0008111026
0.0008240946
0.0008352242
0.0008447594
0.0008527128
0.0008590907
0.0008640598
0.0008678339
0.0008704326
0.0008717754
0.0008718204
0.0008705986
0.0008681069
0.000864249
0.0008589656
0.0008521638
0.0008437425
0.0008336126
0.0008217096
0.000807928
0.0007921564
0.000774283
0.000754202
0.0007318762
0.0007085965
0.0006921409
0.000716538
0.000739022
0.0007589824
0.000776645
0.0007921631
0.0008056612
0.0008172678
0.0008272494
0.0008356042
0.0008423136
0.000847544
0.0008515243
0.0008542661
0.0008556851
0.000855727
0.0008544328
0.0008518037
0.0008477553
0.0008422353
0.0008351376
0.0008263585
0.0008158286
0.0008035025
0.0007892639
0.00077301
0.000754639
0.0007340569
0.0007112398
0.0006875149
0.0006684899
0.0006932706
0.0007161533
0.0007366003
0.0007547627
0.0007708085
0.0007848138
0.000796925
0.0008073699
0.0008161828
0.0008232407
0.0008287359
0.0008329246
0.0008358125
0.0008373114
0.0008373534
0.0008359873
0.0008332225
0.0008289855
0.0008232325
0.0008158409
0.0008067052
0.0007957782
0.0007830299
0.0007683385
0.0007516099
0.0007327506
0.0007116793
0.0006883862
0.0006642348
0.0006439869
0.0006689786
0.0006918613
0.0007127032
0.00073118
0.000747751
0.0007621775
0.0007749059
0.000785863
0.0007954797
0.0008029264
0.0008086773
0.0008130612
0.0008160876
0.0008176658
0.0008177116
0.0008162763
0.0008133864
0.0008089749
0.0008030085
0.0007953461
0.0007858805
0.0007745859
0.0007614454
0.0007463352
0.0007291789
0.0007098762
0.0006883608
0.0006646375
0.0006401151
)
;

boundaryField
{
    fmaxY
    {
        type            calculated;
        value           nonuniform List<scalar> 
90
(
0.004063921
0.0009092812
0.0006439869
0.004064796
0.0009141268
0.0006689786
0.004065639
0.0009186923
0.0006918613
0.004066407
0.0009228504
0.0007127032
0.004067092
0.0009265466
0.00073118
0.004067705
0.0009298601
0.000747751
0.004068241
0.000932751
0.0007621775
0.004068715
0.0009353043
0.0007749059
0.004069124
0.0009375069
0.000785863
0.004069483
0.0009394425
0.0007954797
0.004069761
0.0009409398
0.0008029264
0.004069975
0.0009420944
0.0008086773
0.004070138
0.0009429729
0.0008130612
0.00407025
0.0009435788
0.0008160876
0.004070308
0.0009438951
0.0008176658
0.00407031
0.0009439058
0.0008177116
0.004070257
0.0009436203
0.0008162763
0.00407015
0.0009430432
0.0008133864
0.004069987
0.0009421615
0.0008089749
0.004069766
0.000940968
0.0008030085
0.004069482
0.0009394352
0.0007953461
0.004069131
0.0009375419
0.0007858805
0.004068712
0.0009352824
0.0007745859
0.004068225
0.0009326523
0.0007614454
0.004067664
0.000929628
0.0007463352
0.004067028
0.0009261942
0.0007291789
0.004066312
0.00092233
0.0007098762
0.004065513
0.0009180225
0.0006883608
0.004064636
0.0009132827
0.0006646375
0.004063775
0.0009085251
0.0006401151
)
;
    }
    fminX
    {
        type            calculated;
        value           nonuniform List<scalar> 
90
(
0.004063952
0.00406481
0.00406568
0.004066472
0.004067181
0.00406781
0.004068363
0.004068843
0.004069258
0.004069606
0.004069891
0.004070171
0.004070964
0.004077107
0.00407781
0.004077847
0.004077752
0.004076994
0.004070795
0.004069926
0.004069602
0.004069249
0.004068832
0.004068349
0.004067794
0.004067161
0.00406645
0.004065656
0.004064782
0.004063921
0.0009094346
0.0009141803
0.0009188903
0.0009231612
0.0009269871
0.0009303832
0.0009333662
0.0009359567
0.0009381918
0.0009400726
0.0009416115
0.0009434481
0.0009467892
0.000982099
0.0009853373
0.0009854868
0.0009850282
0.0009814903
0.0009458706
0.0009417355
0.0009400442
0.0009381465
0.0009358982
0.0009332917
0.0009302937
0.0009268826
0.0009230411
0.0009187554
0.0009140334
0.0009092812
0.0006447657
0.0006692232
0.0006928145
0.0007141591
0.0007332775
0.0007502478
0.0007651524
0.0007780934
0.0007892623
0.0007986621
0.0008064105
0.0008226967
0.0008276188
0.001020178
0.001032034
0.001032466
0.001030487
0.001017137
0.00082295
0.0008066204
0.0007985039
0.0007890368
0.0007778023
0.0007647801
0.0007498019
0.0007327571
0.0007135602
0.0006921409
0.0006684899
0.0006439869
)
;
    }
    fmaxX
    {
        type            calculated;
        value           nonuniform List<scalar> 
90
(
0.004063804
0.004064651
0.004065509
0.004066289
0.004066988
0.004067607
0.004068151
0.004068624
0.004069031
0.004069374
0.004069651
0.004069859
0.004069887
0.004068527
0.004061779
0.004061051
0.004060952
0.00406089
0.004061538
0.004068781
0.004069318
0.004069094
0.004069225
0.004068212
0.004067595
0.004066968
0.004066266
0.004065484
0.004064623
0.004063775
0.0009086841
0.0009133568
0.0009179962
0.0009222043
0.0009259722
0.0009293145
0.0009322488
0.0009347955
0.0009369947
0.000938844
0.000940338
0.0009414756
0.0009418115
0.000935311
0.0008970357
0.0008937434
0.00089327
0.0008928666
0.0008956152
0.0009364708
0.0009386143
0.0009372332
0.0009375344
0.0009324683
0.0009292384
0.0009258635
0.0009220803
0.0009178585
0.0009132062
0.0009085251
0.0006409191
0.0006649814
0.0006881972
0.0007092106
0.0007280251
0.0007447145
0.0007593667
0.0007720809
0.000783065
0.0007923024
0.0007997636
0.0008055078
0.0008082077
0.0007775455
0.0005773007
0.0005658237
0.0005638089
0.0005613899
0.0005695501
0.0007864531
0.0007915544
0.0007836621
0.000781721
0.0007598489
0.0007442948
0.0007274845
0.0007085965
0.0006875149
0.0006642348
0.0006401151
)
;
    }
    fminY
    {
        type            calculated;
        value           nonuniform List<scalar> 
90
(
0.004063952
0.0009094346
0.0006447657
0.004064823
0.0009142654
0.0006696643
0.004065673
0.0009188716
0.0006927821
0.004066437
0.0009230092
0.0007135032
0.004067126
0.0009267286
0.0007321125
0.004067737
0.0009300297
0.0007486118
0.004068275
0.0009329301
0.000763089
0.004068749
0.0009354848
0.0007758227
0.004069161
0.0009377017
0.0007868538
0.004069513
0.0009396018
0.0007963002
0.004069797
0.0009411305
0.0008038973
0.004070013
0.0009422959
0.0008096952
0.004070177
0.0009431786
0.0008140983
0.004070289
0.0009437866
0.0008171347
0.004070348
0.000944104
0.0008187181
0.00407035
0.0009441152
0.0008187659
0.004070297
0.0009438295
0.0008173294
0.00407019
0.0009432515
0.0008144349
0.004070026
0.0009423688
0.0008100178
0.004069805
0.000941173
0.0008040396
0.00406952
0.0009396365
0.0007963597
0.004069168
0.0009377397
0.0007868768
0.004068749
0.0009354765
0.0007755638
0.004068261
0.000932843
0.000762405
0.0040677
0.0009298141
0.0007472722
0.004067062
0.0009263745
0.0007300874
0.004066345
0.0009225053
0.0007107597
0.004065546
0.0009181925
0.0006892183
0.004064668
0.0009134475
0.000665469
0.004063804
0.0009086841
0.0006409191
)
;
    }
    fminZ
    {
        type            calculated;
        value           nonuniform List<scalar> 
900
(
0.01027825
0.01027907
0.0102799
0.01028065
0.01028132
0.01028192
0.01028245
0.0102829
0.0102833
0.01028363
0.0102839
0.01028416
0.01028492
0.01029076
0.01029142
0.01029146
0.01029137
0.01029065
0.01028476
0.01028393
0.01028362
0.01028329
0.01028289
0.01028243
0.0102819
0.0102813
0.01028063
0.01027987
0.01027904
0.01027822
0.01027908
0.01027989
0.01028071
0.01028145
0.01028211
0.01028269
0.0102832
0.01028365
0.01028403
0.01028435
0.01028461
0.01028482
0.01028504
0.01028572
0.01028584
0.01028585
0.01028579
0.01028562
0.01028488
0.01028461
0.01028434
0.01028402
0.01028364
0.01028319
0.01028267
0.01028209
0.01028143
0.01028069
0.01027987
0.01027905
0.01027989
0.0102807
0.0102815
0.01028222
0.01028287
0.01028343
0.01028393
0.01028436
0.01028472
0.01028503
0.01028528
0.01028547
0.01028562
0.01028575
0.01028581
0.01028581
0.01028576
0.01028566
0.01028547
0.01028527
0.01028502
0.01028471
0.01028434
0.01028391
0.01028342
0.01028285
0.0102822
0.01028148
0.01028067
0.01027986
0.01028062
0.01028142
0.01028221
0.01028291
0.01028353
0.01028408
0.01028456
0.01028497
0.01028533
0.01028562
0.01028586
0.01028604
0.01028618
0.01028627
0.01028632
0.01028632
0.01028627
0.01028618
0.01028604
0.01028585
0.01028561
0.01028532
0.01028496
0.01028455
0.01028407
0.01028351
0.01028289
0.01028218
0.01028139
0.01028059
0.01028127
0.01028206
0.01028283
0.01028352
0.01028412
0.01028465
0.01028511
0.01028551
0.01028585
0.01028613
0.01028635
0.01028653
0.01028666
0.01028675
0.01028679
0.01028679
0.01028675
0.01028666
0.01028653
0.01028635
0.01028612
0.01028584
0.0102855
0.0102851
0.01028463
0.0102841
0.01028349
0.0102828
0.01028203
0.01028124
0.01028185
0.01028263
0.01028338
0.01028405
0.01028463
0.01028515
0.01028559
0.01028597
0.01028629
0.01028656
0.01028678
0.01028694
0.01028707
0.01028715
0.01028719
0.01028719
0.01028715
0.01028707
0.01028694
0.01028677
0.01028655
0.01028628
0.01028596
0.01028557
0.01028513
0.01028461
0.01028402
0.01028335
0.0102826
0.01028182
0.01028236
0.01028312
0.01028386
0.0102845
0.01028507
0.01028557
0.010286
0.01028636
0.01028667
0.01028693
0.01028714
0.0102873
0.01028741
0.01028749
0.01028753
0.01028753
0.01028749
0.01028741
0.01028729
0.01028713
0.01028692
0.01028666
0.01028635
0.01028598
0.01028555
0.01028505
0.01028448
0.01028383
0.01028309
0.01028233
0.01028281
0.01028355
0.01028427
0.0102849
0.01028545
0.01028593
0.01028635
0.0102867
0.01028699
0.01028724
0.01028744
0.01028759
0.0102877
0.01028777
0.01028781
0.01028781
0.01028777
0.0102877
0.01028758
0.01028743
0.01028723
0.01028699
0.01028669
0.01028633
0.01028591
0.01028543
0.01028487
0.01028424
0.01028352
0.01028278
0.0102832
0.01028392
0.01028462
0.01028524
0.01028577
0.01028624
0.01028664
0.01028698
0.01028726
0.0102875
0.01028769
0.01028783
0.01028794
0.01028801
0.01028804
0.01028804
0.01028801
0.01028794
0.01028783
0.01028768
0.01028749
0.01028725
0.01028697
0.01028662
0.01028622
0.01028575
0.01028521
0.01028459
0.01028389
0.01028317
0.01028354
0.01028423
0.01028492
0.01028552
0.01028604
0.01028649
0.01028688
0.01028721
0.01028748
0.01028771
0.01028789
0.01028803
0.01028813
0.0102882
0.01028823
0.01028823
0.0102882
0.01028813
0.01028803
0.01028788
0.0102877
0.01028747
0.0102872
0.01028686
0.01028647
0.01028602
0.01028549
0.01028489
0.0102842
0.01028351
0.01028381
0.01028449
0.01028515
0.01028574
0.01028626
0.0102867
0.01028708
0.01028739
0.01028766
0.01028788
0.01028805
0.01028819
0.01028828
0.01028835
0.01028838
0.01028838
0.01028835
0.01028828
0.01028821
0.01028805
0.01028787
0.01028765
0.01028738
0.01028706
0.01028668
0.01028623
0.01028572
0.01028512
0.01028445
0.01028377
0.01028401
0.01028468
0.01028534
0.01028592
0.01028642
0.01028686
0.01028723
0.01028754
0.0102878
0.01028801
0.01028818
0.01028831
0.0102884
0.01028846
0.01028849
0.01028849
0.01028846
0.0102884
0.01028831
0.01028817
0.010288
0.01028779
0.01028752
0.01028721
0.01028684
0.0102864
0.01028589
0.01028531
0.01028465
0.01028398
0.01028417
0.01028483
0.01028548
0.01028605
0.01028655
0.01028698
0.01028734
0.01028765
0.0102879
0.01028811
0.01028827
0.0102884
0.01028849
0.01028855
0.01028858
0.01028858
0.01028855
0.01028849
0.0102884
0.01028827
0.0102881
0.01028789
0.01028763
0.01028732
0.01028696
0.01028653
0.01028603
0.01028545
0.0102848
0.01028413
0.01028428
0.01028493
0.01028558
0.01028615
0.01028664
0.01028706
0.01028742
0.01028772
0.01028797
0.01028818
0.01028834
0.01028847
0.01028856
0.01028862
0.01028865
0.01028864
0.01028861
0.01028855
0.01028846
0.01028833
0.01028817
0.01028796
0.01028771
0.0102874
0.01028704
0.01028661
0.01028612
0.01028555
0.0102849
0.01028424
0.01028433
0.01028498
0.01028563
0.01028619
0.01028668
0.0102871
0.01028746
0.01028776
0.01028801
0.01028821
0.01028838
0.0102885
0.01028859
0.01028865
0.01028868
0.01028868
0.01028865
0.01028859
0.0102885
0.01028837
0.01028821
0.010288
0.01028775
0.01028744
0.01028708
0.01028666
0.01028616
0.0102856
0.01028495
0.01028429
0.01028433
0.01028499
0.01028563
0.0102862
0.01028668
0.0102871
0.01028746
0.01028776
0.01028801
0.01028822
0.01028838
0.01028851
0.0102886
0.01028866
0.01028869
0.01028869
0.01028866
0.01028859
0.0102885
0.01028837
0.01028821
0.010288
0.01028775
0.01028744
0.01028708
0.01028666
0.01028617
0.0102856
0.01028495
0.0102843
0.01028428
0.01028494
0.01028558
0.01028615
0.01028664
0.01028707
0.01028743
0.01028773
0.01028798
0.01028819
0.01028835
0.01028848
0.01028857
0.01028863
0.01028866
0.01028866
0.01028863
0.01028857
0.01028848
0.01028835
0.01028818
0.01028797
0.01028772
0.01028741
0.01028705
0.01028662
0.01028612
0.01028555
0.0102849
0.01028425
0.01028418
0.01028484
0.01028549
0.01028606
0.01028656
0.01028699
0.01028735
0.01028766
0.01028792
0.01028813
0.0102883
0.01028842
0.01028852
0.01028858
0.01028861
0.01028861
0.01028858
0.01028852
0.01028842
0.01028829
0.01028812
0.01028791
0.01028765
0.01028733
0.01028697
0.01028654
0.01028604
0.01028546
0.01028481
0.01028414
0.01028403
0.01028469
0.01028535
0.01028593
0.01028643
0.01028687
0.01028724
0.01028755
0.01028781
0.01028803
0.0102882
0.01028833
0.01028843
0.01028849
0.01028852
0.01028852
0.01028849
0.01028843
0.01028833
0.01028819
0.01028802
0.0102878
0.01028754
0.01028722
0.01028684
0.01028641
0.0102859
0.01028532
0.01028466
0.01028399
0.01028382
0.01028449
0.01028515
0.01028574
0.01028625
0.0102867
0.01028707
0.01028739
0.01028766
0.01028788
0.01028806
0.0102882
0.0102883
0.01028836
0.0102884
0.0102884
0.01028836
0.01028829
0.01028819
0.01028805
0.01028787
0.01028765
0.01028738
0.01028706
0.01028667
0.01028623
0.01028571
0.01028512
0.01028445
0.01028378
0.01028354
0.01028423
0.0102849
0.0102855
0.01028602
0.01028648
0.01028686
0.01028719
0.01028747
0.0102877
0.01028788
0.01028802
0.01028812
0.01028819
0.01028822
0.01028822
0.01028819
0.01028812
0.01028801
0.01028787
0.01028769
0.01028746
0.01028718
0.01028685
0.01028645
0.010286
0.01028547
0.01028487
0.01028419
0.01028351
0.01028321
0.0102839
0.01028459
0.0102852
0.01028574
0.0102862
0.0102866
0.01028694
0.01028723
0.01028746
0.01028765
0.0102878
0.0102879
0.01028793
0.01028796
0.01028796
0.01028793
0.01028785
0.01028775
0.01028764
0.01028745
0.01028721
0.01028693
0.01028658
0.01028618
0.01028571
0.01028518
0.01028456
0.01028387
0.01028318
0.01028281
0.01028352
0.01028422
0.01028485
0.01028539
0.01028587
0.01028628
0.01028663
0.01028693
0.01028717
0.01028737
0.01028752
0.01028755
0.01028698
0.01028693
0.01028693
0.01028689
0.01028682
0.01028678
0.01028728
0.01028716
0.01028692
0.01028662
0.01028627
0.01028585
0.01028537
0.01028482
0.01028419
0.01028348
0.01028278
0.01028235
0.01028307
0.01028378
0.01028442
0.01028499
0.01028548
0.0102859
0.01028627
0.01028657
0.01028683
0.01028703
0.01028715
0.01028658
0.01028023
0.01027958
0.01027954
0.0102795
0.01027946
0.01028003
0.01028629
0.01028678
0.01028656
0.01028625
0.01028589
0.01028546
0.01028496
0.0102844
0.01028376
0.01028303
0.01028231
0.01028181
0.01028255
0.01028328
0.01028394
0.01028452
0.01028502
0.01028546
0.01028584
0.01028616
0.01028642
0.01028664
0.01028675
0.01028611
0.01027914
0.01027841
0.01027837
0.01027832
0.01027829
0.01027893
0.01028582
0.01028637
0.01028615
0.01028583
0.01028545
0.010285
0.01028449
0.01028391
0.01028325
0.01028252
0.01028178
0.01028121
0.01028196
0.01028271
0.01028338
0.01028398
0.0102845
0.01028495
0.01028534
0.01028568
0.01028595
0.01028617
0.0102863
0.01028566
0.01027865
0.01027793
0.01027788
0.01027783
0.01027779
0.01027843
0.01028535
0.01028589
0.01028566
0.01028533
0.01028494
0.01028448
0.01028395
0.01028335
0.01028268
0.01028193
0.01028118
0.01028053
0.01028129
0.01028206
0.01028275
0.01028336
0.0102839
0.01028437
0.01028478
0.01028512
0.01028541
0.01028564
0.01028578
0.01028514
0.01027814
0.01027741
0.01027737
0.01027732
0.01027728
0.01027791
0.01028482
0.01028535
0.01028512
0.0102848
0.01028436
0.01028388
0.01028334
0.01028272
0.01028203
0.01028126
0.0102805
0.01027977
0.01028054
0.01028133
0.01028204
0.01028267
0.01028323
0.01028371
0.01028413
0.01028449
0.0102848
0.01028504
0.01028518
0.01028456
0.01027759
0.01027683
0.01027678
0.01027673
0.01027668
0.01027731
0.01028421
0.01028474
0.01028455
0.01028467
0.01028376
0.01028321
0.01028265
0.01028201
0.0102813
0.01028052
0.01027974
0.01027893
0.01027972
0.01028053
0.01028125
0.0102819
0.01028248
0.01028298
0.01028341
0.01028379
0.0102841
0.01028435
0.01028451
0.01028396
0.01027754
0.01027625
0.01027613
0.01027607
0.01027602
0.01027664
0.01028353
0.01028408
0.01028433
0.0102886
0.01028351
0.01028249
0.01028188
0.01028123
0.0102805
0.0102797
0.0102789
0.01027811
0.01027892
0.01027973
0.01028047
0.01028114
0.01028173
0.01028224
0.01028269
0.01028308
0.01028341
0.01028367
0.01028387
0.01028389
0.0102826
0.01027619
0.0102755
0.0102754
0.01027534
0.01027596
0.01028284
0.01028335
0.01028314
0.01028326
0.0102823
0.01028172
0.01028112
0.01028045
0.01027971
0.01027889
0.01027808
)
;
    }
    floor_to_air
    {
        type            calculated;
        value           nonuniform List<scalar> 
900
(
0.001350335
0.001415298
0.001473658
0.001525936
0.001572852
0.001614412
0.001650834
0.001682797
0.001710456
0.001734101
0.001753095
0.001767604
0.001778655
0.001786277
0.001790238
0.001790313
0.001786648
0.001779317
0.001768148
0.001753059
0.00173368
0.001709752
0.001681215
0.001648042
0.001609898
0.001566589
0.001517889
0.00146362
0.001403693
0.00133944
0.001414369
0.001478925
0.001536634
0.001588119
0.001633912
0.001674302
0.001709569
0.001740019
0.001766306
0.001788397
0.00180615
0.001819959
0.001830492
0.001837751
0.001841502
0.001841567
0.001838084
0.001831079
0.00182036
0.001805825
0.001787159
0.001764094
0.001736516
0.001704359
0.001667306
0.001625123
0.001577579
0.001524467
0.001465661
0.001402411
0.001473945
0.001537457
0.001594039
0.001644286
0.00168877
0.001727848
0.001761834
0.001791035
0.001816164
0.001837186
0.001854052
0.001867188
0.001877191
0.00188408
0.001887627
0.001887692
0.00188439
0.001877728
0.001867485
0.001853538
0.001835615
0.001813454
0.001786881
0.001755789
0.001719881
0.001678901
0.001632593
0.001580719
0.001523119
0.001460985
0.001527763
0.001590137
0.001645477
0.001694407
0.00173755
0.001775303
0.001808013
0.001836015
0.001860019
0.001880036
0.001896068
0.001908544
0.001918026
0.001924551
0.001927904
0.001927976
0.001924856
0.001918542
0.00190878
0.001895428
0.001878251
0.001856996
0.001831435
0.00180141
0.001766657
0.001726897
0.001681848
0.00163124
0.001574883
0.001513914
0.001575972
0.001637194
0.001691266
0.001738874
0.001780685
0.001817133
0.001848591
0.001875429
0.001898336
0.001917379
0.001932602
0.001944437
0.001953414
0.001959593
0.001962771
0.001962851
0.001959914
0.001953941
0.001944653
0.00193189
0.001915446
0.001895075
0.001870505
0.001841526
0.001807909
0.001769353
0.001725552
0.001676207
0.001621096
0.001561304
0.00161877
0.00167886
0.001731687
0.001778005
0.001818524
0.001853712
0.001883969
0.00190969
0.001931545
0.00194966
0.001964111
0.001975335
0.001983835
0.001989692
0.001992716
0.001992806
0.001990053
0.001984408
0.001975576
0.001963379
0.001947636
0.001928109
0.001904486
0.001876508
0.001843982
0.001806587
0.001763992
0.001715874
0.00166198
0.001603343
0.001656361
0.001715379
0.001767017
0.001812107
0.001851403
0.001885401
0.001914528
0.001939197
0.001960072
0.001977316
0.001991051
0.002001702
0.002009761
0.002015322
0.00201821
0.002018312
0.002015736
0.002010402
0.002002
0.001990333
0.001975246
0.001956508
0.001933766
0.001906726
0.001875222
0.00183892
0.001797467
0.001750513
0.001697779
0.00164025
0.001688996
0.001747008
0.001797535
0.001841487
0.001879653
0.001912552
0.001940637
0.001964341
0.00198432
0.002000765
0.002013846
0.002023975
0.002031638
0.002036939
0.002039706
0.002039824
0.002037416
0.002032371
0.002024363
0.002013181
0.001998693
0.001980673
0.001958732
0.001932547
0.001901981
0.001866681
0.001826278
0.001780403
0.001728754
0.001672267
0.001717178
0.001774263
0.001823752
0.001866635
0.001903737
0.001935608
0.001962723
0.001985531
0.002004686
0.002020395
0.002032876
0.002042529
0.002049834
0.002054907
0.002057566
0.002057707
0.002055461
0.00205069
0.002043049
0.002032316
0.002018381
0.002001019
0.001979816
0.001954422
0.001924728
0.00189037
0.001850956
0.001806094
0.001755457
0.001699945
0.0017409
0.001797141
0.001845697
0.001887627
0.001923786
0.001954745
0.001980996
0.002003007
0.002021431
0.002036491
0.002048444
0.002057683
0.002064678
0.002069561
0.002072129
0.0020723
0.0020702
0.002065678
0.002058365
0.002048028
0.00203458
0.002017796
0.001997246
0.001972551
0.001943626
0.001910095
0.001871552
0.00182759
0.00177786
0.001723223
0.001760215
0.001815645
0.001863429
0.001904569
0.001939944
0.001970145
0.001995681
0.002017032
0.002034848
0.002049373
0.002060885
0.002069782
0.002076526
0.002081256
0.002083756
0.00208396
0.002081987
0.002077679
0.002070643
0.002060639
0.002047592
0.00203128
0.002011256
0.001987109
0.001958807
0.001925952
0.001888125
0.001844901
0.001795916
0.001742015
0.00185358
0.00183026
0.001877276
0.001917785
0.001952535
0.001982128
0.002007088
0.002027909
0.002045237
0.002059339
0.002070494
0.002079123
0.002085675
0.002090283
0.002092738
0.002092981
0.002091119
0.002086987
0.002080174
0.002070431
0.002057695
0.002041752
0.002022092
0.001997937
0.001970077
0.001937752
0.001900488
0.001857848
0.001809493
0.001756588
0.001797095
0.001841837
0.001887672
0.001927636
0.001961887
0.001991001
0.002015507
0.002035914
0.002052861
0.002066634
0.002077513
0.002085937
0.002092348
0.002096866
0.002099291
0.002099568
0.002097795
0.002093802
0.002087169
0.00207763
0.002065131
0.002049429
0.002029187
0.001995051
0.001966541
0.001934583
0.001897766
0.001855637
0.001808605
0.00176597
0.002338464
0.001858867
0.001895002
0.001934203
0.001968089
0.001996868
0.002021059
0.002041178
0.002057864
0.002071413
0.002082103
0.002090383
0.002096695
0.002101153
0.002103559
0.002103863
0.002102154
0.00209826
0.002091755
0.002082359
0.002070011
0.002054056
0.002023709
0.001491172
0.00137001
0.001337795
0.001301325
0.001259961
0.001222696
0.001668017
0.002352475
0.001863382
0.001898518
0.001937485
0.001971188
0.001999794
0.002023825
0.002043794
0.002060339
0.002073769
0.002084362
0.002092564
0.002098826
0.002103254
0.002105652
0.002105971
0.002104296
0.002100454
0.002094015
0.002084691
0.002072429
0.002056531
0.002025395
0.001482649
0.00136059
0.001328473
0.001292152
0.001250562
0.001204082
0.001161992
0.002352884
0.001863401
0.001898496
0.001937461
0.001971165
0.001999771
0.002023801
0.002043769
0.002060313
0.002073742
0.002084333
0.002092535
0.002098796
0.002103222
0.002105619
0.002105937
0.00210426
0.002100417
0.002093978
0.002084652
0.002072389
0.002056487
0.002025301
0.001482102
0.001359989
0.001327869
0.001291545
0.001249909
0.001202579
0.001150674
0.002348562
0.001859654
0.001894979
0.001934135
0.001968019
0.001996797
0.002020989
0.002041106
0.00205779
0.002071336
0.002082024
0.002090299
0.002096608
0.002101062
0.002103464
0.002103764
0.002102052
0.002098156
0.002091649
0.002082249
0.002069898
0.002053888
0.002022584
0.001479264
0.001357011
0.001324737
0.001288248
0.001246435
0.001198876
0.001146351
0.002330793
0.001851496
0.001887978
0.001927532
0.001961766
0.001990878
0.002015383
0.002035786
0.002052732
0.002066505
0.002077546
0.0020858
0.002092202
0.002096714
0.002099133
0.002099404
0.002097626
0.00209363
0.002086993
0.002077448
0.002064928
0.002048719
0.002017244
0.001474151
0.001351683
0.00131912
0.001282316
0.001240174
0.001192278
0.001139409
0.001785519
0.00183081
0.001877134
0.001917596
0.00195234
0.00198193
0.002006886
0.002027702
0.002045028
0.002059292
0.002179113
0.002079066
0.002085445
0.002090045
0.002092493
0.002092729
0.002090861
0.002086725
0.002079907
0.002070157
0.002057398
0.002040949
0.002010059
0.001476968
0.001355152
0.001322221
0.001284972
0.001242364
0.001193998
0.001140676
0.001760248
0.001815388
0.001863125
0.001904255
0.001939624
0.001969817
0.001995346
0.002016689
0.002034497
0.002049017
0.002060686
0.002069411
0.002076144
0.002080866
0.002083359
0.002083556
0.002081578
0.002077267
0.002070225
0.002060216
0.002047165
0.002030799
0.002009822
0.001974899
0.001945515
0.001912608
0.001874786
0.001831573
0.001782611
0.001728693
0.001740486
0.001796707
0.001845252
0.001887171
0.001923318
0.001954265
0.001980505
0.002002504
0.002020915
0.002035965
0.002047908
0.002057134
0.002064119
0.002068993
0.002071553
0.002071717
0.002069613
0.002065088
0.002057772
0.002047434
0.002033987
0.002017203
0.001996605
0.001971446
0.001942476
0.001908952
0.001870425
0.001826519
0.001777169
0.001722189
0.001716623
0.001773691
0.001823165
0.001866032
0.001903119
0.001934973
0.001962071
0.001984862
0.002004
0.002019693
0.00203216
0.002041799
0.002049092
0.002054156
0.002056807
0.002056941
0.002054691
0.002049917
0.002042276
0.002031545
0.002017614
0.002000259
0.001979064
0.001953666
0.001923984
0.001889644
0.001850291
0.001806217
0.001764169
0.001700161
0.001688279
0.001746274
0.001796781
0.001840713
0.001878856
0.001911734
0.001939796
0.001963476
0.001983434
0.00199986
0.002012922
0.002023033
0.002030682
0.002035972
0.00203873
0.002038842
0.002036432
0.002031386
0.002023381
0.002012204
0.001997725
0.001979716
0.00195779
0.001931623
0.001901078
0.001865816
0.001825831
0.001788952
0.002253071
0.001681304
0.001655441
0.001714444
0.001766056
0.001811119
0.001850387
0.001884355
0.001913452
0.001938092
0.001958939
0.001976158
0.001989869
0.002000498
0.00200854
0.002014089
0.002016969
0.002017065
0.002014487
0.002009154
0.002000758
0.001989102
0.001974029
0.001955308
0.001932587
0.001905572
0.001874097
0.001837827
0.001796449
0.001750296
0.001706164
0.001640152
0.00161767
0.001677727
0.001730521
0.001776805
0.001817289
0.001852441
0.001882662
0.001908347
0.001930169
0.001948254
0.001962676
0.001973875
0.001982355
0.001988199
0.001991213
0.001991299
0.001988544
0.001982903
0.001974082
0.001961899
0.001946174
0.001926671
0.001903073
0.001875128
0.001842636
0.001805278
0.001762725
0.001714689
0.001661199
0.001602243
0.001574688
0.001635868
0.001689901
0.001737467
0.001779237
0.001815643
0.00184706
0.001873856
0.001896725
0.001915734
0.001930924
0.00194273
0.001951685
0.001957849
0.001961018
0.001961094
0.001958157
0.001952191
0.001942915
0.00193017
0.00191375
0.001893406
0.001868868
0.001839926
0.00180635
0.001767837
0.001724081
0.001674785
0.001619734
0.001559976
0.001526284
0.001588622
0.001643918
0.001692801
0.001735897
0.001773604
0.001806267
0.001834223
0.001858186
0.001878165
0.00189416
0.001906604
0.001916061
0.001922571
0.001925914
0.001925982
0.001922864
0.001916557
0.00190681
0.001893481
0.001876332
0.001855108
0.001829583
0.001799601
0.001764894
0.001725183
0.001680184
0.001629629
0.001573325
0.001512408
0.00147228
0.001535761
0.001592294
0.001642491
0.001686922
0.001725951
0.001759888
0.001789039
0.001814123
0.001835106
0.001851932
0.001865032
0.001875008
0.001881879
0.001885416
0.001885477
0.001882177
0.001875526
0.0018653
0.001851378
0.001833486
0.001811361
0.001784828
0.001753783
0.001717925
0.001676999
0.001630747
0.001578929
0.001521388
0.001459311
0.001412556
0.00147709
0.0015347
0.001586157
0.001631872
0.00167223
0.001707443
0.001737842
0.001764071
0.001786157
0.001803846
0.001817606
0.001828108
0.001835348
0.001839088
0.001839148
0.001835668
0.001828675
0.001817974
0.001803467
0.001784835
0.00176181
0.001734276
0.001702168
0.001665169
0.001623044
0.001575561
0.00152251
0.001463767
0.00140058
0.001348394
0.001413617
0.001471362
0.001523963
0.001570531
0.001612277
0.001648566
0.001680521
0.001707989
0.001732035
0.001750672
0.001765085
0.001776093
0.001783693
0.001787642
0.001787713
0.001784051
0.001776732
0.001765578
0.001750518
0.001731182
0.001707297
0.001678805
0.001645678
0.001607589
0.00156435
0.001515712
0.001461507
0.001401645
0.001337461
)
;
    }
}


// ************************************************************************* //
