/*--------------------------------*- C++ -*----------------------------------*\
| =========                 |                                                 |
| \\      /  F ield         | OpenFOAM: The Open Source CFD Toolbox           |
|  \\    /   O peration     | Version:  2506                                  |
|   \\  /    A nd           | Website:  www.openfoam.com                      |
|    \\/     M anipulation  |                                                 |
\*---------------------------------------------------------------------------*/
FoamFile
{
    version     2.0;
    format      ascii;
    arch        "LSB;label=32;scalar=64";
    class       volScalarField;
    location    "500/solid";
    object      T;
}
// * * * * * * * * * * * * * * * * * * * * * * * * * * * * * * * * * * * * * //

dimensions      [0 0 0 1 0 0 0];

internalField   nonuniform List<scalar> 
2304
(
330.6318
331.0304
331.0885
331.0909
331.0804
330.9827
331.0001
331.4293
331.4876
331.4914
331.4839
331.3901
331.0531
331.4802
331.5393
331.5435
331.5363
331.4435
331.057
331.4835
331.5427
331.5471
331.54
331.4473
331.0488
331.4764
331.5352
331.5394
331.5322
331.4393
330.9517
331.3806
331.4387
331.4422
331.4344
331.3401
330.7757
331.1265
331.1014
331.5115
331.1785
331.2311
331.564
331.6159
331.235
331.2375
331.6197
331.6226
331.2369
331.2313
331.6225
331.6187
331.2266
331.1771
331.615
331.569
331.1302
330.8102
331.5228
331.1491
331.1487
331.5587
331.197
331.6048
331.6112
331.6632
331.6571
331.7092
331.667
331.6701
331.7131
331.7165
331.67
331.6664
331.7165
331.7131
331.6628
331.6172
331.7096
331.6645
331.5713
331.1983
331.619
331.2492
331.2009
331.6082
331.2047
331.6113
331.6606
331.7127
331.6635
331.7158
331.7166
331.72
331.7197
331.7232
331.72
331.7167
331.7232
331.7199
331.7132
331.6682
331.7164
331.6714
331.6227
331.2536
331.626
331.2579
331.2047
331.6112
331.2008
331.6081
331.6635
331.7157
331.6605
331.7126
331.7197
331.7232
331.7165
331.72
331.7232
331.7199
331.7199
331.7166
331.7163
331.6714
331.7131
331.6681
331.626
331.2579
331.6226
331.2534
331.1968
331.6047
331.1483
331.5584
331.657
331.7091
331.6109
331.6629
331.713
331.7164
331.6667
331.6698
331.7163
331.713
331.6697
331.6661
331.7095
331.6644
331.6625
331.6169
331.6188
331.2489
331.571
331.1978
331.1008
331.5111
330.774
331.125
331.5635
331.6155
331.177
331.2296
331.6193
331.6222
331.2335
331.2361
331.622
331.6183
331.2355
331.2298
331.6146
331.5685
331.2252
331.1757
331.5224
331.1483
331.1287
330.8087
330.9775
330.9523
331.3272
331.0843
331.381
331.435
331.0914
331.4392
331.4428
331.0852
331.4426
331.4388
331.0302
331.4348
331.3876
330.6668
331.3405
331.0015
331.3753
331.049
331.4226
331.4834
331.4765
331.5309
331.4914
331.5354
331.5395
331.4878
331.5395
331.5362
331.437
331.5323
331.4859
331.0518
331.4394
331.1039
331.4264
331.057
331.4297
331.5348
331.4836
331.5382
331.5435
331.5427
331.5471
331.5402
331.5471
331.5438
331.49
331.54
331.4937
331.1086
331.4473
331.1132
331.4297
331.053
331.4263
331.5382
331.4802
331.5347
331.5471
331.5392
331.5434
331.5438
331.5434
331.5401
331.4937
331.5363
331.4899
331.1132
331.4434
331.1084
331.4225
330.9997
331.375
331.5308
331.4289
331.4831
331.5394
331.4873
331.4911
331.5361
331.4911
331.4875
331.4858
331.4836
331.4367
331.1036
331.3898
331.0513
331.3267
330.6302
330.976
331.4345
331.0289
331.0828
331.4423
331.087
331.0899
331.4384
331.0894
331.0838
331.3871
331.079
331.0288
331.0009
330.9813
330.6653
331.0535
330.7499
330.898
330.8888
331.3556
331.1626
331.192
331.3263
331.3836
331.2188
331.2203
331.382
331.3817
331.2195
331.2181
331.383
331.364
331.2077
331.1991
331.3722
331.1955
331.1085
331.0306
331.2744
331.3293
331.1303
331.3025
331.1574
331.6356
331.5797
331.609
331.6063
331.6636
331.6353
331.6369
331.6619
331.6629
331.637
331.6361
331.6638
331.6473
331.628
331.6204
331.6548
331.4804
331.5323
331.453
331.5595
331.3572
331.184
331.3551
331.1862
331.6623
331.6311
331.6604
331.6331
331.6905
331.6868
331.6885
331.6888
331.69
331.6889
331.688
331.6908
331.6744
331.68
331.6724
331.6819
331.5085
331.5851
331.5064
331.5871
331.3583
331.188
331.3588
331.1874
331.6633
331.6345
331.6637
331.634
331.6915
331.6903
331.692
331.6898
331.691
331.6923
331.6914
331.6918
331.6754
331.6834
331.6759
331.6829
331.5095
331.5886
331.51
331.5881
331.3434
331.1796
331.3509
331.1718
331.6494
331.6273
331.6566
331.6201
331.6774
331.683
331.6847
331.6757
331.6768
331.685
331.6841
331.6777
331.6613
331.6761
331.6686
331.6688
331.4946
331.5811
331.5022
331.5736
331.1738
331.0817
331.254
331.0027
331.4789
331.5311
331.5604
331.4496
331.5067
331.5866
331.5882
331.5051
331.5053
331.5882
331.5872
331.5064
331.4886
331.5788
331.5711
331.4965
331.3202
331.4826
331.4032
331.3996
330.7688
330.7613
330.9113
331.0602
331.1801
331.2099
331.0905
331.2379
331.2399
331.0898
331.2407
331.2398
331.0722
331.2313
331.2235
330.9057
331.1352
331.0575
331.1561
331.0269
331.1826
331.4593
331.4556
331.4857
331.4899
331.5142
331.5164
331.4909
331.5181
331.5177
331.4767
331.5108
331.5037
331.3124
331.4174
331.3399
331.208
331.0553
331.21
331.5104
331.4821
331.5123
331.5416
331.5412
331.5436
331.5431
331.5456
331.5452
331.5293
331.5384
331.5314
331.3665
331.4457
331.3687
331.2116
331.0564
331.2111
331.5137
331.4831
331.5132
331.5451
331.5423
331.5447
331.5468
331.5467
331.5463
331.5329
331.5395
331.5325
331.3704
331.4468
331.3699
331.2039
331.0412
331.1965
331.5065
331.4693
331.4994
331.5376
331.5281
331.5304
331.539
331.5321
331.5317
331.5252
331.5249
331.5178
331.3621
331.4318
331.3544
331.1077
330.8733
331.0284
331.4106
331.3001
331.33
331.4409
331.358
331.3601
331.4417
331.3612
331.3605
331.4271
331.3527
331.3453
331.2621
331.2576
331.1797
331.1855
331.11
331.0235
331.2735
331.1746
331.0823
331.0036
331.2545
331.3083
331.4783
331.3972
331.389
331.1314
330.8172
330.919
330.9106
330.9626
330.9535
331.0849
331.2654
331.171
331.0416
331.3047
331.0859
331.3522
331.218
331.2558
331.1448
331.0238
331.2878
331.067
331.3351
331.2087
331.3917
331.5598
331.4314
331.4237
331.4793
331.4718
331.3439
331.3709
331.2151
331.2074
331.3785
331.4795
331.5315
331.4503
331.5609
331.4947
331.5835
331.5023
331.576
331.4331
331.2229
331.2077
331.3568
331.2519
331.4042
331.3859
331.4482
331.2749
331.2232
331.4089
331.2673
331.4557
331.4012
331.5604
331.6121
331.4837
331.5931
331.5316
331.641
331.5128
331.5754
331.6634
331.5356
331.6083
331.5829
331.6559
331.528
331.384
331.2204
331.2207
331.3838
331.5074
331.5871
331.5058
331.5887
331.5079
331.5892
331.5077
331.5893
331.4609
331.2786
331.2368
331.4127
331.2803
331.4593
331.4145
331.4615
331.2806
331.2375
331.4153
331.2808
331.4614
331.4152
331.5881
331.6669
331.5394
331.6216
331.5865
331.6686
331.5412
331.5887
331.6694
331.5422
331.6224
331.5888
331.6693
331.542
331.3798
331.2128
331.2159
331.3769
331.506
331.5886
331.5071
331.5876
331.5043
331.5835
331.5016
331.5861
331.4598
331.2799
331.2359
331.4149
331.2786
331.4609
331.414
331.4582
331.2738
331.2341
331.41
331.2767
331.4557
331.4125
331.5875
331.6691
331.5419
331.6219
331.5883
331.6683
331.5412
331.5861
331.6649
331.5377
331.6207
331.5838
331.667
331.5399
331.3491
331.1563
331.1838
331.322
331.4893
331.5793
331.4971
331.5716
331.4747
331.5306
331.4479
331.5572
331.4436
331.269
331.2186
331.4058
331.2608
331.4513
331.3983
331.4294
331.219
331.2038
331.358
331.2459
331.4031
331.3841
331.5724
331.6611
331.5338
331.608
331.5797
331.6539
331.5266
331.5585
331.6146
331.4871
331.5945
331.5326
331.6403
331.5129
331.0766
330.7798
330.9174
330.9239
331.321
331.4831
331.4003
331.4037
331.201
331.1245
331.043
331.2834
331.2784
331.172
331.0537
331.3115
331.0952
331.3564
331.2339
331.1566
330.8491
330.9426
330.9508
330.9835
330.9912
331.1128
331.4077
331.5682
331.4408
331.4449
331.486
331.4898
331.3628
331.2843
331.1896
331.0685
331.322
331.1091
331.3661
331.2402
331.4638
331.5265
331.4371
331.5531
331.3436
331.1798
331.172
331.3511
331.4779
331.5743
331.5671
331.4852
331.4086
331.1922
331.3349
331.1753
331.3823
331.2189
331.3611
331.5451
331.607
331.4708
331.5846
331.519
331.633
331.4968
331.4225
331.2407
331.1895
331.382
331.2332
331.4296
331.3749
331.5587
331.6533
331.598
331.5172
331.6465
331.5656
331.5104
331.6508
331.6317
331.6242
331.6583
331.6496
331.6274
331.6203
331.6567
331.6648
331.6795
331.6723
331.6719
331.7141
331.6594
331.6403
331.637
331.6882
331.6852
331.6661
331.7291
331.7106
331.6555
331.689
331.7032
331.7365
331.6813
331.7275
331.7055
331.6504
331.6862
331.6987
331.7343
331.6795
331.7425
331.7568
331.7025
331.7015
331.75
331.7493
331.6948
331.6642
331.6375
331.6375
331.6642
331.6776
331.6831
331.6759
331.6848
331.6783
331.6855
331.6783
331.6855
331.7419
331.7142
331.6689
331.6929
331.7159
331.7401
331.6948
331.7426
331.7168
331.6698
331.6961
331.7166
331.7428
331.6957
331.7554
331.7604
331.7064
331.7151
331.7536
331.7622
331.7083
331.7561
331.7632
331.7096
331.7161
331.7563
331.763
331.7093
331.6614
331.6321
331.6346
331.659
331.677
331.6851
331.6779
331.6842
331.6755
331.6804
331.6731
331.6828
331.7419
331.7165
331.6694
331.696
331.7158
331.7426
331.6955
331.7408
331.7126
331.6684
331.6926
331.7146
331.7387
331.6945
331.7555
331.763
331.7096
331.716
331.7561
331.7624
331.7091
331.7544
331.7592
331.7062
331.715
331.7523
331.7612
331.7081
331.6332
331.5797
331.6062
331.6068
331.6615
331.6762
331.669
331.6687
331.6473
331.6283
331.621
331.6546
331.7281
331.7089
331.656
331.689
331.7018
331.7351
331.6822
331.7147
331.6628
331.6426
331.6437
331.6883
331.6892
331.669
331.7418
331.7556
331.7027
331.7029
331.7487
331.7487
331.6959
331.7284
331.71
331.6575
331.6897
331.703
331.7353
331.6827
331.3604
331.1741
331.3328
331.2021
331.4949
331.5812
331.5739
331.5024
331.3752
331.2254
331.2173
331.383
331.5652
331.6166
331.4935
331.5979
331.5383
331.6432
331.5204
331.4419
331.2386
331.3708
331.2261
331.4148
331.2663
331.3981
331.5793
331.6642
331.6119
331.5418
331.6571
331.5865
331.5346
331.4564
331.2891
331.2412
331.4202
331.2812
331.4639
331.4126
331.491
331.578
331.489
331.58
331.3584
331.188
331.1875
331.3589
331.4921
331.5815
331.581
331.4925
331.4353
331.2447
331.3857
331.2031
331.4333
331.2468
331.3876
331.571
331.6568
331.5208
331.61
331.5692
331.6585
331.5226
331.4363
331.2485
331.2042
331.3891
331.248
331.4368
331.3886
331.572
331.6598
331.6109
331.5239
331.6595
331.5724
331.5235
331.6775
331.6832
331.6756
331.6851
331.6633
331.6345
331.6341
331.6638
331.6786
331.6866
331.6862
331.679
331.7394
331.7089
331.6896
331.6623
331.7377
331.7106
331.6914
331.7545
331.7602
331.7049
331.7145
331.7527
331.762
331.7067
331.7403
331.7119
331.6632
331.6926
331.7115
331.7407
331.6923
331.7553
331.7633
331.7154
331.708
331.7629
331.7557
331.7076
331.6912
331.6893
331.6892
331.6913
331.6916
331.6903
331.6898
331.692
331.6923
331.6928
331.6923
331.6927
331.7674
331.7639
331.7186
331.7184
331.7657
331.7657
331.7204
331.7683
331.7667
331.7196
331.7219
331.7665
331.7685
331.7215
331.7684
331.767
331.7193
331.7218
331.7666
331.7688
331.7214
331.7692
331.7698
331.7228
331.7228
331.7694
331.7696
331.7224
331.6885
331.6841
331.6865
331.6861
331.691
331.6923
331.6919
331.6915
331.6895
331.6876
331.6871
331.69
331.7677
331.7665
331.7195
331.7218
331.7659
331.7683
331.7214
331.7665
331.7627
331.7186
331.7185
331.7647
331.7645
331.7204
331.7686
331.7696
331.7228
331.7227
331.7692
331.769
331.7223
331.7675
331.7659
331.7195
331.7217
331.7655
331.7679
331.7213
331.6603
331.6321
331.6583
331.6341
331.6754
331.6834
331.683
331.6759
331.6613
331.6355
331.6351
331.6618
331.754
331.7591
331.7064
331.715
331.7522
331.7609
331.7083
331.7406
331.7135
331.6932
331.67
331.7388
331.7153
331.6951
331.7549
331.7622
331.716
331.7096
331.7618
331.7553
331.7092
331.7415
331.7167
331.671
331.6964
331.7163
331.7419
331.696
331.3893
331.2297
331.3871
331.2321
331.5096
331.5886
331.5881
331.51
331.3905
331.234
331.2334
331.391
331.5922
331.6678
331.5457
331.6246
331.5902
331.6696
331.5477
331.4699
331.2933
331.4242
331.256
331.4678
331.2957
331.4264
331.5932
331.671
331.6256
331.5492
331.6706
331.5936
331.5487
331.471
331.2974
331.2573
331.428
331.2969
331.4715
331.4275
331.492
331.5814
331.4925
331.581
331.3571
331.1838
331.1861
331.355
331.4909
331.5779
331.5799
331.4889
331.4363
331.2485
331.3891
331.2042
331.4367
331.2479
331.3886
331.5719
331.6598
331.5239
331.6109
331.5724
331.6594
331.5235
331.4352
331.2445
331.203
331.3856
331.2467
331.4332
331.3876
331.571
331.6567
331.6099
331.5207
331.6585
331.5691
331.5225
331.6785
331.6866
331.679
331.6861
331.6622
331.631
331.633
331.6603
331.6775
331.6831
331.6851
331.6755
331.7403
331.7119
331.6926
331.6631
331.7407
331.7115
331.6922
331.7553
331.7632
331.708
331.7153
331.7557
331.7628
331.7076
331.7394
331.7088
331.6622
331.6896
331.7106
331.7376
331.6913
331.7544
331.7601
331.7144
331.7049
331.7619
331.7526
331.7066
331.6922
331.6928
331.6927
331.6923
331.6904
331.6867
331.6887
331.6884
331.6911
331.6892
331.6912
331.6891
331.7683
331.7669
331.7217
331.7193
331.7687
331.7665
331.7213
331.7691
331.7698
331.7228
331.7228
331.7696
331.7694
331.7224
331.7674
331.7638
331.7184
331.7186
331.7656
331.7656
331.7204
331.7682
331.7666
331.7218
331.7195
331.7684
331.7664
331.7214
331.6895
331.6876
331.69
331.6871
331.6899
331.6887
331.6908
331.6879
331.6884
331.684
331.686
331.6864
331.7686
331.7696
331.7227
331.7227
331.769
331.7692
331.7223
331.7674
331.7658
331.7217
331.7195
331.7679
331.7654
331.7213
331.7676
331.7664
331.7218
331.7195
331.7682
331.7658
331.7213
331.7665
331.7626
331.7185
331.7185
331.7645
331.7646
331.7203
331.6613
331.6355
331.6618
331.635
331.6743
331.6798
331.6819
331.6723
331.6602
331.6319
331.634
331.6582
331.7548
331.7622
331.7096
331.7159
331.7553
331.7618
331.7092
331.7415
331.7167
331.6964
331.671
331.7419
331.7162
331.696
331.7539
331.759
331.715
331.7063
331.7608
331.7521
331.7082
331.7405
331.7134
331.67
331.6931
331.7153
331.7387
331.695
331.3904
331.234
331.391
331.2333
331.5083
331.5849
331.587
331.5062
331.3892
331.2295
331.232
331.3869
331.5931
331.671
331.5491
331.6255
331.5936
331.6705
331.5487
331.471
331.2974
331.428
331.2572
331.4715
331.2968
331.4275
331.5921
331.6676
331.6245
331.5455
331.6695
331.5901
331.5476
331.4698
331.2931
331.2559
331.424
331.2955
331.4676
331.4262
331.4777
331.5741
331.485
331.5669
331.329
331.1299
331.1571
331.3021
331.4635
331.5261
331.5528
331.4367
331.4222
331.2405
331.3818
331.1893
331.4294
331.2329
331.3747
331.5585
331.6532
331.5171
331.5978
331.5655
331.6463
331.5102
331.4083
331.1918
331.175
331.3346
331.2185
331.382
331.3608
331.5448
331.6067
331.5843
331.4705
331.6328
331.5187
331.4965
331.6646
331.6793
331.6718
331.6721
331.6354
331.5794
331.6061
331.6087
331.6505
331.6314
331.6581
331.6239
331.7273
331.7053
331.6861
331.6502
331.7342
331.6985
331.6793
331.7423
331.7566
331.7014
331.7023
331.7492
331.7498
331.6946
331.7139
331.659
331.6368
331.64
331.685
331.6879
331.6659
331.7288
331.7103
331.6888
331.6552
331.7363
331.7029
331.6811
331.6781
331.6854
331.6853
331.6781
331.6633
331.635
331.6617
331.6366
331.664
331.6372
331.664
331.6372
331.7552
331.7603
331.715
331.7062
331.7621
331.7535
331.7082
331.756
331.7631
331.716
331.7095
331.7629
331.7562
331.7091
331.7416
331.7139
331.6927
331.6686
331.7399
331.7156
331.6946
331.7424
331.7165
331.6959
331.6695
331.7426
331.7163
331.6955
331.6753
331.6802
331.6826
331.6729
331.6626
331.6367
331.6635
331.6357
331.6611
331.6318
331.6587
331.6342
331.7553
331.7629
331.7159
331.7094
331.7623
331.756
331.709
331.7542
331.7591
331.7149
331.7061
331.7611
331.7522
331.708
331.7417
331.7162
331.6958
331.6691
331.7423
331.7155
331.6953
331.7405
331.7123
331.6924
331.6681
331.7385
331.7143
331.6943
331.6471
331.6281
331.6544
331.6208
331.647
331.6276
331.6546
331.62
331.6329
331.5793
331.6065
331.6058
331.7416
331.7555
331.7027
331.7026
331.7485
331.7485
331.6958
331.7282
331.7098
331.6895
331.6574
331.7352
331.7028
331.6825
331.7279
331.7086
331.6888
331.6557
331.7348
331.7015
331.682
331.7145
331.6625
331.6435
331.6423
331.689
331.688
331.6688
331.3749
331.2251
331.3827
331.2169
331.4801
331.5319
331.5592
331.4526
331.36
331.1735
331.2016
331.3322
331.579
331.664
331.5417
331.6117
331.5863
331.6569
331.5343
331.4561
331.2888
331.4199
331.2409
331.4636
331.2808
331.4123
331.5649
331.6163
331.5977
331.4931
331.6429
331.5379
331.5201
331.4416
331.238
331.2257
331.3703
331.2658
331.4143
331.3977
331.3076
331.4778
331.3885
331.3965
331.0524
330.7484
330.8876
330.8967
331.1845
331.1088
331.2725
331.0222
331.255
331.1442
331.2873
331.0229
331.3346
331.0662
331.2079
331.391
331.5593
331.4232
331.4307
331.4713
331.4787
331.3432
331.1303
330.8156
330.9093
330.9173
330.9523
330.9611
331.0837
331.2643
331.1696
331.3036
331.04
331.3512
331.0845
331.2169
331.4941
331.5831
331.5755
331.5016
331.3547
331.1614
331.3254
331.1908
331.3699
331.2139
331.3775
331.2062
331.5598
331.6116
331.5926
331.483
331.6405
331.5309
331.5121
331.5748
331.6629
331.6078
331.535
331.6555
331.5822
331.5273
331.4321
331.2216
331.3558
331.2062
331.4032
331.2506
331.3849
331.4472
331.2736
331.4079
331.2217
331.4548
331.266
331.4002
331.5072
331.5887
331.5888
331.5071
331.3826
331.2176
331.3811
331.2191
331.3831
331.2192
331.3828
331.2195
331.5875
331.6665
331.6211
331.5387
331.6682
331.5858
331.5406
331.5881
331.669
331.622
331.5415
331.6689
331.5881
331.5413
331.46
331.2773
331.4117
331.2354
331.4584
331.279
331.4134
331.4606
331.2793
331.4143
331.2361
331.4605
331.2795
331.4142
331.5036
331.5831
331.5856
331.5009
331.3808
331.2183
331.3821
331.2169
331.3789
331.2116
331.376
331.2147
331.5868
331.6686
331.6214
331.5412
331.6679
331.5877
331.5405
331.5854
331.6645
331.6203
331.5371
331.6666
331.5831
331.5393
331.4589
331.2786
331.4138
331.2344
331.4599
331.2773
331.413
331.4573
331.2725
331.409
331.2326
331.4547
331.2754
331.4115
331.474
331.5301
331.5568
331.4472
331.363
331.2065
331.3712
331.1979
331.3482
331.1552
331.3211
331.1826
331.5718
331.6606
331.6076
331.5332
331.6535
331.5791
331.526
331.5579
331.6141
331.5941
331.4864
331.6399
331.5319
331.5122
331.4427
331.2677
331.4048
331.2171
331.4504
331.2595
331.3973
331.4284
331.2178
331.357
331.2024
331.4021
331.2447
331.3831
331.2001
331.1238
331.2827
331.0421
331.1944
331.1073
331.2734
331.0294
331.0754
330.7785
330.9227
330.9161
331.4069
331.5677
331.4443
331.4401
331.4893
331.4854
331.3621
331.2835
331.1888
331.3213
331.0675
331.3655
331.1081
331.2394
331.2774
331.1707
331.3105
331.0523
331.3554
331.0939
331.2328
331.1555
330.8476
330.9495
330.9411
330.9899
330.9821
331.1116
330.8915
331.1269
331.0394
330.8741
331.1082
331.0292
331.2472
331.2385
331.1588
331.0761
331.2338
331.2257
331.3008
331.411
331.3307
331.3545
331.4269
331.3465
331.0913
331.241
331.2408
331.3587
331.4413
331.3608
331.3621
331.4424
331.3617
331.088
331.2357
331.2383
331.3618
331.4421
331.3611
331.3575
331.4409
331.3598
331.0573
331.1824
331.209
331.3534
331.4275
331.3459
331.3055
331.4136
331.3317
330.7947
330.8021
330.942
331.2583
331.2626
331.1804
330.92
331.1461
331.0641
331.2865
331.4017
331.3128
331.0414
331.204
331.1967
331.4155
331.3339
331.3268
331.4752
331.5098
331.5016
331.4695
331.5066
331.4996
331.5238
331.5226
331.5156
331.491
331.5181
331.5176
331.5282
331.5377
331.5305
331.5323
331.5389
331.5317
331.4898
331.5146
331.5166
331.5323
331.5391
331.5319
331.5289
331.5381
331.5308
331.4629
331.4642
331.4899
331.525
331.5253
331.518
331.4786
331.5116
331.5043
331.196
331.0801
331.2239
331.4319
331.3623
331.3546
331.0956
331.2469
331.2389
331.3378
331.4283
331.3397
331.0565
331.2116
331.2111
331.4293
331.3412
331.3408
331.5265
331.5368
331.5284
331.4831
331.5137
331.5133
331.5378
331.5299
331.5294
331.5429
331.5455
331.5449
331.5423
331.5451
331.5447
331.5466
331.5465
331.546
331.5421
331.5422
331.5442
331.5467
331.5468
331.5463
331.5433
331.5457
331.5453
331.5156
331.4921
331.5177
331.5395
331.5329
331.5325
331.4932
331.5193
331.5188
331.2513
331.1112
331.2537
331.4468
331.3704
331.3699
331.1126
331.2555
331.255
331.3412
331.4292
331.3407
331.0552
331.2079
331.21
331.4282
331.3377
331.3397
331.5298
331.5378
331.5294
331.4821
331.5103
331.5122
331.5367
331.5264
331.5283
331.5464
331.5466
331.546
331.5412
331.5415
331.5436
331.5455
331.5428
331.5449
331.5457
331.5433
331.5452
331.5455
331.5431
331.5451
331.5422
331.542
331.5441
331.5193
331.4932
331.5188
331.5384
331.5292
331.5313
331.492
331.5155
331.5176
331.2555
331.1125
331.2549
331.4456
331.3664
331.3686
331.111
331.2511
331.2536
331.3338
331.4154
331.3266
331.0266
331.1557
331.1823
331.4014
331.2861
331.3126
331.5225
331.5237
331.5154
331.4554
331.459
331.4855
331.5096
331.4749
331.5014
331.5388
331.5321
331.5316
331.514
331.4896
331.5162
331.5179
331.4907
331.5174
331.538
331.5287
331.5307
331.5179
331.4906
331.5175
331.5144
331.4895
331.5164
331.5115
331.4784
331.5041
331.5106
331.4764
331.5035
331.464
331.4626
331.4897
331.2466
331.0953
331.2387
331.4172
331.312
331.3396
331.0797
331.1956
331.2235
331.238
331.2464
331.1581
330.7601
330.7672
330.9101
331.1258
330.8899
331.0382
331.4264
331.3538
331.3458
331.1791
331.0587
331.2088
331.2327
331.0746
331.2247
331.4419
331.3614
331.3611
331.2368
331.089
331.2389
331.24
331.0898
331.2398
331.4405
331.3569
331.3591
331.2396
331.0884
331.2388
331.2347
331.0866
331.2372
331.4132
331.3048
331.3311
331.2303
331.0708
331.2225
331.1814
331.0558
331.208
331.1455
330.9191
331.0632
331.1341
330.9042
331.0564
330.8009
330.7932
330.9408
)
;

boundaryField
{
    solid_to_air
    {
        type            compressible::turbulentTemperatureRadCoupledMixed;
        refValue        nonuniform List<scalar> 
1536
(
302.3842
302.8924
302.9452
302.9492
302.926
302.8537
302.2114
302.8971
303.0194
303.0433
303.0162
302.8778
302.2595
302.9904
303.1286
303.1598
303.1332
302.9823
302.2723
303.0091
303.1506
303.1836
303.1572
303.004
302.2515
302.9811
303.118
303.1483
303.1215
302.9722
302.1987
302.8491
302.965
302.9863
302.9591
302.8272
304.3299
304.5164
301.5496
301.9979
301.7747
302.0605
301.8509
302.1125
301.8798
302.1263
301.8699
302.0946
301.7981
304.8126
301.8715
301.3323
302.7478
302.9394
303.0088
303.0048
302.876
302.2085
301.9035
301.3658
302.8502
303.0722
303.1541
303.151
303.0059
302.2881
301.9115
301.3728
302.8697
303.0993
303.1849
303.183
303.0351
302.3105
301.8982
301.3573
302.833
303.052
303.1333
303.1298
302.9874
302.2773
301.8638
301.3086
302.6867
302.8676
302.9336
302.9315
302.812
302.1961
304.3235
302.0077
302.0723
302.1259
302.1404
302.1078
305.0991
302.1695
302.1001
302.0948
302.1044
302.1259
302.1294
302.1299
302.1249
302.0972
302.0828
305.3164
305.2014
301.7516
302.8686
302.1979
302.764
302.9379
302.8416
302.9424
302.9514
302.956
302.9771
302.9351
302.9768
302.9624
302.8796
302.9496
302.8732
302.7428
302.8182
302.7996
305.8519
302.4072
301.7616
301.7871
302.8137
302.2509
302.8869
303.0044
302.9774
303.0963
303.043
303.1136
303.1426
303.0291
303.1436
303.1306
302.9358
303.1169
303.0304
302.829
302.9677
302.8839
302.415
302.4636
301.7937
301.8013
302.8995
302.2722
302.9168
303.1108
303.0086
303.1317
303.1584
303.1499
303.1814
303.1468
303.1829
303.1705
303.0455
303.1565
303.0677
302.8929
303.0033
302.9069
302.4761
302.4934
301.8014
301.7945
302.9172
302.26
302.9019
303.1321
302.993
303.114
303.1819
303.1317
303.1619
303.1709
303.163
303.1503
303.0681
303.1364
303.0489
302.9072
302.9854
302.8955
302.4942
302.4802
301.7884
301.7634
302.8902
302.2122
302.8194
303.1005
302.9035
303.0119
303.147
303.0269
303.051
303.1351
303.0512
303.0372
303.0348
303.024
302.9436
302.8871
302.8854
302.8346
302.4691
302.4238
301.7537
305.1859
302.7708
302.3834
302.8755
305.0932
302.1863
302.9511
302.9001
302.9469
302.1166
302.1121
302.9864
302.9546
302.9612
302.1221
302.1448
302.9718
302.9591
302.9449
302.1485
302.1494
302.8823
302.9358
302.8888
302.1444
302.116
302.8058
302.8625
302.7483
302.4173
302.101
305.8447
305.3178
302.0145
301.738
301.8621
301.306
302.5874
302.042
301.834
302.6774
302.8256
302.1027
301.8766
302.8555
302.9116
302.1273
301.8799
302.9201
302.9287
302.1062
301.8343
302.9175
302.8559
304.5738
301.87
302.7987
302.1879
302.0614
302.6511
301.8972
301.356
302.7223
302.9069
302.8283
303.0087
302.9998
303.0456
303.1154
303.0173
303.1259
303.1357
302.9376
303.1221
303.0469
302.1219
302.9801
302.2726
302.1963
302.7415
301.9113
301.3724
302.7581
303.0345
302.8689
303.0595
303.1433
303.0983
303.1724
303.1645
303.1838
303.1951
303.0743
303.1817
303.1034
302.2178
303.0337
302.3099
302.2384
302.7588
301.9042
301.3663
302.7439
303.0605
302.853
303.0383
303.1734
303.0763
303.1479
303.1962
303.1589
303.1694
303.1047
303.156
303.0791
302.2397
303.0106
302.2917
302.2218
302.7263
301.873
301.3337
302.657
303.0146
302.7548
302.9158
303.1225
302.9488
303.01
303.1433
303.0193
303.0283
303.0544
303.0159
302.9485
302.2029
302.8866
302.2158
302.1311
302.5955
304.5027
301.5499
302.024
301.7448
302.8371
301.7824
302.0532
301.8428
302.9248
301.8601
302.1158
301.8865
302.9425
301.8899
302.1414
301.8903
302.8695
301.8803
302.1199
301.8445
302.0732
301.8079
304.8045
304.5749
301.8769
302.4919
302.7566
302.2894
304.4358
304.4891
302.9087
302.2963
302.731
302.9112
302.6982
302.3613
302.3628
302.783
302.9491
302.7766
302.3793
302.3791
302.7843
302.946
302.7872
302.3707
302.3666
302.746
302.9146
302.7606
302.3479
302.3396
302.5998
302.8255
302.6568
302.3047
302.3154
304.6934
302.6743
302.5202
302.4987
302.2266
301.9785
301.9887
302.9853
302.9473
302.933
303.0738
303.0307
303.0616
303.0867
303.0417
303.0881
303.0427
302.9985
303.061
302.8215
302.7847
302.9178
302.3182
302.3292
302.5678
302.5608
302.266
302.013
302.0172
303.0551
303.0456
302.9995
303.1534
303.1424
303.1393
303.1706
303.159
303.1714
303.1255
303.1141
303.1448
302.8912
302.8815
302.9927
302.3526
302.3571
302.5731
302.5751
302.2703
302.0216
302.0204
303.0628
303.0652
303.0067
303.1621
303.165
303.1478
303.1799
303.183
303.1806
303.1347
303.1378
303.1541
302.8992
302.9019
303.0012
302.3621
302.3611
302.5399
302.5525
302.2405
302.0072
302
303.0174
303.036
302.9635
303.1103
303.1315
303.0973
303.1249
303.1474
303.1261
303.0805
303.1026
303.0992
302.8538
302.8724
302.9523
302.3501
302.3428
302.4503
302.4741
302.2069
301.9704
302.0026
302.8071
302.8974
302.7647
302.8752
302.9754
302.8663
302.8811
302.9844
302.8834
302.84
302.942
302.8562
302.6565
302.7389
302.7346
302.3175
302.3538
304.4312
302.9184
302.3745
302.3763
302.3926
302.3925
302.3841
302.38
302.3611
302.3527
302.3168
302.3267
302.5019
301.7917
302.5827
301.4874
302.1864
302.8352
301.7967
302.0064
302.784
302.9388
301.8619
302.0769
302.919
302.9782
301.8823
302.12
302.9716
302.9644
301.8628
302.1231
302.9726
302.836
301.7999
302.1155
302.8832
302.4099
302.3929
301.3392
301.8809
302.8596
302.82
302.783
303.0144
302.9658
302.9861
303.0682
303.0164
303.0603
303.0424
302.9918
303.0563
302.8497
302.8075
302.9217
302.4502
302.4455
301.3686
301.9074
302.9421
302.9315
302.8598
303.1162
303.1024
303.0856
303.1777
303.1626
303.1689
303.152
303.1362
303.1668
302.9426
302.9291
303.0204
302.4541
302.4549
301.372
301.9104
302.9509
302.9531
302.8678
303.1276
303.1306
303.0966
303.1904
303.1939
303.1815
303.1647
303.1681
303.1796
302.9538
302.9567
303.032
302.4267
302.4349
301.3525
301.8916
302.8953
302.9145
302.816
303.0583
303.0826
303.0287
303.1156
303.1419
303.1072
303.089
303.1151
303.1033
302.8898
302.9116
302.9639
302.3486
302.3565
301.343
301.8958
302.695
302.7551
302.6351
302.8178
302.8925
302.7956
302.8618
302.9409
302.855
302.8428
302.9197
302.8531
302.6906
302.7475
302.7446
302.383
302.495
305.0693
303.1343
303.1989
302.2421
302.4116
302.4861
302.3785
302.3724
302.1699
302.0832
302.1507
302.1585
302.0866
302.1523
302.3749
302.3774
302.1653
302.113
302.1713
302.1813
302.1202
302.1768
302.3557
302.3614
302.1836
302.1316
302.1847
302.181
302.1315
302.1836
302.3175
302.329
302.1749
302.1187
302.1676
302.1439
302.1085
302.1564
304.5031
302.53
302.128
302.1076
302.1489
305.2846
302.4768
302.5042
301.9689
302.0017
305.1981
302.2323
302.2416
301.7637
301.7973
301.8091
302.5826
302.8361
302.6504
302.4464
302.2064
302.4705
302.5872
302.6897
302.6421
302.7525
302.9264
302.7677
302.798
302.7562
302.8893
302.8252
302.8445
302.9204
302.7869
302.9511
302.7888
302.8648
302.8561
302.9662
302.8705
302.8736
302.9731
302.7792
302.9414
302.7719
302.8704
302.8728
302.9749
302.8655
302.8579
302.9702
302.7257
302.8994
302.6981
302.8295
302.8457
302.9326
302.8066
302.7746
302.9081
302.5737
302.8188
302.7786
302.6469
302.7247
302.7302
302.5815
302.7674
302.6435
302.3118
302.3481
305.6987
303.1894
303.1394
302.4337
302.5132
302.5194
302.0063
301.9989
301.7744
301.7706
301.7841
301.8017
301.7807
301.7947
302.7105
302.6829
302.8461
302.5377
302.2398
302.5507
302.7314
302.8699
302.7466
303.0203
302.9805
303.0456
303.0126
302.959
303.032
303.0489
303.0753
303.0692
303.0821
303.0383
303.0874
303.1049
303.092
303.127
303.1139
303.1197
303.1366
303.082
303.037
303.0742
303.1194
303.1205
303.1428
303.115
303.1072
303.1386
303.0159
302.9726
302.9778
303.0749
303.0936
303.098
303.0476
303.0085
303.0703
302.7209
302.689
302.8526
302.8486
302.9469
302.868
302.7447
302.8704
302.762
302.347
302.3389
302.4389
302.4314
302.4507
302.4745
302.4495
302.4643
302.0214
302.0201
301.8086
301.7974
301.8126
301.8168
301.8001
301.8156
302.7658
302.758
302.9081
302.5725
302.2701
302.5749
302.7711
302.9139
302.7738
303.0931
303.0831
303.1212
303.0615
303.0055
303.0647
303.0999
303.1282
303.1033
303.1632
303.1521
303.1698
303.1606
303.1464
303.1644
303.1709
303.1776
303.1748
303.1663
303.1547
303.1585
303.1784
303.1791
303.1824
303.1744
303.1665
303.1784
303.097
303.0858
303.0564
303.1332
303.1526
303.1372
303.1048
303.0639
303.1087
302.7825
302.7739
302.8997
302.8979
302.9998
302.9013
302.7885
302.9044
302.7916
302.3618
302.3601
302.4835
302.4845
302.4895
302.4962
302.4905
302.4939
302.0136
302.0177
301.817
301.8005
301.8159
301.8095
301.798
301.8133
302.772
302.7741
302.9149
302.5688
302.2663
302.5621
302.7673
302.9099
302.76
303.1011
303.1037
303.1294
303.0572
303.0014
303.0484
303.0954
303.1235
303.0863
303.1721
303.1752
303.1789
303.1557
303.1416
303.1456
303.1658
303.1724
303.1555
303.1756
303.1788
303.1678
303.173
303.1738
303.1623
303.1689
303.1611
303.1582
303.106
303.1091
303.0651
303.1279
303.1472
303.1173
303.0996
303.0589
303.0893
302.7897
302.792
302.9054
302.8936
302.9951
302.8847
302.7848
302.9015
302.7769
302.3551
302.3588
302.4967
302.4922
302.4954
302.4871
302.4875
302.4921
301.9798
301.9899
301.8029
301.7821
301.7961
301.7763
301.7723
301.7858
302.7348
302.7493
302.8739
302.5229
302.2273
302.5018
302.7145
302.8509
302.6876
303.0538
303.0732
303.0804
302.9911
302.9384
302.9541
303.0264
303.052
302.9878
303.1193
303.141
303.1251
303.0803
303.068
303.0384
303.0889
303.0942
303.0463
303.1204
303.143
303.1126
303.0934
303.0948
303.0496
303.089
303.0811
303.0451
303.053
303.0747
303.0138
303.0494
303.0677
303.0063
303.0227
302.9845
302.9805
302.7495
302.766
302.8744
302.828
302.9243
302.7921
302.7268
302.8574
302.6959
302.3234
302.3337
302.4793
302.4561
302.47
302.4467
302.4392
302.4576
304.4764
302.2947
301.7658
301.7988
301.8105
305.1821
302.2302
302.2393
302.5934
302.6477
302.6973
302.4956
302.2892
302.7596
302.5889
302.6582
302.8417
302.3957
302.5071
305.0616
303.1484
303.2131
302.2601
302.4287
302.5041
302.8347
302.9288
302.8543
302.7404
302.707
302.9194
302.7624
302.7779
302.935
302.3918
302.3862
302.1876
302.0998
302.1684
302.1767
302.1035
302.1703
302.8809
302.9824
302.8841
302.7937
302.7871
302.9586
302.7978
302.7998
302.9608
302.3883
302.3907
302.1839
302.1312
302.1902
302.201
302.1387
302.1962
302.8761
302.9796
302.8684
302.7954
302.7982
302.9559
302.7903
302.7829
302.9513
302.369
302.3748
302.2034
302.1509
302.2047
302.2009
302.1509
302.2036
302.8169
302.9173
302.7847
302.7569
302.7715
302.9242
302.7364
302.7086
302.9088
302.3301
302.3418
302.1947
302.1381
302.1873
302.1629
302.1277
302.1758
302.59
302.6514
302.7741
302.6095
302.667
302.8337
302.5821
302.7849
302.8257
304.6839
304.5021
302.6778
302.5386
302.4427
302.5237
302.5285
302.1464
302.1245
302.166
305.6881
305.284
303.198
302.4898
303.1457
302.5169
302.6054
301.7469
302.1329
302.7142
302.3452
301.3408
301.8944
302.3533
302.4303
302.544
302.4557
302.8682
301.8189
302.0237
302.8953
302.6842
302.6254
302.7448
302.7245
302.7558
302.7898
302.9524
301.8706
302.0909
302.9642
302.8048
302.783
302.88
302.8206
302.8333
302.8975
302.9801
301.8815
302.1248
302.9805
302.8476
302.841
302.9272
302.8492
302.849
302.929
302.9482
301.8486
302.1157
302.9271
302.8283
302.8386
302.9058
302.8085
302.7837
302.884
302.924
301.9029
302.3738
302.1398
302.6344
302.6774
302.7308
302.7347
302.8013
302.0505
302.2382
302.8507
302.5348
302.5107
302.6822
302.4251
301.3513
301.8905
302.4334
302.5558
302.7068
302.5676
302.9106
302.8685
302.9518
302.8894
302.8106
302.9092
302.9428
302.9855
302.9642
303.0344
302.9846
303.0507
303.0508
303.0214
303.0759
303.072
303.0889
303.0977
303.0701
303.0181
303.0692
303.1073
303.099
303.1344
303.1091
303.1083
303.1365
303.0175
302.968
302.9855
303.0804
303.0947
303.1074
303.0543
303.0213
303.0808
302.9503
302.9124
302.152
302.2325
302.8819
302.9557
302.9046
302.9784
302.1793
302.2546
302.9991
302.5909
302.5842
302.7502
302.4537
301.3718
301.9101
302.4546
302.5958
302.756
302.5974
303.0006
302.9887
303.0476
302.9493
302.8664
302.9522
303.0086
303.0561
303.0118
303.1394
303.1252
303.1579
303.1255
303.0946
303.1296
303.1492
303.168
303.1534
303.1802
303.165
303.1799
303.1881
303.1792
303.1928
303.1907
303.1904
303.1954
303.1245
303.1089
303.0894
303.1623
303.1772
303.1667
303.1345
303.0992
303.1388
303.0332
303.0207
302.2278
302.2989
302.9516
303.0298
302.9554
303.0413
302.2355
302.3062
303.0448
302.5968
302.5979
302.7573
302.4508
301.3691
301.9079
302.4462
302.5923
302.752
302.5859
303.0104
303.0127
303.058
302.9445
302.8619
302.9348
303.0034
303.0504
302.9924
303.1513
303.1544
303.1701
303.1193
303.0886
303.1067
303.1426
303.1612
303.1297
303.193
303.1965
303.1927
303.1812
303.1724
303.1675
303.1838
303.1836
303.17
303.1368
303.1401
303.1015
303.1558
303.1706
303.1411
303.1283
303.0932
303.1137
303.0432
303.0459
302.2375
302.3078
302.9462
303.0241
302.9336
303.0364
302.2311
302.3015
303.0247
302.5592
302.5707
302.7114
302.4118
301.3408
301.8823
302.395
302.5388
302.6875
302.5151
302.9493
302.9699
302.9923
302.8666
302.7893
302.8277
302.9182
302.9597
302.8769
303.0797
303.1047
303.0968
303.0232
302.9946
302.9755
303.0435
303.0599
302.9947
303.1176
303.1441
303.1167
303.078
303.0699
303.027
303.08
303.0792
303.029
303.0628
303.0884
303.0297
303.0524
303.0663
303.0029
303.0275
302.9953
302.979
302.9854
303.0053
302.1865
302.2602
302.8589
302.9313
302.8177
302.9585
302.1605
302.2391
302.9215
302.4367
302.462
302.5524
302.5051
301.4898
302.1854
301.7953
302.5906
302.612
302.7226
301.7527
302.1423
302.736
302.8008
302.7677
302.846
302.7939
301.8048
302.0166
302.8798
302.9073
301.8275
302.0344
302.8341
302.9104
302.847
302.9519
302.9317
301.8714
302.0892
302.966
302.9779
301.8804
302.1036
302.8636
302.9428
302.8634
302.9925
302.9857
301.8926
302.1338
302.9946
302.995
301.8919
302.1387
302.8228
302.8978
302.7978
302.9789
302.9871
301.8731
302.1372
302.9627
302.9413
301.8589
302.1297
302.8129
302.8618
302.0625
302.2465
302.8493
302.897
301.8091
302.1279
302.9356
302.1522
302.641
301.9111
302.3841
)
;
        refGradient     nonuniform List<scalar> 
1536
(
-0.2473617
-0.2577587
-0.2592191
-0.2598479
-0.2605224
-0.2597321
-0.2554849
-0.2700813
-0.2715948
-0.2723267
-0.2731523
-0.2725432
-0.2563132
-0.2709102
-0.2724554
-0.273225
-0.2740913
-0.2735394
-0.2563433
-0.2709559
-0.2725186
-0.2733088
-0.2741987
-0.273678
-0.2563232
-0.270965
-0.2725294
-0.273324
-0.2742239
-0.2737124
-0.2546855
-0.2693421
-0.2708933
-0.2716709
-0.2725543
-0.2720166
-0.2717466
-0.2435397
-1.657758
-0.2971322
-1.673461
-0.2979766
-1.674636
-0.2980058
-1.674683
-0.2980708
-1.67446
-0.2966685
-1.672458
-0.3176025
-0.2607642
-1.663959
-1.685965
-1.687156
-1.687238
-1.687079
-1.685156
-0.3453063
-0.2613323
-1.665032
-1.686996
-1.688206
-1.688301
-1.688149
-1.68624
-0.3470506
-0.26126
-1.665113
-1.687066
-1.68828
-1.688379
-1.688227
-1.686321
-0.3476781
-0.2612894
-1.664943
-1.686912
-1.688117
-1.688211
-1.688057
-1.686148
-0.347908
-0.2598657
-1.662963
-1.684951
-1.686134
-1.68621
-1.686045
-1.684115
-0.3461278
-0.2804999
-0.3058143
-0.3066565
-0.3066829
-0.3067447
-0.3053372
-0.2613534
-0.2833523
-0.2843105
-0.2851528
-0.285194
-0.2852294
-0.2852422
-0.285293
-0.285285
-0.2846474
-0.2838385
-0.2797841
-0.2377684
-0.2472369
-0.2566403
-0.2545972
-0.2680201
-0.2590384
-0.2691711
-0.2704808
-0.2596857
-0.2706755
-0.2712053
-0.2603677
-0.271394
-0.2720091
-0.2603758
-0.2722024
-0.2721859
-0.2541903
-0.2715717
-0.263218
-0.2988042
-0.3160983
-0.2480624
-0.2487051
-0.2689269
-0.2562732
-0.2697121
-0.2713974
-0.2708702
-0.2722044
-0.2721344
-0.2724089
-0.272971
-0.2729543
-0.273171
-0.2738229
-0.273152
-0.2740294
-0.2740605
-0.2642255
-0.2734664
-0.2652754
-0.317244
-0.3186712
-0.2487139
-0.2486794
-0.2697516
-0.2563377
-0.2697845
-0.272249
-0.2709452
-0.2722947
-0.2730231
-0.2725051
-0.2730854
-0.2738827
-0.2732916
-0.2739633
-0.2741298
-0.2741768
-0.2742328
-0.265381
-0.2736502
-0.2655556
-0.3188914
-0.3193422
-0.2486764
-0.2486935
-0.2697946
-0.2563523
-0.2698212
-0.2723075
-0.2709843
-0.2723377
-0.2731016
-0.2725495
-0.2731358
-0.2739839
-0.2733446
-0.2740259
-0.274259
-0.2742433
-0.2743114
-0.2655951
-0.2737319
-0.2656546
-0.31945
-0.3196397
-0.2486788
-0.2480175
-0.2698013
-0.2555651
-0.2690713
-0.2723179
-0.2702349
-0.2715814
-0.2731151
-0.2717902
-0.2723681
-0.274006
-0.2725748
-0.2732512
-0.2742926
-0.2734674
-0.2735281
-0.2656251
-0.2729416
-0.2647916
-0.319628
-0.3187975
-0.2471842
-0.2403399
-0.2681809
-0.2475683
-0.2569835
-0.2699583
-0.2902326
-0.2706859
-0.2581202
-0.2594601
-0.2911885
-0.2920214
-0.2714661
-0.2596632
-0.2602042
-0.2920592
-0.2920831
-0.2723406
-0.2603941
-0.2610063
-0.2920919
-0.292129
-0.272606
-0.2611953
-0.2611618
-0.2921161
-0.2914615
-0.2638507
-0.2605593
-0.2551218
-0.317838
-0.2906462
-0.3024327
-0.2823687
-0.2961781
-1.67237
-0.2599643
-1.662975
-1.683842
-0.2979446
-1.67455
-1.684961
-1.686054
-0.2979936
-1.674695
-1.686143
-1.686222
-0.2980705
-1.674561
-1.686219
-1.68614
-0.2974664
-1.673438
-1.686054
-1.685101
-0.287782
-1.671422
-1.684124
-0.3441253
-1.684194
-1.684841
-0.2613405
-1.664946
-1.685789
-1.687064
-1.686914
-1.688025
-1.687239
-1.68812
-1.688212
-1.687163
-1.688213
-1.688143
-1.686132
-1.68806
-1.68712
-1.685234
-1.68615
-0.3468088
-1.686295
-1.685871
-0.2612657
-1.665113
-1.685941
-1.68811
-1.687066
-1.688183
-1.6883
-1.68828
-1.688377
-1.688231
-1.688379
-1.68831
-1.687209
-1.688227
-1.687288
-1.686395
-1.686321
-0.3475543
-1.686493
-1.68594
-0.2612924
-1.665029
-1.685869
-1.688183
-1.686994
-1.688108
-1.688377
-1.688204
-1.688298
-1.688309
-1.688299
-1.68823
-1.687288
-1.688147
-1.687207
-1.686493
-1.686238
-0.3479102
-1.686391
-1.685787
-0.2606784
-1.66395
-1.684834
-1.688022
-1.685958
-1.687058
-1.68821
-1.687149
-1.687233
-1.688141
-1.687232
-1.687157
-1.687117
-1.687073
-1.686125
-1.686289
-1.685149
-0.3470934
-1.685222
-1.683832
-0.2451347
-1.659323
-0.3048603
-1.674828
-1.686045
-1.675919
-0.3066252
-1.677009
-1.686213
-1.677094
-0.3066715
-1.677154
-1.686131
-1.677142
-0.3067453
-1.677021
-1.685092
-1.67692
-0.3061369
-1.675898
-1.684179
-1.674918
-0.3219216
-0.2935749
-1.672989
-0.2578779
-0.2518465
-0.2506641
-0.2599398
-0.2338518
-0.2638748
-0.2384029
-0.2650486
-0.2584101
-0.2643924
-0.2690467
-0.269591
-0.2660402
-0.2593764
-0.265873
-0.2700671
-0.2701095
-0.2667358
-0.2600184
-0.2665499
-0.2702193
-0.2702631
-0.2674228
-0.2606275
-0.2672954
-0.2703658
-0.2703303
-0.2653228
-0.258487
-0.2665949
-0.2689924
-0.2676346
-0.2817725
-0.2821258
-0.2637025
-0.2632372
-0.2559501
-0.2434762
-0.243913
-0.2712173
-0.2707463
-0.2705503
-0.2722543
-0.2717732
-0.272073
-0.2730228
-0.2725299
-0.2728164
-0.2738108
-0.2733041
-0.2736552
-0.2717879
-0.2712601
-0.2730641
-0.2871349
-0.2877858
-0.2640813
-0.264065
-0.2563273
-0.2442104
-0.2442088
-0.2715992
-0.2715813
-0.2709269
-0.2726672
-0.272643
-0.2724779
-0.2734689
-0.273438
-0.2732541
-0.2742927
-0.2742545
-0.2741275
-0.2723317
-0.2722814
-0.2735853
-0.288602
-0.2887372
-0.2641147
-0.2641051
-0.2563502
-0.2441957
-0.2441988
-0.2716437
-0.2716307
-0.2709683
-0.2727261
-0.2727112
-0.2725329
-0.2735453
-0.2735275
-0.2733257
-0.2743904
-0.2743685
-0.2742194
-0.2724581
-0.272432
-0.2737032
-0.2890264
-0.2890927
-0.2640157
-0.2640979
-0.256236
-0.2441785
-0.2441003
-0.2715639
-0.2716409
-0.2708882
-0.272643
-0.2727226
-0.2724504
-0.2734637
-0.2735446
-0.2732432
-0.2743158
-0.2743968
-0.2741428
-0.2723786
-0.2724645
-0.2736293
-0.2891452
-0.2890499
-0.260898
-0.2624752
-0.2531652
-0.2425954
-0.2410978
-0.268379
-0.2700161
-0.2677072
-0.2694394
-0.2710822
-0.2692524
-0.270233
-0.2718874
-0.2700198
-0.2710505
-0.2727226
-0.2708871
-0.2690762
-0.2707561
-0.2703323
-0.2873402
-0.2857495
-0.2627284
-0.264634
-0.2700564
-0.2706414
-0.2712505
-0.271341
-0.2716087
-0.2717098
-0.2719997
-0.272032
-0.2709135
-0.2696502
-1.671893
-1.666447
-0.2890523
-1.658982
-0.2547036
-1.680451
-1.674065
-0.2976243
-1.679848
-1.681057
-1.674677
-0.2979845
-1.681015
-1.681055
-1.67466
-0.2980257
-1.681073
-1.680721
-1.674293
-0.2980231
-1.680876
-1.677445
-1.670976
-0.2953109
-1.678914
-1.678006
-1.677475
-1.664501
-0.261148
-1.687107
-1.686577
-1.686493
-1.687739
-1.687203
-1.68769
-1.687769
-1.687229
-1.687777
-1.68748
-1.686936
-1.687621
-1.684246
-1.683693
-1.685706
-1.678561
-1.678519
-1.665077
-0.2613066
-1.68765
-1.687611
-1.687035
-1.688298
-1.688257
-1.688247
-1.688337
-1.688294
-1.688344
-1.688051
-1.688008
-1.688192
-1.684837
-1.68479
-1.686285
-1.678583
-1.678593
-1.665101
-0.2612653
-1.687672
-1.687681
-1.687057
-1.688322
-1.688332
-1.68827
-1.688361
-1.688372
-1.688368
-1.688075
-1.688086
-1.688216
-1.684862
-1.684874
-1.68631
-1.678288
-1.678433
-1.664789
-0.2612408
-1.687386
-1.687526
-1.686772
-1.688024
-1.688168
-1.687974
-1.688057
-1.688203
-1.688065
-1.687769
-1.687916
-1.68791
-1.684541
-1.684695
-1.685998
-1.674846
-1.676476
-1.66137
-0.2583436
-1.683863
-1.685561
-1.683257
-1.684475
-1.68618
-1.684431
-1.684486
-1.686199
-1.684499
-1.684173
-1.6859
-1.684322
-1.68091
-1.682648
-1.682378
-0.2680343
-0.2663212
-0.2609517
-0.2767535
-0.2751753
-0.2816206
-0.2814955
-0.2797666
-0.2699994
-0.2698659
-0.282581
-0.2848109
-0.2830812
-0.2834193
-0.28505
-0.2833187
-0.2701807
-0.2701446
-0.2834571
-0.2852103
-0.28347
-0.283482
-0.2852195
-0.2834756
-0.2703484
-0.270308
-0.2834911
-0.28526
-0.2835052
-0.2835308
-0.2852787
-0.2835202
-0.2697875
-0.2701741
-0.2835191
-0.2852266
-0.2834566
-0.2828678
-0.2850503
-0.2832758
-0.2664164
-0.2660015
-0.2820535
-0.2826007
-0.2808187
-0.2784119
-0.2819475
-0.2803056
-0.2426185
-0.2410907
-0.2375374
-0.2430226
-0.2419143
-0.2460405
-0.2457505
-0.2445516
-0.2613341
-0.2547918
-0.2632596
-0.2607519
-0.2530687
-0.2623429
-0.2644059
-0.2663736
-0.2660356
-0.2654349
-0.2587937
-0.2656849
-0.2681773
-0.2675176
-0.2698343
-0.268566
-0.268819
-0.2702253
-0.2662043
-0.2595292
-0.2663737
-0.2691828
-0.2690108
-0.270851
-0.2693528
-0.2695288
-0.2710249
-0.2669278
-0.2601936
-0.2671201
-0.2699066
-0.2697126
-0.2715934
-0.2701079
-0.2703102
-0.2718005
-0.2674357
-0.2606154
-0.2672206
-0.270636
-0.2704967
-0.2723492
-0.2706617
-0.2704579
-0.2723826
-0.2630343
-0.2565374
-0.2587714
-0.2685519
-0.2698386
-0.2702834
-0.2661467
-0.2615238
-0.2678644
-0.2860363
-0.284302
-0.2967402
-0.3104117
-0.3025782
-0.3071094
-0.3142112
-0.3053242
-0.244189
-0.2441133
-0.2468735
-0.2484702
-0.2472883
-0.2475341
-0.2486475
-0.2474714
-0.2674029
-0.266937
-0.2693941
-0.2639261
-0.2561754
-0.2640242
-0.2676248
-0.2696158
-0.2677215
-0.2716127
-0.2711395
-0.2718731
-0.2714416
-0.2707731
-0.2715402
-0.271839
-0.2721018
-0.2719396
-0.2724342
-0.2719505
-0.2726211
-0.2724878
-0.2723042
-0.2725948
-0.2726703
-0.2728597
-0.2727795
-0.2732373
-0.2727413
-0.2734537
-0.2732664
-0.2730575
-0.2733822
-0.2734836
-0.2737026
-0.2736016
-0.2738537
-0.273343
-0.2736675
-0.2740654
-0.2739069
-0.2741905
-0.2741117
-0.2739293
-0.2742395
-0.2693881
-0.2688489
-0.2647912
-0.2720616
-0.2733309
-0.2722032
-0.2696736
-0.2651023
-0.2698256
-0.2884264
-0.288178
-0.3082314
-0.3179401
-0.3089064
-0.3096003
-0.318378
-0.3093248
-0.2441969
-0.2442023
-0.2475466
-0.2487026
-0.2475385
-0.2475191
-0.2486892
-0.2475274
-0.2677772
-0.2677612
-0.2697676
-0.2640898
-0.2563334
-0.2640968
-0.2677858
-0.2697764
-0.2677935
-0.2720017
-0.2719824
-0.27227
-0.2716098
-0.2709364
-0.2716194
-0.2720135
-0.2722831
-0.2720242
-0.2728554
-0.2728297
-0.2730506
-0.272683
-0.2724924
-0.2726969
-0.2728727
-0.2730693
-0.2728877
-0.273692
-0.2736594
-0.2739171
-0.2734905
-0.2732742
-0.2735092
-0.2737151
-0.2739418
-0.2737352
-0.2743462
-0.2743059
-0.2741726
-0.2743208
-0.2741539
-0.2743453
-0.2743763
-0.2742048
-0.2744025
-0.2699699
-0.2699126
-0.265453
-0.2723699
-0.2736202
-0.2724025
-0.2700138
-0.2655092
-0.2700507
-0.2889453
-0.2888498
-0.3098036
-0.3190669
-0.3099649
-0.3102182
-0.3192154
-0.3101014
-0.2442024
-0.2442032
-0.2475168
-0.2486804
-0.2475206
-0.2475311
-0.2486881
-0.2475274
-0.2678138
-0.2678028
-0.2698064
-0.2641227
-0.2563554
-0.2641227
-0.2678238
-0.2698175
-0.2678263
-0.2720495
-0.2720361
-0.2723213
-0.2716556
-0.27098
-0.27166
-0.2720616
-0.2723336
-0.2720659
-0.2729184
-0.2729029
-0.2731178
-0.2727389
-0.2725454
-0.272743
-0.2729315
-0.2731314
-0.2729358
-0.2737732
-0.2737546
-0.2740035
-0.27356
-0.2733399
-0.2735651
-0.2737887
-0.2740198
-0.2737943
-0.2744501
-0.2744271
-0.2742832
-0.2744084
-0.2742366
-0.2744159
-0.2744691
-0.2743029
-0.2744772
-0.2701105
-0.2700829
-0.2656273
-0.2724784
-0.2737234
-0.272486
-0.2701307
-0.2656494
-0.2701367
-0.2891645
-0.2891408
-0.3103181
-0.3195384
-0.3104004
-0.3104963
-0.3196037
-0.3104619
-0.2434574
-0.2438975
-0.2475141
-0.2486153
-0.2474469
-0.2468389
-0.248432
-0.2472591
-0.2677259
-0.2678047
-0.2697241
-0.2638073
-0.256021
-0.2633565
-0.2675213
-0.269521
-0.2670718
-0.2719688
-0.2720465
-0.2722396
-0.2713605
-0.2706852
-0.2709096
-0.2717648
-0.2720345
-0.2713128
-0.2728351
-0.2729152
-0.2730346
-0.2724361
-0.2722444
-0.2719807
-0.2726274
-0.2728261
-0.2721706
-0.2736929
-0.273774
-0.2739249
-0.2732538
-0.273034
-0.2727934
-0.2734826
-0.273714
-0.273021
-0.2743773
-0.2744584
-0.274211
-0.274104
-0.2739315
-0.2736386
-0.2741648
-0.2739973
-0.2736977
-0.2700208
-0.2701118
-0.2655263
-0.272159
-0.2734135
-0.2716833
-0.2697945
-0.2652876
-0.2693123
-0.2883003
-0.2888069
-0.3104858
-0.319539
-0.310399
-0.309668
-0.3193004
-0.3101648
-0.2355406
-0.2387233
-0.2459996
-0.2457355
-0.2445501
-0.2401166
-0.2434467
-0.2423532
-0.2645718
-0.2661854
-0.2665517
-0.2580556
-0.2507828
-0.2521402
-0.2615361
-0.263476
-0.2551156
-0.2690046
-0.26724
-0.2695475
-0.2853636
-0.279821
-0.2842281
-0.288548
-0.2825435
-0.2687802
-0.2704184
-0.2690465
-0.2652924
-0.2646222
-0.2587908
-0.2656934
-0.2659588
-0.2591944
-0.2711366
-0.2709588
-0.2851984
-0.2916861
-0.2857085
-0.2860676
-0.291922
-0.2859564
-0.2696253
-0.2712705
-0.2698182
-0.2663478
-0.2661633
-0.259844
-0.2665304
-0.2667193
-0.2600215
-0.2715151
-0.2714264
-0.2861168
-0.2920718
-0.2861416
-0.2861787
-0.2920772
-0.2861595
-0.2704544
-0.2721127
-0.2706781
-0.267124
-0.2669163
-0.2605939
-0.2673393
-0.2675562
-0.2607998
-0.2719172
-0.2718145
-0.2862014
-0.2921053
-0.2862294
-0.2862849
-0.2921194
-0.286259
-0.2711013
-0.2727787
-0.270924
-0.2679123
-0.2677575
-0.2613363
-0.2679542
-0.2677694
-0.2613619
-0.2716327
-0.2719462
-0.2862892
-0.2920524
-0.2862431
-0.2856889
-0.2918704
-0.2860793
-0.2667199
-0.268382
-0.2622227
-0.2659376
-0.2671754
-0.2593578
-0.2636961
-0.2595558
-0.2574545
-0.2841532
-0.2693308
-0.2838077
-0.2682387
-0.3087177
-0.3161593
-0.3071205
-0.2848926
-0.2891907
-0.283541
-0.3002489
-0.2812204
-0.3128019
-0.2866396
-0.3047613
-0.2818004
-1.676707
-1.670432
-0.2942787
-1.678746
-1.674819
-1.661356
-0.2584215
-1.676488
-1.680007
-1.682108
-1.681722
-1.680769
-1.674387
-0.2978533
-1.680929
-1.683827
-1.683221
-1.68557
-1.684147
-1.684308
-1.685892
-1.681077
-1.674694
-0.2979875
-1.681081
-1.684439
-1.684395
-1.686189
-1.684461
-1.684468
-1.686213
-1.681022
-1.674621
-0.298049
-1.680971
-1.68445
-1.684463
-1.686208
-1.684421
-1.684375
-1.686183
-1.680426
-1.673987
-0.2978574
-1.679892
-1.684137
-1.684285
-1.685909
-1.683848
-1.68332
-1.685625
-1.676215
-1.669602
-0.2931189
-1.679131
-0.3367325
-1.680876
-1.682342
-1.682658
-1.67968
-1.682433
-0.3420555
-1.681458
-1.683244
-1.682717
-1.685369
-1.678292
-1.664794
-0.2613032
-1.678436
-1.683527
-1.685651
-1.683667
-1.687432
-1.6869
-1.687597
-1.687389
-1.686775
-1.687529
-1.687716
-1.687883
-1.687857
-1.687765
-1.687228
-1.687777
-1.688027
-1.687977
-1.68817
-1.688055
-1.688068
-1.688199
-1.687745
-1.687204
-1.687705
-1.68806
-1.688068
-1.688205
-1.688037
-1.687997
-1.688183
-1.687199
-1.686654
-1.686679
-1.687772
-1.687914
-1.687918
-1.687491
-1.686973
-1.687638
-1.683054
-1.682493
-1.68581
-0.3460306
-1.684546
-1.686001
-1.684698
-1.68336
-1.686127
-0.3464939
-1.683518
-1.683789
-1.683749
-1.68591
-1.678584
-1.665103
-0.2612825
-1.678594
-1.683811
-1.685932
-1.68382
-1.687981
-1.687941
-1.688151
-1.687673
-1.687057
-1.687682
-1.688004
-1.688174
-1.688013
-1.688328
-1.688286
-1.688342
-1.688323
-1.688271
-1.688332
-1.688353
-1.688367
-1.688363
-1.688314
-1.688271
-1.688274
-1.688362
-1.688369
-1.688372
-1.688339
-1.6883
-1.688349
-1.687771
-1.687727
-1.687253
-1.688076
-1.688217
-1.688086
-1.687796
-1.687279
-1.687805
-1.683663
-1.683614
-1.686449
-0.3472448
-1.684864
-1.686311
-1.684874
-1.683692
-1.68648
-0.347411
-1.683703
-1.68381
-1.68382
-1.685931
-1.678559
-1.665075
-0.2612781
-1.678517
-1.683787
-1.685909
-1.683747
-1.688003
-1.688013
-1.688174
-1.687649
-1.687034
-1.687609
-1.687979
-1.688149
-1.687939
-1.688352
-1.688362
-1.688367
-1.688297
-1.688246
-1.688255
-1.688327
-1.688341
-1.688284
-1.688339
-1.688349
-1.688299
-1.688335
-1.688343
-1.688292
-1.688313
-1.688273
-1.688269
-1.687795
-1.687805
-1.687278
-1.68805
-1.688191
-1.688006
-1.687769
-1.687252
-1.687725
-1.68369
-1.683703
-1.686478
-0.3477819
-1.684835
-1.686284
-1.684787
-1.683661
-1.686446
-0.3478612
-1.68361
-1.683523
-1.683664
-1.685647
-1.678001
-1.664495
-0.2610741
-1.677468
-1.683239
-1.685364
-1.682709
-1.687713
-1.687854
-1.68788
-1.687102
-1.686489
-1.68657
-1.687427
-1.687593
-1.686894
-1.688051
-1.688196
-1.688064
-1.687734
-1.687686
-1.687197
-1.687761
-1.687773
-1.687222
-1.688034
-1.68818
-1.687994
-1.687764
-1.687773
-1.687222
-1.687741
-1.687701
-1.687198
-1.687488
-1.687636
-1.686969
-1.687475
-1.687617
-1.68693
-1.687194
-1.686674
-1.686647
-1.683354
-1.683513
-1.68612
-0.3478283
-1.68424
-1.685701
-1.683685
-1.683046
-1.6858
-0.3475946
-1.682484
-1.680041
-1.681712
-1.682143
-1.672319
-1.65928
-0.2549253
-1.668796
-0.2977803
-1.677188
-1.679233
-1.672881
-0.3029658
-1.684183
-1.685882
-1.684344
-1.680939
-1.680336
-1.676524
-0.306306
-1.681257
-1.681417
-1.676845
-0.3065344
-1.684497
-1.686203
-1.684504
-1.681545
-1.681503
-1.677135
-0.3066638
-1.681564
-1.681569
-1.677152
-0.306666
-1.684457
-1.686174
-1.684411
-1.681543
-1.681561
-1.677119
-0.3067021
-1.68151
-1.681459
-1.67708
-0.3067246
-1.683885
-1.685616
-1.683357
-1.68121
-1.681365
-1.676753
-0.306696
-1.680915
-1.680381
-1.676447
-0.3065292
-1.679706
-1.681446
-1.682446
-0.3443225
-1.677928
-1.679402
-1.673428
-0.3039742
-1.676642
-1.679429
-0.3396738
-1.671953
-0.3017494
)
;
        valueFraction   nonuniform List<scalar> 
1536
(
0.003159507
0.003021843
0.002996036
0.003002069
0.003030118
0.003101322
0.003108663
0.003209706
0.003182105
0.003188584
0.003220526
0.003318284
0.003064701
0.003151854
0.003121657
0.003125862
0.003157105
0.003258643
0.003054278
0.003139292
0.003108337
0.003111976
0.003143003
0.003245148
0.003067009
0.003155017
0.003125218
0.003129773
0.003161117
0.003261944
0.003122069
0.003231598
0.003204252
0.00321161
0.00324388
0.003339326
0.003625612
0.003586456
0.003305599
0.003498261
0.003190669
0.003466071
0.003161832
0.003466399
0.003164533
0.003488918
0.003188118
0.003551673
0.00325239
0.003587123
0.003526799
0.003270657
0.003436246
0.003384944
0.00337927
0.003405421
0.003501059
0.003411116
0.003486409
0.003233351
0.003379568
0.003322845
0.003315422
0.003342542
0.003443129
0.003360452
0.00347656
0.003224519
0.003368064
0.003310321
0.00330225
0.003329032
0.003430096
0.003347507
0.003487625
0.003235367
0.003388062
0.003332321
0.003324724
0.003351279
0.003450399
0.003362271
0.003538339
0.003283983
0.003471613
0.003422703
0.003417197
0.00344192
0.003533108
0.003424973
0.003601647
0.00346894
0.003434914
0.003434367
0.003456898
0.003520615
0.00373966
0.003958872
0.003929982
0.003897172
0.003892652
0.003890681
0.003893682
0.003910231
0.003920648
0.003966339
0.003995544
0.003637744
0.003688224
0.004049716
0.003042444
0.003132513
0.003271559
0.002998589
0.003243181
0.003217444
0.002998311
0.003216002
0.003219107
0.003020165
0.003223506
0.003244244
0.003075116
0.003255804
0.003314056
0.00312022
0.003351392
0.003018673
0.00366759
0.003810722
0.004019903
0.003979603
0.003238947
0.00307196
0.00319047
0.003183784
0.003160172
0.003132681
0.00318431
0.003130368
0.003131183
0.003208793
0.003134913
0.003154676
0.003279726
0.00316626
0.003227408
0.002993666
0.003267279
0.002955034
0.003778094
0.003731828
0.003970883
0.003960116
0.003181987
0.003054861
0.003170054
0.003124002
0.00313987
0.003111477
0.003122043
0.003108866
0.00310895
0.003145272
0.003112446
0.003131891
0.003218295
0.003143437
0.003205239
0.002947638
0.003245629
0.002937314
0.003721638
0.003708427
0.003959327
0.003966155
0.00316947
0.003061019
0.003178085
0.003110858
0.003147995
0.003120182
0.003108279
0.003117741
0.003118246
0.003131175
0.003121869
0.003141494
0.00320451
0.003153049
0.003214428
0.002936641
0.003254464
0.002943512
0.0037074
0.003715606
0.003973182
0.004008903
0.003185264
0.00309994
0.00322943
0.003127484
0.003200177
0.003174226
0.003125905
0.003172443
0.003174644
0.003149334
0.003178771
0.003199101
0.003221956
0.003210643
0.003269931
0.002949456
0.003308225
0.002983862
0.003723633
0.003764179
0.004036545
0.003666985
0.003260047
0.003141798
0.003022088
0.003714139
0.003924124
0.003205749
0.003001082
0.002976918
0.003894347
0.003859854
0.003207181
0.002974213
0.002976154
0.003854861
0.003852104
0.003232231
0.002979863
0.002998019
0.003854935
0.00387144
0.003301973
0.003008046
0.003053443
0.003881965
0.003928433
0.003006925
0.003079835
0.003100176
0.003794136
0.003958093
0.003642373
0.003607411
0.00352183
0.00321704
0.003550366
0.003295822
0.003530605
0.003470242
0.003166395
0.00348708
0.003448635
0.003464094
0.003161628
0.003439273
0.003432014
0.003480173
0.003177849
0.003434416
0.003444863
0.003527356
0.003224003
0.003459355
0.003503735
0.003574779
0.003264037
0.003550501
0.003440036
0.00316032
0.003482374
0.003493509
0.003241163
0.003443478
0.003395171
0.003395384
0.003351322
0.00337687
0.003340126
0.003330696
0.003390116
0.003332883
0.003343762
0.003452088
0.003359641
0.003408348
0.003126635
0.003458904
0.003369777
0.003091419
0.003428795
0.003477278
0.003225318
0.00341906
0.003334572
0.003369285
0.003323273
0.003313592
0.003311614
0.003301961
0.003326531
0.003303638
0.003314726
0.003391982
0.00333035
0.003380007
0.003080387
0.00343144
0.003348452
0.003070351
0.003417945
0.003482055
0.003229267
0.003424025
0.003322132
0.003374675
0.003329425
0.003300598
0.003317787
0.003308433
0.003313324
0.003310193
0.003321222
0.00337874
0.00333702
0.003386404
0.003069257
0.003437524
0.003354928
0.003075347
0.003436246
0.003516709
0.003261021
0.0034708
0.003343653
0.003424415
0.003382725
0.003322658
0.003372272
0.003363832
0.003335504
0.003366089
0.003376736
0.003400003
0.003391979
0.003438685
0.003084051
0.00348758
0.003398459
0.003114753
0.00351547
0.00356624
0.003286828
0.00349324
0.003195298
0.003432361
0.003168325
0.003439494
0.003142992
0.003414976
0.003138063
0.003432223
0.003137292
0.003427488
0.003140025
0.003448065
0.003153231
0.003486398
0.003163527
0.003495944
0.003199777
0.003145511
0.003228385
0.003563264
0.003546566
0.003241951
0.003470203
0.003143527
0.00319282
0.003537329
0.00349977
0.003520836
0.003521542
0.003303135
0.003010558
0.003316155
0.003381812
0.003370498
0.003292067
0.002995529
0.003291622
0.003359695
0.003360877
0.003307384
0.003006658
0.003301698
0.003370675
0.003375731
0.00334813
0.003041508
0.00333468
0.003400417
0.003411463
0.003466246
0.003135923
0.003420937
0.003469495
0.003503127
0.003512232
0.003472676
0.003362388
0.003381486
0.003093338
0.003417773
0.003403222
0.003174421
0.003196552
0.003187718
0.003158557
0.003181585
0.003159275
0.003170043
0.003193716
0.003165026
0.003211167
0.003234809
0.003196773
0.003351059
0.00337231
0.003296009
0.003349542
0.003334479
0.003322997
0.003328582
0.003060085
0.003375944
0.003371759
0.003132366
0.003138281
0.003146026
0.003114272
0.003120533
0.00311547
0.003124162
0.003130658
0.003119421
0.003165188
0.003171711
0.003150582
0.003309192
0.003315175
0.00325247
0.00330519
0.003300731
0.003317316
0.003316317
0.003055052
0.003366199
0.003366764
0.003126661
0.003125532
0.003140383
0.003108301
0.003107064
0.003109556
0.003117995
0.003116691
0.00311329
0.003158964
0.003157662
0.003144353
0.003303203
0.003302081
0.003246393
0.00329437
0.003294954
0.003340788
0.003331557
0.003074466
0.003377628
0.003384244
0.003151768
0.00314151
0.003165128
0.003135003
0.003124181
0.003135923
0.003145821
0.003134624
0.003140924
0.003186854
0.00317567
0.0031724
0.003328085
0.003318025
0.003272514
0.003306413
0.003313285
0.003437137
0.003398829
0.003152042
0.003431255
0.003464241
0.003265157
0.003218098
0.003278306
0.003252398
0.003203943
0.003252372
0.003266494
0.003216904
0.00326099
0.003307722
0.003258023
0.003293775
0.003435688
0.003391523
0.003386153
0.00336227
0.003397712
0.003513901
0.003495075
0.003353322
0.003341555
0.003330089
0.003331082
0.003340352
0.003345403
0.003370333
0.003381543
0.003440372
0.003474326
0.00369554
0.003314341
0.003627957
0.003354003
0.00362051
0.003540404
0.003179457
0.003485272
0.003554438
0.003512663
0.003160539
0.003463977
0.003515707
0.003515972
0.003167474
0.003469473
0.003514343
0.003546621
0.003196385
0.003498352
0.003538961
0.003647384
0.003281702
0.003583695
0.003618385
0.003591383
0.003603367
0.003259139
0.003512881
0.003402993
0.003417656
0.003422142
0.003364436
0.003380301
0.003369342
0.003364069
0.003380407
0.003362985
0.003398244
0.00341431
0.003389205
0.003520893
0.003535016
0.003486236
0.003553066
0.003556611
0.003229887
0.003482181
0.003356383
0.003360211
0.003375472
0.003314122
0.003318285
0.003318588
0.003312501
0.003316846
0.003311078
0.0033468
0.003351928
0.003337506
0.003474107
0.003478758
0.00343824
0.003546884
0.00354672
0.003224869
0.00347704
0.003349159
0.003348785
0.003368398
0.00330617
0.003305699
0.003310742
0.003304159
0.003303637
0.003302768
0.003338742
0.00333838
0.003329404
0.003466332
0.003465926
0.003430433
0.003567041
0.00356201
0.003240498
0.003493948
0.003374215
0.003368114
0.003393988
0.003333788
0.003327044
0.003338981
0.003332755
0.003325697
0.003331736
0.00336758
0.003360537
0.003358349
0.003492034
0.003485716
0.003456924
0.003654773
0.003629421
0.003309658
0.003569033
0.003484085
0.003453921
0.003500688
0.003450442
0.003418316
0.003454404
0.00345133
0.003418288
0.003450044
0.003483115
0.003450342
0.003474912
0.003594116
0.003565493
0.003562809
0.003404104
0.003447758
0.003726838
0.004093507
0.004060878
0.00391315
0.004015554
0.003972247
0.003359934
0.003363221
0.003884809
0.003914669
0.003870828
0.00385659
0.003903826
0.003861576
0.003366051
0.003363148
0.003854001
0.0038903
0.003853381
0.003857895
0.003889761
0.003854746
0.003390054
0.003382571
0.003863121
0.003897424
0.003868759
0.003884553
0.003903356
0.003876336
0.003443822
0.003426624
0.003896095
0.003931828
0.003908136
0.003943508
0.003947793
0.003924703
0.003497661
0.00353632
0.003972664
0.004033971
0.004011209
0.003623328
0.00404598
0.004025493
0.003442528
0.003477323
0.003667768
0.004108983
0.004087686
0.004028293
0.004089334
0.004067727
0.00339387
0.003081584
0.003341042
0.00345071
0.00316422
0.00341031
0.003376475
0.003319271
0.003331401
0.003296153
0.003003074
0.003292375
0.003279151
0.003292288
0.00322965
0.003271957
0.003267754
0.003222073
0.003293803
0.002996292
0.003296747
0.003266789
0.003266693
0.003215732
0.003268203
0.003270855
0.003216785
0.003314603
0.003012856
0.003323225
0.003281061
0.003275544
0.003228784
0.003288154
0.003296799
0.003235702
0.003365825
0.0030568
0.003388332
0.003322294
0.003308362
0.0032699
0.00334085
0.003365078
0.003288927
0.003482147
0.003164409
0.00309879
0.003450414
0.003400769
0.003403691
0.00345803
0.003054698
0.003414942
0.003375517
0.003413021
0.003669521
0.003924701
0.003925061
0.003812841
0.003857306
0.003855872
0.003383033
0.003390819
0.003998868
0.004003089
0.003982284
0.003959153
0.003988584
0.003967983
0.003279583
0.003300182
0.003217519
0.003347402
0.003080525
0.003336912
0.003264107
0.003201669
0.003253173
0.003166354
0.003188725
0.003161173
0.003158178
0.003171542
0.003146659
0.003149927
0.003144546
0.003138228
0.00315903
0.003182262
0.003160907
0.003141478
0.003142384
0.003129326
0.003141846
0.003143578
0.003129563
0.003176591
0.00320035
0.003185012
0.003152336
0.003147423
0.003139743
0.003158939
0.003167334
0.003146305
0.003230637
0.003254025
0.003256768
0.003193425
0.003178938
0.003180784
0.00321325
0.00323968
0.003200764
0.003366698
0.00338619
0.002977465
0.003335023
0.003279273
0.003323453
0.003351796
0.002964016
0.003341102
0.003312827
0.00332106
0.003784911
0.003759087
0.003769607
0.003747893
0.003742596
0.003756153
0.003366857
0.00336845
0.003950693
0.003965895
0.003945859
0.00394022
0.003961969
0.003942032
0.003239091
0.0032448
0.003176184
0.003319006
0.003056598
0.00331693
0.003235112
0.003172176
0.003233005
0.003123672
0.003129688
0.003117894
0.003128266
0.003142001
0.003126103
0.003119537
0.003113714
0.003117337
0.003114209
0.003120536
0.003115661
0.003109896
0.003111151
0.003107579
0.003109891
0.003111315
0.003107555
0.003130442
0.003136958
0.003138757
0.003119586
0.00311487
0.00311714
0.003126023
0.00313434
0.003123589
0.003185097
0.00319154
0.003211972
0.003160578
0.003145946
0.00315806
0.003180735
0.00320767
0.003178272
0.003327585
0.003333154
0.002942888
0.003304966
0.003248086
0.003302546
0.003323661
0.002939195
0.003321437
0.003295164
0.003296952
0.00373999
0.003715583
0.003735446
0.003729756
0.003710788
0.00373161
0.003371959
0.003368846
0.003939454
0.003959954
0.003940087
0.003946132
0.003962438
0.003942523
0.00323345
0.003232412
0.003170536
0.003320117
0.003057408
0.00332457
0.003236269
0.003173404
0.003240846
0.003117892
0.003116732
0.003112045
0.003129611
0.003143277
0.003134416
0.00312095
0.003115188
0.003125856
0.003108174
0.003106905
0.003109574
0.003111486
0.003112691
0.003116597
0.00311153
0.003112998
0.00311672
0.003124239
0.003122906
0.003132531
0.003121351
0.003116607
0.003126645
0.003127807
0.003136133
0.003133155
0.003178898
0.003177587
0.003205812
0.003162353
0.003147748
0.003167614
0.003182447
0.003209291
0.003187677
0.003321755
0.003320763
0.002937432
0.00330622
0.003249561
0.003310863
0.003324585
0.002939903
0.003328865
0.003300471
0.003297266
0.003728825
0.003708207
0.003729289
0.003734526
0.003711156
0.003731426
0.00340838
0.003395181
0.003952945
0.003980805
0.003960453
0.003988192
0.003993631
0.003973114
0.00325757
0.003247907
0.003195193
0.003354307
0.003085911
0.003371903
0.003271581
0.003209578
0.003290627
0.003143469
0.00313305
0.003138048
0.00316652
0.00317979
0.003187043
0.003158443
0.003153242
0.003179197
0.003135264
0.003124311
0.003136961
0.003150518
0.003151268
0.003171872
0.003151042
0.003152912
0.003172597
0.003152268
0.003141002
0.00316063
0.00316192
0.003156914
0.00318388
0.003168587
0.003177006
0.003190641
0.003206483
0.003195398
0.003232853
0.00320299
0.003188611
0.0032249
0.00322258
0.003248655
0.003244255
0.003344598
0.003335343
0.002957182
0.003342555
0.003287669
0.003362067
0.003358043
0.002969135
0.003375837
0.003338473
0.003324978
0.003740449
0.003732695
0.003747148
0.003772142
0.003747088
0.003758625
0.003480345
0.003505791
0.004015476
0.004074133
0.004052893
0.003646886
0.004090725
0.004069797
0.003362726
0.003319898
0.003305426
0.003453746
0.003178209
0.003124457
0.00337703
0.00332396
0.003061698
0.003376266
0.003420698
0.003701813
0.004061967
0.004029862
0.003878749
0.003981888
0.00393898
0.003257858
0.003210452
0.003253529
0.00328561
0.003298833
0.002989495
0.003278551
0.003274604
0.002981715
0.003330586
0.003333872
0.003849537
0.003878395
0.003834959
0.003819819
0.003866963
0.003825175
0.003253723
0.003204908
0.0032563
0.003274022
0.003273688
0.002973561
0.003275677
0.003278544
0.002974198
0.003335796
0.00333301
0.003816826
0.003852178
0.003815944
0.003820489
0.003851368
0.003817416
0.003273535
0.003223725
0.003282145
0.0032891
0.003283425
0.002984444
0.003296345
0.003304964
0.002990658
0.003359837
0.003352277
0.003825619
0.0038586
0.00383124
0.003847153
0.003864516
0.003838845
0.00332624
0.00327692
0.00335044
0.00332992
0.003316413
0.00301954
0.00334771
0.003370259
0.003034965
0.003414373
0.003396925
0.003858855
0.003893324
0.00387109
0.003907025
0.003909556
0.003887919
0.003443223
0.00340251
0.003040978
0.003448211
0.003402881
0.003114648
0.003464188
0.003082302
0.00314349
0.003490012
0.003470961
0.003454313
0.003508061
0.00379754
0.003838237
0.003838202
0.003936561
0.003996991
0.003975509
0.003645213
0.003593879
0.003901982
0.004009978
0.003903677
0.003990676
0.00363764
0.003255726
0.003563606
0.003591223
0.003670386
0.003323121
0.003582893
0.003643484
0.003611808
0.003559793
0.0035841
0.003528286
0.003170413
0.003475927
0.003523214
0.003501588
0.003517815
0.003469719
0.003487667
0.003481662
0.00345513
0.003511578
0.00316045
0.003463374
0.003511521
0.003468977
0.003472768
0.00343505
0.003467096
0.003466529
0.003432844
0.003521735
0.003172699
0.00347437
0.003525706
0.003470454
0.003469103
0.003435579
0.003476093
0.003479935
0.003441097
0.003564607
0.003210353
0.00351174
0.003578268
0.00350237
0.003494214
0.00346775
0.003521914
0.003536941
0.003487906
0.003668198
0.003314423
0.003614215
0.003250792
0.00354407
0.003613109
0.003581954
0.003582788
0.003629453
0.003193474
0.003480399
0.003599909
0.003525672
0.003538415
0.003469019
0.003574926
0.003247378
0.003501092
0.00356881
0.003507776
0.003450217
0.003501376
0.00338717
0.003402159
0.003379922
0.003382938
0.003402512
0.003375588
0.003366625
0.003359098
0.003359023
0.003361789
0.003377836
0.003360687
0.003343011
0.003348108
0.003334955
0.003340182
0.003338991
0.003331969
0.003369772
0.003386134
0.003373753
0.003342337
0.003341275
0.003333914
0.003348217
0.003352258
0.00333974
0.003419577
0.003435392
0.00343663
0.003377303
0.003368085
0.003368906
0.00339914
0.003416464
0.003390868
0.003543172
0.003556331
0.003113454
0.003394137
0.003501788
0.003466749
0.003494215
0.003525016
0.003098612
0.003379459
0.003517803
0.0034838
0.003487538
0.003424932
0.003548888
0.003226641
0.003478897
0.003547729
0.003479374
0.003420299
0.003478216
0.003338258
0.003342637
0.003329991
0.003351278
0.003370506
0.003350035
0.003333063
0.003324708
0.003331688
0.003310371
0.003314621
0.00330931
0.003308414
0.003312991
0.00330703
0.003304511
0.00330339
0.003303099
0.003317925
0.003322295
0.00332212
0.003306491
0.003305086
0.003305033
0.003311957
0.003316186
0.003310499
0.00336917
0.00337428
0.003386951
0.003341287
0.003331923
0.003339679
0.003363785
0.003381594
0.003362177
0.003498902
0.003503342
0.00307616
0.003354929
0.003468858
0.003433
0.003467299
0.003493718
0.003071892
0.003350596
0.003492177
0.003477267
0.003477133
0.003418126
0.003549526
0.003226814
0.003479007
0.003552034
0.003480241
0.003421273
0.003482902
0.003330786
0.00333053
0.003322379
0.003352525
0.003371679
0.003355402
0.003334406
0.003326096
0.003337599
0.003302243
0.003301746
0.003301107
0.003310029
0.003314544
0.00331322
0.003306218
0.003305129
0.003309493
0.003309614
0.003309097
0.003313829
0.00330824
0.003306839
0.003311589
0.003313641
0.003317827
0.003317007
0.003361246
0.003360905
0.003379085
0.003342563
0.00333326
0.003346386
0.003364882
0.003382664
0.003368672
0.003491256
0.00349085
0.003069673
0.003348218
0.00346975
0.003433904
0.003473206
0.003494485
0.003072278
0.003350876
0.003497753
0.003499624
0.003494339
0.003441833
0.003581621
0.00325074
0.003504215
0.003592374
0.00351568
0.003458746
0.003527157
0.00335777
0.003351431
0.00335014
0.003392314
0.003411679
0.003405571
0.003376333
0.003368939
0.00338989
0.003330837
0.003323971
0.003329584
0.00335314
0.00335817
0.003367511
0.003350356
0.003349191
0.003364892
0.003338573
0.003331476
0.003342612
0.003352368
0.003351357
0.003367189
0.003357984
0.003361947
0.003372814
0.003389389
0.003382482
0.003406774
0.003386392
0.003377351
0.003400905
0.003407644
0.003424742
0.003421915
0.003515363
0.003509377
0.003090023
0.003370403
0.003508944
0.003474254
0.003521634
0.003531241
0.003102952
0.003383199
0.003543024
0.003595548
0.003569409
0.003543068
0.003676736
0.003337871
0.003604019
0.003294077
0.003601478
0.00361795
0.003570996
0.00323454
0.003535813
0.003469843
0.003439063
0.00346362
0.003519186
0.003533614
0.003156713
0.003455412
0.003506674
0.003501353
0.003147281
0.003445568
0.003448323
0.003415912
0.003447657
0.0034902
0.003493433
0.003136556
0.003432532
0.003488875
0.003488704
0.003136242
0.003431676
0.003456839
0.003423704
0.003460677
0.003492861
0.003491297
0.003142895
0.003437363
0.003498539
0.003502503
0.00314807
0.003442232
0.003502631
0.003470479
0.003517772
0.00352345
0.003515723
0.003171873
0.00346647
0.003541499
0.003555284
0.00318596
0.003480067
0.003610746
0.003582907
0.003176934
0.003463167
0.003624656
0.003595497
0.003257913
0.003553
0.003645963
0.00323124
0.003523793
0.00329107
0.003584109
)
;
        source          uniform 0;
        value           nonuniform List<scalar> 
1536
(
330.7393
331.1557
331.2122
331.2128
331.2001
331.0994
331.1189
331.564
331.6201
331.6217
331.6117
331.5135
331.1734
331.6168
331.6732
331.6751
331.6653
331.5677
331.1777
331.6205
331.677
331.679
331.6692
331.5717
331.169
331.6129
331.6692
331.6711
331.6613
331.5637
331.0701
331.5148
331.5709
331.5723
331.5619
331.4634
330.6142
330.6167
330.5752
331.0055
330.9728
331.0641
331.0313
331.0667
331.0337
331.0557
331.0227
330.9569
330.9237
330.6506
330.975
330.9389
331.3536
331.4135
331.4176
331.4094
331.3133
331.0285
331.0287
330.9925
331.406
331.4667
331.4715
331.4636
331.3683
331.0864
331.0329
330.9966
331.4096
331.4706
331.4755
331.4677
331.3724
331.0914
331.0244
330.9882
331.4018
331.4624
331.4671
331.4592
331.3638
331.0814
330.9265
330.8903
331.304
331.3636
331.3674
331.3589
331.2625
330.9774
330.6128
331.0045
331.0632
331.0658
331.0548
330.956
330.7574
331.0872
331.1394
331.1923
331.1964
331.199
331.1983
331.1922
331.1873
331.1369
331.0894
330.7947
330.7599
331.0591
331.1028
331.0704
331.461
331.2085
331.515
331.5675
331.2138
331.5711
331.5731
331.2055
331.5724
331.5667
331.1478
331.5621
331.512
330.7713
331.4636
331.1175
330.7953
331.1136
331.107
331.156
331.51
331.1691
331.5589
331.6165
331.6129
331.6655
331.6223
331.6692
331.6717
331.6162
331.6711
331.6658
331.5619
331.6613
331.6118
331.1676
331.5637
331.2196
331.1634
331.2153
331.1603
331.1643
331.5629
331.1777
331.5667
331.6695
331.6205
331.6733
331.6757
331.677
331.6795
331.6698
331.679
331.6737
331.6158
331.6692
331.6197
331.2242
331.5717
331.2287
331.22
331.2246
331.1643
331.1603
331.5667
331.1734
331.5629
331.6733
331.6168
331.6695
331.6796
331.6732
331.6757
331.6737
331.6751
331.6698
331.6197
331.6653
331.6158
331.2287
331.5677
331.224
331.2246
331.2199
331.1561
331.1069
331.5589
331.1187
331.5099
331.6655
331.5639
331.6164
331.6717
331.62
331.6222
331.6658
331.6216
331.6161
331.6118
331.6116
331.5618
331.2194
331.5134
331.1672
331.2152
331.1632
331.0589
330.7585
331.4609
330.7383
331.1021
330.756
331.0864
331.5673
331.155
331.2079
331.1386
331.1917
331.573
331.2116
331.2131
331.1957
331.1984
331.5666
331.2121
331.2048
331.1977
331.1917
331.5118
331.1995
331.1471
331.1868
331.1363
331.117
331.0987
330.7704
331.1133
331.0888
330.7942
330.7939
330.9523
330.9193
330.9268
330.8905
331.249
331.0598
331.027
331.304
331.359
331.0672
331.0343
331.3635
331.3675
331.0607
331.0277
331.3673
331.3632
331.0048
330.9718
331.3588
331.3106
330.651
330.6121
331.2624
330.9777
330.9456
331.2983
331.0244
330.9882
331.3464
331.4088
331.4017
331.4575
331.4177
331.4623
331.4669
331.4137
331.4669
331.4633
331.3615
331.4591
331.4115
330.9967
331.3637
331.0815
331.0496
331.3506
331.0329
330.9966
331.3543
331.4619
331.4096
331.4657
331.4714
331.4706
331.4754
331.4679
331.4754
331.4719
331.4161
331.4676
331.4202
331.0546
331.3724
331.0914
331.0595
331.3543
331.0287
330.9925
331.3507
331.4657
331.406
331.4619
331.4754
331.4668
331.4715
331.4719
331.4715
331.4679
331.4202
331.4637
331.4162
331.0595
331.3683
331.0864
331.0545
331.3465
330.9749
330.9388
331.2984
331.4576
331.3536
331.4089
331.4671
331.4136
331.4178
331.4635
331.4177
331.4138
331.4117
331.4095
331.3616
331.0495
331.3134
331.0282
330.9965
331.2489
330.6154
330.5739
330.9512
330.9182
331.359
330.9718
331.0588
331.0261
331.3675
331.0304
331.0663
331.0334
331.3633
331.0328
331.0598
331.0269
331.3107
331.0218
331.004
330.9709
330.9454
330.9228
330.6494
330.6499
330.6111
331.0318
330.8884
330.8763
330.7349
330.7368
330.8773
330.8667
331.3378
331.1852
331.3083
331.1427
331.1722
331.3659
331.2138
331.3644
331.199
331.2005
331.3636
331.2112
331.3651
331.1994
331.1978
331.3447
331.1913
331.3533
331.1867
331.1779
331.1734
331.0208
331.2534
331.0862
331.0077
330.7658
330.9031
331.3092
331.282
331.1462
331.1089
331.1362
331.6206
331.5935
331.5911
331.649
331.6218
331.6473
331.6479
331.6206
331.649
331.6312
331.6037
331.6391
331.4606
331.4328
331.5413
331.1544
331.1826
331.3381
331.3358
331.1758
331.1633
331.1657
331.6484
331.6463
331.6189
331.6771
331.6749
331.6753
331.6763
331.6741
331.6773
331.6595
331.6574
331.6675
331.4898
331.4875
331.5699
331.2108
331.2133
331.3393
331.3399
331.1771
331.1676
331.167
331.6496
331.6501
331.62
331.6783
331.6788
331.6765
331.6775
331.678
331.6785
331.6607
331.6612
331.6686
331.491
331.4916
331.5711
331.2153
331.2147
331.3238
331.3316
331.161
331.1589
331.151
331.635
331.6424
331.6054
331.6634
331.671
331.6617
331.6625
331.6701
331.6635
331.6458
331.6534
331.6537
331.4755
331.4833
331.556
331.2061
331.1978
331.1522
331.2332
330.9906
331.0601
330.9807
331.4617
331.5444
331.4321
331.4897
331.5725
331.4882
331.4879
331.5711
331.4892
331.47
331.5539
331.4783
331.2985
331.3825
331.3791
331.1039
331.0217
330.7339
330.8766
331.1423
331.1717
331.1986
331.2001
331.199
331.1974
331.1863
331.1774
331.0857
331.0072
330.8331
330.7094
330.7436
330.6999
330.7359
331.1344
331.0027
331.0354
331.1043
331.1652
331.0334
331.0662
331.163
331.1651
331.0326
331.0656
331.166
331.1481
331.0143
331.0473
331.156
330.98
330.8462
330.8794
331.0582
331.1042
331.0775
330.9658
331.002
331.4108
331.3841
331.3802
331.4428
331.4159
331.4404
331.4442
331.4171
331.4447
331.4294
331.4021
331.4367
331.2627
331.2349
331.341
331.1325
331.1304
330.9948
331.031
331.4387
331.4366
331.408
331.4714
331.4693
331.4689
331.4733
331.4711
331.4737
331.4586
331.4563
331.4658
331.2929
331.2905
331.3706
331.1337
331.1342
330.9961
331.0323
331.4399
331.4403
331.4092
331.4727
331.4732
331.4701
331.4746
331.4751
331.475
331.4599
331.4604
331.4672
331.2943
331.2948
331.3719
331.1187
331.1261
330.9805
331.0167
331.4253
331.4325
331.3946
331.4576
331.465
331.4551
331.4592
331.4667
331.4596
331.4444
331.4519
331.4517
331.278
331.2859
331.3561
330.949
331.0286
330.8117
330.8478
331.2533
331.3344
331.223
331.2845
331.3659
331.2822
331.285
331.3668
331.2857
331.269
331.3515
331.2766
331.101
331.1839
331.1795
331.0899
331.0029
330.799
330.8809
330.9256
331.1331
331.0021
331.0478
331.1954
331.1877
331.1852
331.1687
331.2143
331.2375
331.1844
331.2297
331.2005
331.2009
331.2412
331.1983
331.2429
331.2431
331.199
331.2434
331.1921
331.1954
331.2422
331.1971
331.2408
331.2356
331.1952
331.2387
331.1345
331.1622
331.2305
331.179
331.222
331.1795
331.1639
331.2068
330.7659
330.8948
331.1319
331.0124
331.0546
330.8338
330.903
330.9445
331.0604
330.9812
330.8017
330.8697
330.9132
331.1031
330.981
331.0248
331.1656
331.0154
331.255
331.1526
330.9912
331.2334
331.2883
331.3787
331.3701
331.3532
331.2008
331.3608
331.462
331.4324
331.5446
331.4773
331.4849
331.5599
331.3663
331.2142
331.366
331.49
331.4884
331.5727
331.4905
331.4903
331.5732
331.3615
331.2089
331.3583
331.4882
331.4895
331.5713
331.4863
331.4833
331.5695
331.3294
331.1756
331.3019
331.4703
331.4785
331.554
331.4553
331.4279
331.5392
331.0546
330.9072
330.9154
331.2988
331.3794
331.3828
331.1791
331.0352
331.2625
331.1043
331.0223
330.8335
330.9163
330.9566
331.1543
331.0325
331.0733
331.159
331.1511
331.1511
331.1339
331.178
331.2003
331.1484
331.1926
331.4459
331.4188
331.5371
331.3239
331.1611
331.3316
331.4604
331.5514
331.468
331.636
331.6089
331.6436
331.635
331.6054
331.6424
331.6504
331.658
331.6578
331.6496
331.6224
331.6496
331.6634
331.6617
331.671
331.6641
331.6641
331.6716
331.6463
331.6189
331.6436
331.6625
331.6635
331.6701
331.6608
331.6582
331.6684
331.6165
331.589
331.5895
331.6458
331.6537
331.6534
331.6311
331.6042
331.6387
331.3406
331.3125
331.1959
331.4755
331.556
331.4834
331.3557
331.2113
331.3637
331.2063
331.198
331.2038
331.1916
331.2316
331.2549
331.207
331.2468
331.1676
331.167
331.2045
331.1625
331.2068
331.2086
331.1638
331.2081
331.4742
331.472
331.565
331.3393
331.1772
331.3399
331.4754
331.5662
331.4759
331.6639
331.6617
331.6716
331.6496
331.62
331.6501
331.665
331.6728
331.6655
331.6778
331.6756
331.6778
331.6783
331.6765
331.6788
331.679
331.679
331.6795
331.6746
331.6724
331.672
331.6775
331.6785
331.678
331.6758
331.6731
331.6763
331.6449
331.6427
331.618
331.6607
331.6686
331.6612
331.6461
331.6191
331.6466
331.3704
331.368
331.2267
331.491
331.5711
331.4916
331.3717
331.2281
331.3723
331.2153
331.2147
331.2593
331.2225
331.2618
331.2637
331.224
331.2631
331.1633
331.1657
331.2086
331.1638
331.2081
331.2045
331.1625
331.2068
331.4754
331.4759
331.5662
331.3381
331.1758
331.3358
331.4742
331.565
331.472
331.665
331.6655
331.6728
331.6484
331.6189
331.6463
331.6639
331.6716
331.6617
331.679
331.6795
331.679
331.6771
331.6753
331.6749
331.6778
331.6778
331.6756
331.6758
331.6763
331.6731
331.6763
331.6773
331.6741
331.6746
331.672
331.6724
331.6461
331.6466
331.6191
331.6595
331.6675
331.6574
331.6449
331.618
331.6427
331.3717
331.3723
331.228
331.4898
331.5699
331.4875
331.3704
331.2266
331.368
331.2107
331.2132
331.2637
331.224
331.2631
331.2593
331.2225
331.2617
331.1087
331.1361
331.2003
331.1484
331.1926
331.1509
331.1338
331.1779
331.4604
331.468
331.5514
331.3091
331.1461
331.2818
331.4459
331.537
331.4187
331.6503
331.6578
331.658
331.6206
331.591
331.5935
331.636
331.6436
331.6088
331.6641
331.6716
331.6641
331.6489
331.6473
331.6217
331.6496
331.6495
331.6223
331.6608
331.6684
331.6582
331.6479
331.649
331.6205
331.6462
331.6436
331.6188
331.6311
331.6387
331.6041
331.6312
331.6391
331.6036
331.6165
331.5895
331.5889
331.3556
331.3636
331.2111
331.4605
331.5412
331.4326
331.3404
331.1956
331.3123
331.154
331.1823
331.2548
331.2069
331.2467
331.2035
331.1914
331.2315
330.7357
330.8659
331.1029
330.9806
331.0244
330.8004
330.8689
330.9124
331.2879
331.3698
331.3784
331.0311
330.8755
330.8875
331.1651
331.2545
331.0146
331.0894
331.0023
330.7976
330.8798
330.9248
331.1327
331.0012
331.0472
331.477
331.5597
331.4846
331.3374
331.3079
331.1846
331.3528
331.3604
331.2001
331.195
331.1873
331.1848
331.168
331.214
331.2372
331.1837
331.2294
331.4902
331.5731
331.49
331.3655
331.3639
331.2131
331.3659
331.3656
331.2135
331.2
331.2004
331.2409
331.1976
331.2426
331.2428
331.1984
331.2431
331.486
331.5693
331.4831
331.3632
331.3646
331.2105
331.3611
331.3579
331.2082
331.1916
331.195
331.2419
331.1966
331.2405
331.2353
331.1946
331.2384
331.455
331.539
331.4276
331.3443
331.3529
331.1906
331.329
331.3014
331.175
331.134
331.1618
331.2302
331.1784
331.2217
331.1792
331.1633
331.2065
331.1786
331.2621
331.0346
331.1729
331.2529
331.0201
331.0539
330.9146
330.9064
330.7647
330.765
330.9023
330.8941
331.1539
331.0321
331.0728
331.1316
331.0117
331.0542
330.8324
330.8329
330.9156
330.9023
330.9559
330.944
330.9614
330.8326
330.8658
331.0501
330.9494
330.8121
330.8482
331.0287
331.0788
331.1685
331.1588
331.1505
331.0188
331.0515
331.1587
331.2535
331.2232
331.3344
331.2697
331.2779
331.3507
331.1662
331.0343
331.0671
331.1664
331.2846
331.2824
331.3658
331.2857
331.2861
331.367
331.1634
331.0307
331.0637
331.1608
331.2851
331.2858
331.3668
331.2836
331.2813
331.3654
331.1332
330.999
331.0321
331.1064
331.2691
331.2767
331.3514
331.2544
331.2279
331.337
330.866
330.7355
330.7689
330.7453
330.7779
331.1012
331.1796
331.1839
330.9869
330.8635
330.8956
331.0694
331.2345
331.208
331.3249
331.1187
330.9805
331.0167
331.1261
331.2489
331.3393
331.2562
331.4272
331.4005
331.4357
331.4252
331.3945
331.4324
331.4417
331.4502
331.4489
331.4441
331.4171
331.4447
331.4575
331.455
331.4649
331.4588
331.4595
331.4663
331.443
331.4158
331.441
331.459
331.4595
331.4665
331.4578
331.4558
331.4654
331.4151
331.3877
331.389
331.4442
331.4515
331.4518
331.43
331.4039
331.4375
331.1485
331.1205
331.0253
331.0571
331.2779
331.356
331.2858
331.1641
331.0411
331.0729
331.1721
331.2625
331.2604
331.3527
331.1337
330.9961
331.0323
331.1342
331.2636
331.3538
331.2641
331.4553
331.4533
331.464
331.4398
331.4091
331.4403
331.4565
331.4652
331.457
331.4729
331.4707
331.4736
331.4727
331.4701
331.4732
331.4742
331.4749
331.4747
331.4721
331.4699
331.4701
331.4746
331.4749
331.4751
331.4734
331.4714
331.4739
331.4443
331.4421
331.4184
331.4599
331.4671
331.4604
331.4456
331.4196
331.4461
331.1795
331.177
331.0573
331.0892
331.2943
331.3719
331.2948
331.181
331.0589
331.0907
331.1816
331.2636
331.2641
331.3538
331.1325
330.9948
331.0311
331.1304
331.2625
331.3527
331.2604
331.4566
331.457
331.4652
331.4387
331.408
331.4367
331.4554
331.464
331.4533
331.4742
331.4747
331.4749
331.4715
331.4689
331.4694
331.473
331.4737
331.4708
331.4734
331.4739
331.4714
331.4733
331.4737
331.4711
331.4722
331.4701
331.47
331.4457
331.4462
331.4197
331.4586
331.4659
331.4564
331.4444
331.4184
331.4422
331.181
331.1816
331.0588
331.0907
331.2929
331.3706
331.2905
331.1796
331.0573
331.0891
331.177
331.249
331.2562
331.3393
331.1042
330.9658
331.002
331.0774
331.2346
331.325
331.2079
331.4418
331.4491
331.4503
331.4109
331.3803
331.3842
331.4273
331.4358
331.4005
331.459
331.4664
331.4596
331.443
331.4405
331.416
331.4443
331.4449
331.4172
331.458
331.4655
331.4559
331.4444
331.4448
331.4172
331.4432
331.4411
331.4159
331.4301
331.4377
331.4041
331.4295
331.4368
331.4022
331.4153
331.3891
331.3878
331.1641
331.1722
331.041
331.0728
331.2628
331.3411
331.2349
331.1485
331.0251
331.0569
331.1204
331.0785
331.1587
331.1682
330.8324
330.6991
330.7351
330.7082
330.7423
330.9608
331.0495
330.8315
330.8647
331.2695
331.3507
331.2778
331.1339
331.1038
331.0017
331.0345
331.15
331.1582
331.0178
331.0505
331.2856
331.3671
331.2859
331.1648
331.1626
331.0325
331.0653
331.1657
331.166
331.0333
331.0662
331.2835
331.3655
331.2812
331.1647
331.1656
331.0317
331.0647
331.163
331.1604
331.0298
331.0628
331.2544
331.3371
331.2278
331.1477
331.1557
331.0134
331.0464
331.1328
331.106
330.9982
331.0312
330.9866
331.0693
330.8631
330.8951
330.9796
331.0578
330.8452
330.8784
330.8654
330.7446
330.7771
330.7345
330.7679
)
;
        qrNbr           qr;
        logInterval     -1;
        writePrecision  7;
        updateHeader    1;
        writeToFile     0;
        useUserTime     1;
        kappaMethod     solidThermo;
        kappa           none;
    }
}


// ************************************************************************* //
