/*--------------------------------*- C++ -*----------------------------------*\
| =========                 |                                                 |
| \\      /  F ield         | OpenFOAM: The Open Source CFD Toolbox           |
|  \\    /   O peration     | Version:  2506                                  |
|   \\  /    A nd           | Website:  www.openfoam.com                      |
|    \\/     M anipulation  |                                                 |
\*---------------------------------------------------------------------------*/
FoamFile
{
    version     2.0;
    format      ascii;
    arch        "LSB;label=32;scalar=64";
    class       volScalarField;
    location    "4000/solid";
    object      T;
}
// * * * * * * * * * * * * * * * * * * * * * * * * * * * * * * * * * * * * * //

dimensions      [0 0 0 1 0 0 0];

internalField   nonuniform List<scalar> 
2304
(
305.334
305.3793
305.3975
305.4011
305.3946
305.3683
305.3843
305.4305
305.4488
305.4523
305.4459
305.4194
305.4032
305.4494
305.468
305.4715
305.4651
305.4383
305.4069
305.453
305.4716
305.4752
305.4687
305.4418
305.4004
305.4467
305.4652
305.4687
305.4622
305.4355
305.3746
305.4205
305.4387
305.4422
305.4358
305.4094
305.3899
305.432
305.4366
305.4882
305.4411
305.4564
305.4974
305.5126
305.4591
305.4626
305.5152
305.5186
305.4626
305.4589
305.5186
305.515
305.4562
305.44
305.5123
305.4964
305.4303
305.3827
305.4866
305.4292
305.4461
305.4979
305.4621
305.5137
305.5071
305.5223
305.5229
305.5382
305.5249
305.5283
305.5409
305.5443
305.5283
305.5248
305.5443
305.5407
305.5221
305.5061
305.538
305.5219
305.4962
305.4388
305.512
305.4548
305.4648
305.5163
305.4684
305.5198
305.5255
305.5409
305.529
305.5444
305.5435
305.547
305.5471
305.5505
305.547
305.5434
305.5505
305.547
305.5407
305.5246
305.5442
305.5281
305.5147
305.4575
305.5182
305.4612
305.4684
305.5198
305.4648
305.5163
305.529
305.5444
305.5255
305.5409
305.5471
305.5505
305.5435
305.547
305.5505
305.547
305.547
305.5434
305.5442
305.5281
305.5407
305.5246
305.5182
305.4612
305.5147
305.4575
305.4621
305.5136
305.4461
305.4978
305.5229
305.5382
305.507
305.5223
305.5408
305.5443
305.5249
305.5283
305.5443
305.5407
305.5283
305.5247
305.538
305.5219
305.522
305.506
305.512
305.4548
305.4962
305.4388
305.4365
305.4882
305.3899
305.4321
305.4973
305.5125
305.4411
305.4565
305.5151
305.5186
305.4592
305.4627
305.5185
305.515
305.4627
305.459
305.5123
305.4963
305.4562
305.4401
305.4865
305.4292
305.4303
305.3827
305.3701
305.3746
305.4112
305.3948
305.4206
305.4361
305.4011
305.4388
305.4422
305.3974
305.4422
305.4386
305.3782
305.4358
305.4195
305.3265
305.4095
305.3668
305.4211
305.4005
305.4372
305.4461
305.4467
305.4625
305.4523
305.4652
305.4687
305.4487
305.4687
305.4651
305.4295
305.4623
305.4457
305.3766
305.4355
305.3928
305.4399
305.4069
305.4435
305.4653
305.453
305.4689
305.4715
305.4716
305.4752
305.4679
305.4752
305.4715
305.4485
305.4687
305.4521
305.3956
305.4418
305.3992
305.4435
305.4032
305.4399
305.4689
305.4494
305.4652
305.4752
305.468
305.4715
305.4715
305.4715
305.4678
305.4521
305.465
305.4485
305.3992
305.4382
305.3955
305.4372
305.3843
305.4211
305.4625
305.4305
305.4461
305.4687
305.4488
305.4523
305.4651
305.4523
305.4486
305.4457
305.4458
305.4295
305.3928
305.4193
305.3766
305.4112
305.3341
305.3702
305.436
305.3794
305.3949
305.4422
305.3976
305.4012
305.4386
305.4012
305.3975
305.4195
305.3947
305.3783
305.3668
305.3684
305.3265
305.4645
305.4236
305.441
305.4426
305.5112
305.4794
305.4862
305.5045
305.5243
305.4976
305.4994
305.5225
305.5254
305.5011
305.5005
305.5259
305.5158
305.4946
305.4908
305.5196
305.4797
305.4684
305.4549
305.4935
305.5139
305.4834
305.5068
305.4905
305.5619
305.5481
305.5549
305.5551
305.5748
305.566
305.5677
305.573
305.5758
305.5694
305.5688
305.5764
305.5665
305.5631
305.5594
305.5702
305.53
305.5371
305.5229
305.5442
305.5273
305.5022
305.5255
305.5041
305.5752
305.5666
305.5733
305.5684
305.588
305.5844
305.5862
305.5863
305.5891
305.5878
305.5873
305.5897
305.5797
305.5816
305.5779
305.5835
305.5434
305.5557
305.5416
305.5575
305.5285
305.5058
305.5291
305.5053
305.5763
305.5701
305.5768
305.5695
305.5892
305.5879
305.5897
305.5874
305.5902
305.5913
305.5908
305.5908
305.5808
305.5851
305.5814
305.5846
305.5445
305.5592
305.5451
305.5586
305.519
305.4995
305.5228
305.4957
305.567
305.5639
305.5707
305.5602
305.5799
305.5818
305.5836
305.5781
305.5809
305.5852
305.5846
305.5815
305.5716
305.579
305.5753
305.5753
305.5351
305.553
305.5389
305.5493
305.4834
305.4736
305.4971
305.4603
305.5309
305.5382
305.545
305.5242
305.5439
305.5561
305.5579
305.5421
305.545
305.5595
305.5589
305.5455
305.5355
305.5532
305.5495
305.5392
305.4992
305.5272
305.5131
305.5132
305.3431
305.3453
305.3546
305.3861
305.3908
305.3975
305.3994
305.4089
305.4107
305.4005
305.4124
305.4118
305.3907
305.4059
305.4021
305.3549
305.3798
305.3664
305.3936
305.3914
305.4007
305.4374
305.4377
305.4446
305.4506
305.456
305.4579
305.4517
305.4595
305.459
305.4421
305.4531
305.4493
305.4057
305.4265
305.4128
305.4124
305.4051
305.4143
305.4564
305.4513
305.4582
305.4698
305.4699
305.4717
305.471
305.4734
305.4729
305.4612
305.4669
305.4631
305.4245
305.4401
305.4264
305.416
305.4063
305.4154
305.46
305.4525
305.4594
305.4735
305.471
305.4729
305.4746
305.4746
305.474
305.4648
305.4681
305.4642
305.4281
305.4413
305.4275
305.4096
305.3966
305.4059
305.4536
305.4429
305.4498
305.467
305.4613
305.4632
305.4681
305.4648
305.4643
305.4584
305.4584
305.4545
305.4217
305.4317
305.418
305.3839
305.3615
305.3708
305.4273
305.4072
305.4139
305.4405
305.4253
305.4271
305.4416
305.4287
305.4282
305.432
305.4224
305.4185
305.3958
305.3961
305.3826
305.4823
305.4701
305.4575
305.4952
305.4835
305.4737
305.4603
305.4971
305.5018
305.5289
305.5149
305.5157
305.4628
305.4211
305.4048
305.407
305.4374
305.4394
305.4276
305.48
305.4651
305.4199
305.4564
305.4529
305.4925
305.4442
305.4813
305.4693
305.4236
305.4587
305.4563
305.4946
305.4456
305.499
305.5252
305.4749
305.4758
305.5116
305.5125
305.4626
305.5162
305.4949
305.4912
305.5198
305.531
305.5382
305.5242
305.545
305.5359
305.5535
305.5395
305.5499
305.5082
305.4742
305.4478
305.4654
305.4809
305.5015
305.4721
305.5131
305.4896
305.4528
305.4806
305.4859
305.5167
305.477
305.5274
305.5343
305.484
305.5041
305.5208
305.541
305.4907
305.5323
305.5495
305.4992
305.509
305.5359
305.5459
305.4956
305.5254
305.5011
305.5006
305.526
305.5439
305.5561
305.5422
305.5579
305.5451
305.5595
305.5456
305.559
305.5211
305.4922
305.4609
305.4832
305.494
305.5193
305.4851
305.5223
305.4957
305.4621
305.4867
305.4952
305.5228
305.4862
305.5403
305.5521
305.5018
305.517
305.5385
305.5538
305.5036
305.5414
305.5555
305.5052
305.5181
305.5419
305.5549
305.5047
305.5242
305.4974
305.4993
305.5223
305.545
305.5595
305.5456
305.559
305.5438
305.556
305.542
305.5578
305.5222
305.4957
305.462
305.4867
305.4951
305.5228
305.4861
305.521
305.492
305.4608
305.4831
305.4939
305.5192
305.485
305.5413
305.5555
305.5052
305.518
305.5419
305.5549
305.5046
305.5402
305.5519
305.5016
305.5169
305.5383
305.5537
305.5035
305.5106
305.4783
305.4855
305.5034
305.5355
305.5533
305.5393
305.5495
305.5303
305.5372
305.5232
305.5444
305.5127
305.4893
305.4524
305.4804
305.4855
305.5165
305.4766
305.5076
305.4731
305.4471
305.4644
305.4803
305.5005
305.4714
305.5319
305.5493
305.4989
305.5086
305.5357
305.5455
305.4952
305.5268
305.5333
305.483
305.5034
305.5197
305.5404
305.49
305.4604
305.4177
305.4369
305.4367
305.4992
305.5272
305.5133
305.5131
305.4795
305.4679
305.4544
305.4932
305.4773
305.4634
305.417
305.4547
305.4501
305.4908
305.4413
305.4585
305.4145
305.4001
305.3996
305.433
305.4327
305.4229
305.4964
305.5235
305.4732
305.473
305.51
305.5098
305.4598
305.4771
305.4626
305.4162
305.4541
305.4496
305.4904
305.441
305.5325
305.5387
305.5255
305.5458
305.519
305.4995
305.4957
305.5228
305.5376
305.5546
305.5509
305.5413
305.5111
305.4789
305.4682
305.4531
305.5041
305.4859
305.4752
305.529
305.5348
305.4854
305.5049
305.5221
305.5418
305.4923
305.5162
305.4948
305.4583
305.484
305.4911
305.5199
305.4803
305.5341
305.5506
305.51
305.5011
305.5469
305.5378
305.4974
305.5669
305.5634
305.5598
305.5704
305.567
305.564
305.5603
305.5707
305.572
305.5792
305.5755
305.5756
305.5577
305.544
305.5138
305.5141
305.5507
305.551
305.5208
305.5626
305.5592
305.5187
305.5294
305.5556
305.5662
305.5257
305.5628
305.5598
305.5192
305.5296
305.5561
305.5665
305.5259
305.5677
305.575
305.5345
305.5346
305.5713
305.5714
305.5309
305.5759
305.5694
305.5688
305.5764
305.5799
305.5818
305.5781
305.5836
305.581
305.5852
305.5815
305.5847
305.5706
305.5618
305.5267
305.532
305.5635
305.5688
305.5338
305.5717
305.5652
305.5278
305.5354
305.5647
305.5722
305.5349
305.5757
305.5776
305.5371
305.5427
305.5739
305.5794
305.5389
305.5768
305.581
305.5406
305.5438
305.5773
305.5805
305.54
305.5747
305.5658
305.5676
305.5729
305.5809
305.5852
305.5815
305.5846
305.5798
305.5817
305.578
305.5835
305.5716
305.5652
305.5278
305.5354
305.5646
305.5722
305.5348
305.5705
305.5616
305.5266
305.5318
305.5635
305.5687
305.5337
305.5767
305.581
305.5405
305.5437
305.5773
305.5804
305.54
305.5756
305.5775
305.537
305.5426
305.5738
305.5793
305.5388
305.5613
305.5471
305.5542
305.5542
305.5716
305.579
305.5753
305.5753
305.5664
305.563
305.5593
305.5701
305.5623
305.559
305.5183
305.5291
305.5553
305.566
305.5254
305.5571
305.5431
305.5132
305.5131
305.5501
305.5501
305.5202
305.5674
305.5748
305.5343
305.5343
305.5711
305.5711
305.5305
305.5622
305.5588
305.5182
305.5291
305.5551
305.5659
305.5253
305.51
305.4776
305.5029
305.4847
305.5351
305.553
305.5493
305.5389
305.5152
305.4938
305.49
305.519
305.5264
305.5332
305.4826
305.5032
305.5195
305.5402
305.4896
305.5069
305.4723
305.4637
305.4459
305.4999
305.4793
305.4706
305.5315
305.549
305.5083
305.4984
305.5453
305.5352
305.4947
305.512
305.4883
305.451
305.4795
305.4845
305.5158
305.4758
305.5458
305.5572
305.544
305.559
305.5285
305.5058
305.5053
305.5291
305.547
305.5607
305.5602
305.5475
305.5244
305.4975
305.4867
305.4667
305.5226
305.4994
305.4885
305.5422
305.5532
305.5038
305.5181
305.5404
305.555
305.5056
305.5255
305.5011
305.4678
305.4902
305.5006
305.5261
305.4897
305.5434
305.5567
305.5193
305.5073
305.5561
305.5439
305.5067
305.5801
305.5819
305.5783
305.5837
305.5763
305.5701
305.5695
305.5768
305.5812
305.5854
305.5848
305.5818
305.5709
305.5624
305.5323
305.5274
305.5691
305.5642
305.5341
305.5758
305.5776
305.5373
305.5427
305.574
305.5794
305.5391
305.5721
305.5659
305.5285
305.5358
305.5653
305.5726
305.5353
305.577
305.5811
305.5439
305.5408
305.5806
305.5775
305.5402
305.5891
305.5879
305.5873
305.5897
305.5892
305.5879
305.5874
305.5897
305.5903
305.5914
305.5908
305.5908
305.5838
305.5802
305.5453
305.5454
305.582
305.582
305.5472
305.5849
305.5836
305.5465
305.5488
305.5831
305.5854
305.5483
305.5849
305.5837
305.5465
305.5489
305.5832
305.5855
305.5483
305.5861
305.5871
305.55
305.55
305.5866
305.5866
305.5495
305.5879
305.5843
305.5861
305.5861
305.5902
305.5913
305.5908
305.5908
305.5891
305.5878
305.5872
305.5896
305.5849
305.5836
305.5464
305.5488
305.5831
305.5854
305.5483
305.5837
305.5801
305.5453
305.5453
305.5819
305.5819
305.5471
305.586
305.5871
305.55
305.55
305.5866
305.5866
305.5494
305.5849
305.5836
305.5464
305.5488
305.583
305.5854
305.5483
305.5746
305.5656
305.5728
305.5675
305.5809
305.5851
305.5846
305.5814
305.5757
305.5691
305.5686
305.5762
305.5755
305.5774
305.5369
305.5426
305.5737
305.5792
305.5388
305.5704
305.5615
305.5317
305.5264
305.5686
305.5633
305.5336
305.5766
305.5809
305.5437
305.5405
305.5804
305.5772
305.5399
305.5715
305.565
305.5275
305.5353
305.5644
305.572
305.5347
305.5235
305.4965
305.5217
305.4984
305.5445
305.5592
305.5586
305.5451
305.5247
305.5002
305.4996
305.5252
305.5397
305.5516
305.5011
305.5165
305.5379
305.5534
305.5029
305.5203
305.491
305.4822
305.4594
305.5184
305.4929
305.484
305.5408
305.5551
305.5177
305.5046
305.5546
305.5414
305.5041
305.5214
305.4946
305.4606
305.4857
305.494
305.522
305.4852
305.547
305.5607
305.5475
305.5602
305.5273
305.5022
305.5041
305.5255
305.5458
305.5572
305.559
305.544
305.5255
305.5011
305.4902
305.4678
305.5261
305.5006
305.4897
305.5434
305.5567
305.5073
305.5193
305.5439
305.5561
305.5067
305.5244
305.4975
305.4667
305.4867
305.4994
305.5226
305.4885
305.5422
305.5532
305.5181
305.5038
305.555
305.5404
305.5056
305.5812
305.5854
305.5818
305.5848
305.5751
305.5666
305.5684
305.5733
305.5801
305.5819
305.5837
305.5783
305.572
305.5659
305.5358
305.5285
305.5726
305.5653
305.5352
305.577
305.5811
305.5408
305.5439
305.5775
305.5806
305.5402
305.5709
305.5624
305.5273
305.5323
305.5642
305.5691
305.5341
305.5758
305.5776
305.5427
305.5373
305.5794
305.574
305.5391
305.5903
305.5914
305.5908
305.5908
305.588
305.5844
305.5862
305.5862
305.5891
305.5878
305.5897
305.5873
305.5849
305.5837
305.5489
305.5465
305.5855
305.5832
305.5483
305.586
305.5871
305.55
305.55
305.5866
305.5866
305.5495
305.5838
305.5802
305.5454
305.5453
305.582
305.582
305.5472
305.5849
305.5836
305.5488
305.5465
305.5854
305.5831
305.5483
305.5891
305.5878
305.5896
305.5872
305.5891
305.5878
305.5896
305.5873
305.5879
305.5843
305.5861
305.5861
305.586
305.5871
305.55
305.55
305.5866
305.5866
305.5494
305.5849
305.5836
305.5488
305.5464
305.5854
305.583
305.5483
305.5849
305.5836
305.5488
305.5464
305.5854
305.583
305.5483
305.5837
305.5801
305.5452
305.5453
305.5819
305.5819
305.5471
305.5757
305.5691
305.5762
305.5686
305.5797
305.5816
305.5834
305.5779
305.5746
305.5656
305.5674
305.5727
305.5766
305.5809
305.5405
305.5437
305.5772
305.5804
305.5399
305.5715
305.5649
305.5352
305.5275
305.572
305.5644
305.5347
305.5755
305.5774
305.5425
305.5369
305.5792
305.5737
305.5388
305.5704
305.5615
305.5264
305.5317
305.5633
305.5685
305.5336
305.5247
305.5001
305.5252
305.4996
305.5434
305.5557
305.5575
305.5415
305.5235
305.4965
305.4984
305.5216
305.5408
305.5551
305.5046
305.5177
305.5414
305.5546
305.504
305.5214
305.4946
305.4857
305.4606
305.522
305.494
305.4852
305.5397
305.5516
305.5165
305.5011
305.5534
305.5379
305.5029
305.5203
305.491
305.4594
305.4822
305.4928
305.5184
305.484
305.5376
305.5545
305.5413
305.5508
305.5139
305.4834
305.4905
305.5068
305.5325
305.5387
305.5457
305.5254
305.5162
305.4948
305.484
305.4583
305.5199
305.491
305.4802
305.5341
305.5505
305.5011
305.5099
305.5378
305.5468
305.4974
305.5111
305.4788
305.4531
305.4682
305.4859
305.5041
305.4751
305.529
305.5348
305.5048
305.4853
305.5418
305.522
305.4923
305.5719
305.5792
305.5756
305.5755
305.5619
305.5481
305.5551
305.5548
305.5668
305.5634
305.5704
305.5598
305.5628
305.5598
305.5296
305.5191
305.5665
305.5561
305.5259
305.5677
305.575
305.5346
305.5345
305.5714
305.5713
305.5309
305.5577
305.544
305.514
305.5137
305.551
305.5507
305.5208
305.5626
305.5592
305.5293
305.5187
305.5662
305.5556
305.5257
305.581
305.5852
305.5847
305.5815
305.5748
305.5659
305.573
305.5677
305.5759
305.5693
305.5764
305.5688
305.5756
305.5776
305.5426
305.5371
305.5793
305.5739
305.5389
305.5767
305.581
305.5438
305.5405
305.5804
305.5773
305.54
305.5705
305.5617
305.5319
305.5267
305.5688
305.5635
305.5337
305.5716
305.5651
305.5354
305.5278
305.5722
305.5646
305.5348
305.5798
305.5816
305.5835
305.5779
305.5758
305.5693
305.5764
305.5688
305.5747
305.5658
305.5728
305.5676
305.5767
305.581
305.5437
305.5405
305.5804
305.5772
305.54
305.5755
305.5774
305.5426
305.537
305.5793
305.5737
305.5388
305.5716
305.5651
305.5354
305.5277
305.5721
305.5646
305.5348
305.5704
305.5616
305.5318
305.5266
305.5686
305.5634
305.5336
305.5664
305.563
305.5701
305.5593
305.5664
305.5631
305.5702
305.5594
305.5613
305.5471
305.5541
305.5542
305.5673
305.5748
305.5342
305.5343
305.571
305.5711
305.5305
305.5622
305.5588
305.529
305.5182
305.5659
305.5551
305.5253
305.5622
305.5589
305.5291
305.5183
305.566
305.5552
305.5254
305.5571
305.543
305.513
305.5131
305.55
305.5501
305.5202
305.5152
305.4937
305.5189
305.4899
305.53
305.5371
305.5441
305.5229
305.51
305.4776
305.4847
305.5029
305.5315
305.549
305.4984
305.5083
305.5352
305.5453
305.4947
305.512
305.4882
305.4795
305.451
305.5157
305.4844
305.4757
305.5264
305.5332
305.5032
305.4826
305.5402
305.5194
305.4896
305.5069
305.4722
305.4458
305.4636
305.4793
305.4999
305.4706
305.5018
305.5288
305.5156
305.5149
305.4645
305.4236
305.4426
305.441
305.4823
305.4701
305.4952
305.4575
305.4813
305.4693
305.4587
305.4236
305.4945
305.4563
305.4456
305.499
305.5251
305.4758
305.4749
305.5124
305.5116
305.4626
305.4628
305.4212
305.407
305.4048
305.4395
305.4374
305.4276
305.48
305.4651
305.4564
305.42
305.4924
305.4529
305.4442
305.5359
305.5535
305.5499
305.5395
305.5112
305.4794
305.5044
305.4862
305.5162
305.4949
305.5198
305.4912
305.5274
305.5343
305.504
305.484
305.541
305.5207
305.4906
305.5323
305.5495
305.5089
305.4991
305.5459
305.5359
305.4956
305.5082
305.4742
305.4654
305.4479
305.5015
305.4809
305.4721
305.5131
305.4896
305.4806
305.4528
305.5167
305.4859
305.477
305.545
305.5595
305.559
305.5456
305.5243
305.4976
305.5224
305.4994
305.5254
305.5011
305.5259
305.5006
305.5402
305.552
305.5169
305.5017
305.5538
305.5385
305.5035
305.5414
305.5554
305.518
305.5052
305.5549
305.5419
305.5047
305.5211
305.4922
305.4833
305.461
305.5193
305.494
305.4851
305.5222
305.4957
305.4867
305.4621
305.5228
305.4952
305.4862
305.5438
305.5559
305.5578
305.5419
305.5253
305.5011
305.5259
305.5005
305.5241
305.4974
305.5223
305.4993
305.5413
305.5554
305.518
305.5052
305.5549
305.5419
305.5046
305.5401
305.5519
305.5168
305.5016
305.5537
305.5383
305.5034
305.5222
305.4957
305.4867
305.4621
305.5228
305.4951
305.4861
305.521
305.492
305.4831
305.4609
305.5191
305.4939
305.485
305.5303
305.5372
305.5443
305.5232
305.5157
305.4946
305.5195
305.4908
305.5105
305.4783
305.5034
305.4855
305.5319
305.5492
305.5086
305.4989
305.5455
305.5356
305.4952
305.5268
305.5333
305.5034
305.4829
305.5404
305.5197
305.49
305.5127
305.4893
305.4804
305.4524
305.5164
305.4855
305.4766
305.5075
305.4731
305.4644
305.4472
305.5005
305.4803
305.4714
305.4795
305.4678
305.4931
305.4544
305.4797
305.4684
305.4935
305.4548
305.4604
305.4176
305.4367
305.4369
305.4963
305.5235
305.473
305.4732
305.5098
305.51
305.4597
305.477
305.4626
305.4541
305.4162
305.4903
305.4495
305.441
305.4773
305.4634
305.4547
305.4171
305.4908
305.4501
305.4413
305.4584
305.4145
305.3996
305.4001
305.4327
305.433
305.4229
305.3578
305.3815
305.3693
305.3615
305.3839
305.3708
305.3979
305.3988
305.3856
305.3911
305.4062
305.4025
305.4072
305.4274
305.4139
305.4226
305.4324
305.419
305.4006
305.4124
305.4118
305.4253
305.4406
305.4271
305.4288
305.4417
305.4282
305.3993
305.4087
305.4106
305.4288
305.4417
305.4282
305.4251
305.4405
305.427
305.3854
305.3897
305.3969
305.4224
305.432
305.4186
305.4061
305.4268
305.4133
305.3382
305.3375
305.3497
305.3962
305.3959
305.3826
305.3537
305.379
305.3659
305.4086
305.4282
305.4157
305.3967
305.4097
305.4059
305.4334
305.4246
305.4209
305.4424
305.4533
305.4496
305.4429
305.4536
305.4498
305.4586
305.4587
305.4549
305.4518
305.4596
305.459
305.4614
305.467
305.4632
305.4649
305.4682
305.4643
305.4505
305.4559
305.4578
305.4649
305.4682
305.4643
305.4612
305.467
305.4631
305.4368
305.4367
305.444
305.4584
305.4584
305.4546
305.4419
305.453
305.4492
305.3888
305.3837
305.3958
305.4317
305.4218
305.418
305.389
305.4048
305.401
305.4273
305.4418
305.4292
305.4063
305.416
305.4154
305.4429
305.4309
305.4304
305.4615
305.4671
305.4634
305.4525
305.46
305.4594
305.4683
305.4651
305.4646
305.471
305.4734
305.4729
305.4711
305.4735
305.4729
305.4746
305.4746
305.4741
305.4698
305.4698
305.4717
305.4746
305.4746
305.474
305.4709
305.4734
305.4728
305.4558
305.4503
305.4577
305.4681
305.4648
305.4642
305.4515
305.4594
305.4589
305.4076
305.3974
305.4094
305.4413
305.4281
305.4275
305.3986
305.4112
305.4106
305.4309
305.4429
305.4304
305.4051
305.4124
305.4142
305.4418
305.4273
305.4292
305.4651
305.4683
305.4646
305.4513
305.4564
305.4582
305.4671
305.4615
305.4634
305.4746
305.4746
305.4741
305.4699
305.4698
305.4717
305.4734
305.471
305.4729
305.4734
305.4709
305.4728
305.4734
305.4709
305.4728
305.4697
305.4698
305.4717
305.4594
305.4515
305.4588
305.4669
305.4612
305.463
305.4503
305.4558
305.4577
305.4112
305.3986
305.4106
305.4401
305.4245
305.4264
305.3974
305.4076
305.4094
305.4246
305.4334
305.4208
305.3914
305.3936
305.4007
305.4282
305.4086
305.4156
305.4587
305.4586
305.4549
305.4376
305.4373
305.4445
305.4533
305.4424
305.4496
305.4682
305.4649
305.4643
305.456
305.4506
305.4578
305.4595
305.4517
305.459
305.467
305.4612
305.4631
305.4595
305.4517
305.4589
305.4559
305.4505
305.4578
305.453
305.4419
305.4492
305.4531
305.442
305.4492
305.4366
305.4367
305.4439
305.4048
305.3889
305.401
305.4265
305.4057
305.4128
305.3837
305.3887
305.3958
305.3988
305.3979
305.3856
305.3453
305.3432
305.3547
305.3816
305.3579
305.3693
305.4324
305.4226
305.4189
305.3908
305.3862
305.3975
305.4062
305.3912
305.4025
305.4417
305.4288
305.4282
305.4089
305.3995
305.4107
305.4124
305.4006
305.4119
305.4405
305.4251
305.427
305.4124
305.4006
305.4118
305.4087
305.3994
305.4106
305.4267
305.4061
305.4133
305.4059
305.3908
305.4021
305.3897
305.3855
305.3969
305.379
305.3537
305.3658
305.3798
305.355
305.3664
305.3375
305.3383
305.3497
)
;

boundaryField
{
    solid_to_air
    {
        type            compressible::turbulentTemperatureRadCoupledMixed;
        refValue        nonuniform List<scalar> 
1536
(
300.5604
300.5556
300.5578
300.5584
300.5576
300.556
300.5543
300.5519
300.5215
300.5154
300.5261
300.5663
300.5567
300.5218
300.4958
300.4915
300.4989
300.538
300.5573
300.5157
300.4914
300.4874
300.4943
300.5316
300.5565
300.5264
300.4989
300.4943
300.5024
300.5431
300.5549
300.5666
300.5384
300.5319
300.5434
300.578
300.794
300.7935
300.3364
300.3426
300.3604
300.3512
300.375
300.3533
300.3777
300.3494
300.3718
300.3396
300.3507
300.7919
300.3428
300.3603
300.5085
300.5307
300.5346
300.5264
300.4943
300.3423
300.3515
300.375
300.5308
300.5558
300.5603
300.5511
300.5153
300.3511
300.3536
300.3777
300.5348
300.5603
300.5649
300.5556
300.519
300.3532
300.3498
300.3718
300.5265
300.5512
300.5556
300.5465
300.5113
300.3494
300.3401
300.3508
300.4945
300.5154
300.5191
300.5113
300.4811
300.3396
300.7941
300.3426
300.3512
300.3532
300.3494
300.3396
301.0213
300.3919
300.3942
300.4012
300.4028
300.4049
300.4049
300.4027
300.4011
300.3941
300.3917
301.0176
301.0199
300.392
300.5562
300.5549
300.5781
300.5576
300.5667
300.5434
300.5584
300.5385
300.5318
300.5578
300.532
300.5383
300.5555
300.5434
300.5664
300.5614
300.5779
300.5576
301.0192
300.3919
300.3943
300.4013
300.5669
300.5565
300.5438
300.5262
300.5265
300.5025
300.5154
300.499
300.4943
300.5214
300.4943
300.4989
300.5515
300.5024
300.5257
300.557
300.5431
300.5591
300.3943
300.4013
300.4029
300.4051
300.5389
300.5573
300.5323
300.499
300.5157
300.4943
300.4914
300.4914
300.4874
300.4958
300.4874
300.4914
300.5211
300.4943
300.5151
300.5593
300.5316
300.5599
300.4029
300.4051
300.4051
300.4029
300.5325
300.5567
300.5388
300.4943
300.5217
300.4989
300.4874
300.4958
300.4914
300.4915
300.4914
300.4957
300.5152
300.4989
300.5211
300.5599
300.5381
300.5593
300.4051
300.4029
300.4013
300.3943
300.5439
300.5543
300.5667
300.5025
300.5519
300.526
300.4943
300.5214
300.5153
300.4989
300.5154
300.5213
300.5259
300.5261
300.5513
300.5591
300.5663
300.557
300.4013
300.3942
300.392
301.02
300.5781
300.5604
300.5561
301.0213
300.3919
300.5434
300.5555
300.5576
300.3942
300.4011
300.5319
300.5577
300.5583
300.4027
300.4049
300.5384
300.5583
300.5577
300.4048
300.4027
300.5664
300.5576
300.5554
300.401
300.394
300.5576
300.556
300.5613
300.3919
300.3916
301.0193
301.0176
300.3399
300.3509
300.3401
300.3508
300.4815
300.3496
300.3718
300.4945
300.5115
300.3533
300.3777
300.5154
300.5191
300.3511
300.3749
300.5191
300.5153
300.3424
300.3602
300.5114
300.4943
300.7912
300.3359
300.4812
300.3396
300.3509
300.4946
300.3498
300.3718
300.5116
300.5265
300.5266
300.5467
300.5347
300.5512
300.5556
300.5306
300.5556
300.5511
300.5082
300.5466
300.5263
300.3604
300.5113
300.3494
300.3719
300.5156
300.3536
300.3777
300.5193
300.5512
300.5348
300.5557
300.5603
300.5603
300.5649
300.5558
300.5649
300.5603
300.5306
300.5556
300.5345
300.3751
300.519
300.3532
300.3779
300.5193
300.3515
300.3749
300.5155
300.5557
300.5308
300.5512
300.5649
300.5558
300.5603
300.5603
300.5603
300.5557
300.5345
300.5511
300.5305
300.3779
300.5152
300.351
300.3751
300.5116
300.3428
300.3603
300.4945
300.5467
300.5084
300.5264
300.5556
300.5307
300.5346
300.5511
300.5346
300.5306
300.5263
300.5263
300.5082
300.3719
300.4942
300.3423
300.3604
300.4814
300.7935
300.3364
300.3399
300.3509
300.5115
300.3603
300.3495
300.3718
300.5191
300.3749
300.3532
300.3777
300.5153
300.3777
300.3511
300.3749
300.4942
300.3717
300.3424
300.3602
300.3509
300.3507
300.792
300.7913
300.3359
300.579
300.5748
300.5737
300.971
300.9699
300.5526
300.5518
300.5733
300.5565
300.5751
300.478
300.4802
300.5656
300.5582
300.567
300.4855
300.4865
300.5647
300.5583
300.5642
300.4874
300.4871
300.571
300.5569
300.5692
300.4841
300.4823
300.5765
300.5597
300.5773
300.4765
300.4849
300.9702
300.5526
300.5731
300.5749
300.5553
300.4776
300.4798
300.5293
300.5407
300.5409
300.5077
300.5182
300.5106
300.5059
300.5163
300.5051
300.5206
300.5319
300.5148
300.569
300.5752
300.5569
300.4786
300.4809
300.5656
300.5669
300.5571
300.4851
300.4861
300.5078
300.5108
300.5185
300.4911
300.4934
300.4934
300.4899
300.4921
300.4893
300.5009
300.5036
300.4964
300.5515
300.5544
300.5346
300.4862
300.4872
300.5646
300.5642
300.5572
300.487
300.4867
300.5061
300.5053
300.5166
300.4899
300.4892
300.4921
300.4887
300.4881
300.4881
300.4994
300.4987
300.495
300.5496
300.5488
300.5325
300.4881
300.4878
300.5708
300.569
300.5557
300.4837
300.482
300.5209
300.5151
300.5323
300.501
300.4964
300.5037
300.4995
300.495
300.4987
300.5127
300.5074
300.5074
300.5631
300.5586
300.5488
300.4848
300.483
300.5759
300.5767
300.5587
300.4763
300.4848
300.5691
300.5572
300.5752
300.5518
300.535
300.5546
300.55
300.5328
300.5492
300.5633
300.5491
300.5589
300.5818
300.5821
300.582
300.4771
300.4856
300.971
300.5526
300.478
300.4801
300.4854
300.4864
300.4873
300.487
300.484
300.4823
300.4764
300.4849
300.496
300.3605
300.3934
300.3604
300.3934
300.5051
300.365
300.3453
300.4995
300.5175
300.3764
300.3523
300.5159
300.5184
300.3773
300.3529
300.5188
300.5094
300.3691
300.3475
300.5125
300.4798
300.3473
300.3439
300.4887
300.5054
300.4998
300.365
300.3455
300.5244
300.5162
300.5162
300.5419
300.5329
300.5396
300.5431
300.5341
300.5437
300.5305
300.522
300.5351
300.4876
300.4811
300.5016
300.5179
300.5163
300.3764
300.3526
300.542
300.5396
300.533
300.5609
300.5583
300.5584
300.5622
300.5596
300.5629
300.5485
300.5461
300.5536
300.502
300.5002
300.5173
300.5188
300.5192
300.3774
300.3533
300.5432
300.5438
300.5342
300.5623
300.5629
300.5597
300.5636
300.5642
300.5642
300.5498
300.5504
300.5549
300.5031
300.5036
300.5185
300.5099
300.513
300.3692
300.3479
300.5306
300.5352
300.5222
300.5485
300.5536
300.5461
300.5498
300.5549
300.5504
300.5368
300.5416
300.5416
300.4929
300.4964
300.5072
300.4804
300.4893
300.3474
300.3445
300.4879
300.5018
300.4813
300.5021
300.5174
300.5003
300.5032
300.5185
300.5037
300.4929
300.5072
300.4965
300.4585
300.4689
300.4689
300.4766
300.4853
301.0915
300.4811
300.5298
300.4272
300.4
300.4376
300.4841
300.4824
300.4291
300.3968
300.4315
300.4359
300.3993
300.434
300.4874
300.4871
300.4374
300.4039
300.4385
300.4395
300.4046
300.4392
300.4855
300.4865
300.4395
300.4046
300.4392
300.4374
300.4038
300.4385
300.4779
300.4802
300.4358
300.3992
300.4339
300.429
300.3967
300.4314
300.9688
300.5517
300.427
300.3995
300.4371
301.088
300.4797
300.5284
300.4763
300.4849
301.0898
300.4805
300.5289
300.4271
300.3999
300.4373
300.5763
300.5599
300.5771
300.576
300.5587
300.5768
300.5815
300.5819
300.5819
300.571
300.5569
300.5691
300.5692
300.5753
300.5574
300.5633
300.5588
300.5492
300.5647
300.5583
300.5642
300.552
300.5547
300.5351
300.55
300.5491
300.5328
300.5657
300.5582
300.567
300.5502
300.5492
300.533
300.552
300.5547
300.535
300.5734
300.5564
300.5753
300.5634
300.5589
300.5492
300.5691
300.5752
300.557
300.5795
300.5746
300.5759
300.5819
300.582
300.5821
300.5769
300.5612
300.5778
300.4771
300.4856
301.09
300.4805
300.5295
300.4275
300.3998
300.4377
300.4838
300.482
300.429
300.3969
300.4315
300.4358
300.3994
300.4339
300.5695
300.5754
300.5576
300.5708
300.5557
300.569
300.5637
300.5495
300.5592
300.5208
300.5321
300.515
300.5209
300.5323
300.5152
300.5129
300.5075
300.5076
300.5059
300.5162
300.5051
300.501
300.5037
300.4964
300.4995
300.4987
300.495
300.5076
300.5182
300.5106
300.4995
300.4987
300.495
300.501
300.5037
300.4964
300.529
300.5404
300.5404
300.5127
300.5074
300.5074
300.5205
300.5317
300.5147
300.5738
300.5757
300.558
300.5631
300.5488
300.5587
300.5714
300.5584
300.5695
300.4848
300.4831
300.4295
300.3969
300.4319
300.4363
300.3993
300.4344
300.487
300.4867
300.4374
300.404
300.4384
300.4395
300.4047
300.4391
300.5525
300.5552
300.5356
300.5646
300.5572
300.5642
300.5505
300.5333
300.5496
300.5011
300.5038
300.4964
300.5061
300.5166
300.5053
300.4995
300.495
300.4988
300.4899
300.4921
300.4892
300.4899
300.4921
300.4892
300.4887
300.488
300.488
300.4911
300.4934
300.4934
300.4887
300.4881
300.4881
300.4899
300.4921
300.4892
300.5075
300.5104
300.518
300.4994
300.495
300.4987
300.5058
300.516
300.5049
300.5659
300.5673
300.5597
300.5497
300.5325
300.5489
300.5649
300.5597
300.5645
300.4881
300.4878
300.4378
300.404
300.4389
300.44
300.4047
300.4396
300.4851
300.4861
300.4395
300.4047
300.4391
300.4374
300.404
300.4384
300.5506
300.5497
300.5335
300.5656
300.5571
300.5669
300.5524
300.5354
300.5551
300.4996
300.4988
300.495
300.5078
300.5185
300.5108
300.501
300.4964
300.5037
300.4887
300.488
300.488
300.4911
300.4933
300.4934
300.4898
300.4892
300.4921
300.4899
300.4893
300.4921
300.4899
300.4892
300.4921
300.4911
300.4934
300.4934
300.5058
300.5049
300.5161
300.5009
300.4964
300.5036
300.5075
300.5179
300.5104
300.5649
300.5645
300.5597
300.5515
300.5346
300.5545
300.5659
300.5597
300.5673
300.4862
300.4872
300.44
300.4047
300.4396
300.4378
300.404
300.4389
300.4776
300.4798
300.4358
300.3994
300.4339
300.429
300.3969
300.4314
300.5637
300.5593
300.5497
300.573
300.5552
300.5748
300.5694
300.5575
300.5752
300.5129
300.5076
300.5075
300.5293
300.5409
300.5408
300.5207
300.5149
300.532
300.4995
300.495
300.4987
300.5076
300.5106
300.5182
300.5059
300.505
300.5162
300.501
300.4964
300.5036
300.5059
300.505
300.5163
300.5076
300.5105
300.5181
300.5205
300.5147
300.5318
300.5206
300.5148
300.532
300.5288
300.5403
300.5404
300.5714
300.5695
300.5584
300.569
300.5569
300.5752
300.5738
300.5579
300.5757
300.4786
300.4808
300.4362
300.3993
300.4344
300.4294
300.3968
300.4319
300.9699
300.5518
300.4271
300.3999
300.4373
301.0899
300.4806
300.5289
300.5814
300.5818
300.5819
300.5789
300.5736
300.5747
300.5761
300.5771
300.5599
300.4766
300.4852
301.0916
300.4811
300.5298
300.4272
300.4
300.4376
300.5632
300.5492
300.5589
300.5732
300.575
300.5564
300.5708
300.569
300.5568
300.484
300.4823
300.4291
300.3968
300.4315
300.4358
300.3992
300.4339
300.55
300.5328
300.5492
300.5655
300.5669
300.5581
300.5645
300.5641
300.5582
300.4873
300.487
300.4373
300.4038
300.4384
300.4394
300.4045
300.4391
300.5519
300.535
300.5548
300.5646
300.5642
300.5582
300.5656
300.567
300.5581
300.4854
300.4864
300.4394
300.4045
300.4391
300.4373
300.4038
300.4384
300.5691
300.557
300.5753
300.5709
300.5691
300.5568
300.5733
300.5752
300.5563
300.4779
300.4801
300.4357
300.3991
300.4338
300.4289
300.3966
300.4314
300.5768
300.5778
300.5612
300.5764
300.5772
300.5597
300.5795
300.5759
300.5746
300.9702
300.9688
300.5526
300.5516
300.4275
300.3998
300.4377
300.427
300.3995
300.4371
301.09
301.088
300.4805
300.4797
300.5295
300.5283
300.4803
300.3476
300.3444
300.489
300.4804
300.3474
300.3445
300.4893
300.459
300.4693
300.4694
300.5095
300.3692
300.3477
300.5126
300.4879
300.4814
300.5018
300.4932
300.4967
300.5075
300.5184
300.3774
300.353
300.5188
300.5022
300.5004
300.5175
300.5033
300.5038
300.5187
300.5174
300.3763
300.3522
300.5158
300.5033
300.5038
300.5186
300.5021
300.5003
300.5174
300.5049
300.3649
300.3451
300.4992
300.493
300.4966
300.5073
300.4877
300.4811
300.5016
300.4952
300.3601
300.3925
300.3603
300.3927
300.4586
300.469
300.4689
300.4797
300.3475
300.344
300.4885
300.4881
300.4815
300.5019
300.5099
300.3692
300.3479
300.513
300.4933
300.5076
300.4969
300.5306
300.5222
300.5352
300.5306
300.5222
300.5352
300.537
300.5417
300.5418
300.5432
300.5341
300.5437
300.5486
300.5462
300.5537
300.5499
300.5505
300.555
300.5419
300.5328
300.5395
300.5498
300.5504
300.555
300.5485
300.5461
300.5536
300.5243
300.516
300.516
300.5369
300.5416
300.5416
300.5305
300.522
300.5351
300.5047
300.499
300.3651
300.3451
300.4929
300.5073
300.4965
300.5091
300.3693
300.3475
300.5122
300.5024
300.5006
300.5176
300.5189
300.3774
300.3533
300.5192
300.5036
300.5188
300.504
300.5486
300.5462
300.5537
300.5433
300.5342
300.5438
300.5499
300.555
300.5505
300.5623
300.5597
300.5629
300.5623
300.5597
300.5629
300.5636
300.5642
300.5643
300.5609
300.5583
300.5583
300.5636
300.5642
300.5642
300.5622
300.5596
300.5629
300.5418
300.5395
300.5328
300.5498
300.5549
300.5504
300.5431
300.534
300.5436
300.5171
300.5155
300.3765
300.3521
300.5031
300.5185
300.5036
300.5181
300.3775
300.3528
300.5185
300.5036
300.504
300.5188
300.5179
300.3764
300.3526
300.5163
300.5024
300.5176
300.5006
300.5499
300.5505
300.555
300.542
300.533
300.5396
300.5486
300.5537
300.5462
300.5636
300.5643
300.5642
300.5609
300.5583
300.5583
300.5623
300.5629
300.5597
300.5622
300.5629
300.5596
300.5622
300.5629
300.5596
300.5609
300.5583
300.5583
300.5431
300.5437
300.534
300.5485
300.5536
300.546
300.5418
300.5327
300.5394
300.5181
300.5185
300.3775
300.3528
300.502
300.5173
300.5001
300.5171
300.3765
300.3521
300.5155
300.4933
300.4969
300.5075
300.5054
300.365
300.3455
300.4997
300.4881
300.5018
300.4815
300.537
300.5417
300.5417
300.5244
300.5162
300.5162
300.5306
300.5352
300.5221
300.5498
300.555
300.5504
300.5419
300.5395
300.5328
300.5431
300.5437
300.5341
300.5485
300.5536
300.546
300.5431
300.5437
300.534
300.5418
300.5394
300.5328
300.5304
300.535
300.522
300.5304
300.535
300.522
300.5242
300.516
300.516
300.5091
300.5122
300.3693
300.3475
300.4876
300.5015
300.481
300.5046
300.3651
300.3451
300.499
300.459
300.4694
300.4693
300.4959
300.3603
300.3934
300.3605
300.3934
300.4802
300.489
300.3475
300.3444
300.4931
300.5074
300.4967
300.505
300.4994
300.365
300.3453
300.5095
300.5126
300.3692
300.3476
300.5033
300.5186
300.5037
300.5174
300.5158
300.3763
300.3523
300.5184
300.5187
300.3773
300.3529
300.5021
300.5173
300.5002
300.5183
300.5187
300.3773
300.3529
300.5173
300.5157
300.3763
300.3522
300.4877
300.5016
300.4811
300.5093
300.5124
300.3691
300.3475
300.5048
300.4991
300.3649
300.3451
300.4796
300.4885
300.3474
300.3439
300.4797
300.4886
300.3472
300.3439
300.4951
300.3603
300.3927
300.36
300.3925
)
;
        refGradient     nonuniform List<scalar> 
1536
(
0.06859184
0.06786089
0.06767635
0.06755902
0.0674292
0.06744541
0.06833032
0.06779729
0.06760323
0.06748149
0.06734721
0.0673693
0.06830125
0.06775944
0.06756412
0.0674407
0.06730533
0.06732559
0.06832122
0.06777788
0.0675817
0.06745753
0.06732207
0.06734164
0.06830432
0.06776203
0.06756657
0.06744318
0.06730758
0.06732816
0.06840697
0.06787939
0.06768502
0.06756271
0.06742893
0.06745043
0.0394967
0.07693872
-1.200382
0.02235886
-1.208787
0.02236419
-1.209088
0.02234443
-1.209146
0.02222355
-1.209038
0.02216043
-1.208606
0.02670957
0.06930747
-1.196918
-1.207949
-1.208254
-1.208312
-1.208205
-1.207762
0.01526614
0.06944486
-1.197229
-1.208264
-1.208575
-1.208634
-1.208525
-1.208076
0.01532782
0.06951509
-1.197288
-1.208324
-1.208635
-1.208695
-1.208585
-1.208135
0.01537024
0.06943221
-1.197182
-1.208217
-1.208527
-1.208586
-1.208477
-1.208029
0.01530867
0.0693513
-1.196756
-1.20778
-1.208083
-1.208141
-1.208034
-1.207594
0.015297
0.04371725
0.02654612
0.02655112
0.0265309
0.02640946
0.02634577
0.05420957
0.0421682
0.04210761
0.04204278
0.04203502
0.04200564
0.04198881
0.04191775
0.04189275
0.04186757
0.04190472
0.04270193
0.08558307
0.08865426
0.06795789
0.06838924
0.06796783
0.06770783
0.06786388
0.06770301
0.06759004
0.06767029
0.06758066
0.06745938
0.06754864
0.06744644
0.06740315
0.06741543
0.06739071
0.06762734
0.06743742
0.06721272
0.04243865
0.04136966
0.0886225
0.08864652
0.06790189
0.06829489
0.06785899
0.06763583
0.06775384
0.06759166
0.06751359
0.0675588
0.0674682
0.06737854
0.06743577
0.06733221
0.06732224
0.06730047
0.06727444
0.0671493
0.06732132
0.06710368
0.04132062
0.04130414
0.08866607
0.08870651
0.06786442
0.06832018
0.06788176
0.06759706
0.06777698
0.06761409
0.06747315
0.06758085
0.0674893
0.06733704
0.06745671
0.06735302
0.06727899
0.06732128
0.06729481
0.06710765
0.06734088
0.06712245
0.04131407
0.04133766
0.08870847
0.08867982
0.06788265
0.06830857
0.06787089
0.0676149
0.06776579
0.06760321
0.06749009
0.06757015
0.067479
0.06735377
0.06744645
0.06734264
0.06729553
0.06731083
0.06728438
0.06712314
0.0673309
0.06711247
0.04133807
0.04131697
0.08866419
0.08865177
0.06786728
0.06834605
0.06791582
0.06759947
0.067811
0.06764904
0.06747564
0.06761625
0.0675262
0.06733934
0.06749391
0.06739062
0.06728133
0.06735914
0.06733386
0.0671099
0.06738081
0.06715977
0.04130789
0.04132699
0.08868722
0.08694158
0.06798355
0.0686217
0.06799137
0.05845613
0.04598194
0.06771791
0.06789402
0.06773985
0.04592132
0.04585623
0.06759486
0.06770802
0.06762073
0.04584837
0.04581864
0.06746006
0.0675894
0.0674889
0.04580168
0.04573021
0.06740384
0.06745845
0.06743164
0.04570506
0.04567943
0.06722458
0.06747367
0.06765027
0.04137688
0.04571646
0.04246795
0.04278871
0.02239288
-1.208634
0.06930667
-1.196757
-1.207623
0.02235754
-1.209043
-1.207781
-1.208038
0.02235949
-1.209146
-1.208084
-1.208142
0.02225938
-1.209085
-1.208142
-1.208081
0.02214588
-1.20877
-1.208035
-1.207764
0.02705001
-1.214848
-1.207595
0.01529138
-1.219326
-1.207789
0.06940824
-1.197183
-1.208056
-1.208208
-1.208218
-1.208481
-1.208312
-1.208527
-1.208587
-1.208252
-1.208586
-1.208525
-1.207932
-1.208478
-1.208202
-1.219488
-1.208029
0.01530575
-1.219753
-1.208103
0.06951242
-1.197288
-1.208162
-1.208528
-1.208324
-1.208589
-1.208634
-1.208636
-1.208695
-1.208573
-1.208695
-1.208634
-1.208249
-1.208585
-1.208308
-1.219799
-1.208135
0.01536992
-1.219859
-1.208162
0.06946353
-1.197228
-1.208102
-1.208589
-1.208264
-1.208528
-1.208695
-1.208575
-1.208634
-1.208634
-1.208634
-1.208573
-1.208308
-1.208525
-1.208248
-1.219859
-1.208076
0.01533008
-1.219799
-1.208056
0.06934711
-1.196917
-1.207789
-1.208481
-1.207948
-1.208208
-1.208586
-1.208253
-1.208312
-1.208525
-1.208311
-1.208251
-1.208201
-1.208204
-1.207932
-1.219753
-1.207761
0.01527112
-1.219487
-1.207623
0.07786621
-1.199609
0.02658017
-1.207429
-1.208038
-1.207582
0.02654457
-1.207838
-1.208141
-1.207883
0.02654608
-1.207941
-1.208081
-1.207941
0.02644544
-1.20788
-1.207764
-1.207833
0.02633133
-1.207565
-1.219325
-1.207401
0.0267327
0.02722311
-1.214073
0.06854975
0.06830335
0.06861017
0.05437351
0.08916223
0.05688855
0.08974141
0.06802775
0.06779392
0.06809704
0.05696654
0.05691815
0.06787627
0.06764768
0.06790599
0.05684728
0.05683133
0.06775218
0.06752629
0.06778537
0.05677242
0.05674687
0.06763086
0.06740549
0.0676544
0.05666347
0.05664171
0.06776312
0.06753119
0.06767408
0.05668027
0.05672408
0.05308315
0.05589446
0.06823531
0.06826529
0.06830267
0.0895277
0.08951245
0.06769401
0.06772613
0.06776546
0.06754128
0.06757345
0.06757117
0.06741515
0.06744773
0.06744904
0.06728968
0.06732299
0.06731414
0.06743015
0.06746332
0.06733589
0.05608648
0.05606104
0.06823716
0.06823006
0.06830912
0.08953809
0.08955162
0.0676953
0.0676881
0.0677667
0.06754064
0.06753387
0.06757104
0.06741321
0.06740669
0.06744729
0.06728739
0.06728087
0.06731189
0.06742532
0.06741933
0.06733179
0.05606382
0.05607234
0.06824629
0.06824834
0.06831902
0.08957034
0.08956687
0.0677043
0.06770644
0.06777577
0.06754917
0.0675512
0.06757969
0.06742145
0.06742345
0.06745558
0.06729554
0.06729762
0.06732006
0.06743299
0.06743494
0.06733965
0.05608402
0.0560809
0.06823514
0.06823333
0.06830496
0.08953812
0.08953061
0.06769239
0.06769049
0.06776398
0.06753876
0.06753635
0.0675689
0.06741181
0.06740913
0.06744589
0.06728574
0.06728305
0.06731034
0.06742531
0.06742208
0.06733123
0.05606119
0.05605935
0.06845347
0.06834417
0.06851022
0.08959843
0.08970193
0.06792605
0.06780838
0.06799652
0.0677728
0.06765498
0.06780286
0.06764714
0.06752896
0.06768073
0.06752397
0.06740479
0.06754791
0.06765963
0.0675434
0.06756858
0.05615216
0.05621665
0.05851469
0.05697975
0.05705411
0.05700495
0.05693185
0.05691519
0.05685426
0.05682808
0.05674285
0.0567205
0.05675738
0.05680071
-1.204832
-1.206626
0.02551275
-1.196779
0.07058832
-1.207574
-1.208899
0.02234881
-1.207463
-1.207793
-1.209118
0.02236836
-1.207762
-1.207811
-1.209136
0.02232204
-1.20782
-1.207651
-1.208975
0.02218811
-1.207713
-1.207255
-1.208527
0.02213849
-1.20728
-1.20518
-1.205064
-1.197034
0.06933274
-1.208181
-1.208062
-1.208067
-1.208405
-1.208284
-1.208374
-1.208423
-1.208303
-1.208432
-1.208261
-1.208141
-1.208325
-1.207883
-1.207766
-1.207879
-1.205405
-1.205374
-1.19726
0.0694762
-1.20841
-1.20838
-1.208295
-1.208637
-1.208606
-1.208606
-1.208656
-1.208625
-1.208666
-1.208492
-1.208461
-1.208556
-1.208109
-1.208078
-1.208107
-1.205424
-1.205433
-1.197279
0.06950715
-1.20843
-1.208439
-1.208314
-1.208657
-1.208667
-1.208626
-1.208676
-1.208686
-1.208686
-1.208511
-1.208521
-1.208576
-1.208129
-1.208138
-1.208126
-1.205265
-1.205327
-1.19712
0.06939789
-1.208269
-1.208332
-1.208154
-1.208494
-1.208558
-1.208463
-1.208512
-1.208577
-1.208522
-1.208349
-1.208413
-1.208413
-1.207969
-1.208032
-1.207966
-1.204698
-1.2049
-1.196563
0.06949258
-1.20766
-1.207893
-1.207548
-1.207879
-1.208113
-1.207849
-1.207897
-1.208132
-1.207907
-1.207737
-1.207971
-1.2078
-1.207366
-1.2076
-1.207363
0.05704365
0.05712998
0.05505662
0.04396455
0.04775043
0.04805267
0.04226435
0.04811086
0.05686466
0.05688644
0.04798746
0.04207311
0.04794911
0.0479127
0.04205362
0.04792636
0.05679489
0.05681428
0.04790263
0.04202773
0.04789333
0.04786826
0.04201835
0.04788229
0.05669036
0.05671907
0.0478505
0.04196788
0.04782902
0.04777883
0.04194374
0.04780468
0.05663959
0.0566312
0.04775424
0.0418717
0.04773408
0.04773294
0.04186083
0.04772449
0.05340727
0.05635809
0.04777221
0.04197333
0.04779689
0.04433282
0.04207209
0.04730657
0.08957277
0.08965595
0.08623845
0.08843873
0.09035753
0.09074769
0.08869075
0.09077742
0.06834608
0.06809982
0.06819753
0.06843511
0.06849049
0.06832775
0.06823437
0.0680817
0.0681231
0.06797742
0.06774521
0.06793859
0.06790879
0.06797904
0.06779306
0.06785807
0.067819
0.06774216
0.06784706
0.06761934
0.067817
0.06775638
0.06778626
0.06764042
0.067727
0.06769673
0.06761103
0.06771816
0.06749262
0.06768472
0.06763143
0.06766487
0.06751503
0.06759712
0.06756337
0.06748049
0.06761989
0.06739421
0.06762979
0.06750888
0.06753268
0.0673914
0.06749779
0.06750809
0.06738019
0.06784426
0.0676335
0.06746987
0.0676451
0.0675539
0.06753052
0.06771307
0.06732106
0.06760088
0.05614309
0.05620635
0.04407144
0.04160624
0.04685512
0.04725262
0.04145312
0.04729432
0.08952441
0.08951386
0.09071086
0.08861807
0.0907021
0.09072388
0.08862848
0.09070888
0.06802753
0.06805846
0.06787041
0.06822448
0.06829341
0.06822463
0.06801634
0.06785906
0.06801631
0.06764291
0.06767506
0.06760369
0.06768249
0.06775396
0.06768239
0.0676314
0.06759207
0.0676312
0.06751179
0.06754407
0.06748123
0.06752936
0.06755938
0.06752866
0.06749977
0.06746913
0.06749898
0.06738022
0.06741293
0.06734572
0.06740283
0.0674368
0.06740178
0.06736786
0.06733332
0.06736681
0.06727812
0.06731165
0.06728873
0.06727711
0.06730161
0.06727599
0.06726538
0.06727579
0.06726426
0.06750257
0.06753528
0.06711774
0.06741701
0.06732284
0.06741531
0.06748938
0.06710508
0.06748753
0.05605647
0.05605354
0.04720063
0.04130078
0.0471784
0.04717828
0.04129769
0.04717339
0.08956882
0.08956231
0.09074108
0.0886842
0.09075735
0.09077759
0.08869813
0.09076997
0.06802873
0.06802169
0.06787154
0.0682434
0.06831588
0.06824738
0.06803495
0.06787783
0.06803888
0.06764388
0.06763677
0.06760407
0.06770162
0.06777307
0.06770553
0.06765014
0.06761029
0.06765403
0.06751071
0.06750404
0.06747977
0.06754664
0.06757712
0.06755034
0.06751664
0.06748568
0.06752034
0.06737815
0.06737165
0.06734357
0.06741902
0.06745312
0.06742263
0.06738398
0.06734943
0.06738761
0.06727553
0.06726904
0.06728542
0.06729321
0.0673177
0.06729682
0.06728137
0.06729123
0.067285
0.06749712
0.06749131
0.06711364
0.06743075
0.06733738
0.06743418
0.06750242
0.06711903
0.0675058
0.05608351
0.05607935
0.04718709
0.04132457
0.0471967
0.04720891
0.04133288
0.04720442
0.08954874
0.08955923
0.09077938
0.08870403
0.09077535
0.09075363
0.08869402
0.09076632
0.06803774
0.0680398
0.06788056
0.06824197
0.06831434
0.06823682
0.06803341
0.06787616
0.06802825
0.06765276
0.06765488
0.06761284
0.06769977
0.06777124
0.06769434
0.0676483
0.06760849
0.06764297
0.06751912
0.06752114
0.06748812
0.06754489
0.06757535
0.06753981
0.06751492
0.06748397
0.06750994
0.06738635
0.06738838
0.06735176
0.06741725
0.06745139
0.06741235
0.06738218
0.06734759
0.06737729
0.06728364
0.06728574
0.06729347
0.06729127
0.06731581
0.0672863
0.06727941
0.06728928
0.06727446
0.06750461
0.06750653
0.06712109
0.06742906
0.06733557
0.06742458
0.06750077
0.06711708
0.06749645
0.05606747
0.05607494
0.04720936
0.04133411
0.04720577
0.04719025
0.04132663
0.04719895
0.08955047
0.08953223
0.09074001
0.08865006
0.09072858
0.09073761
0.08864353
0.09072535
0.06802668
0.06802475
0.06786922
0.06824792
0.06831633
0.06827983
0.06803979
0.06788247
0.0680726
0.06764115
0.06763914
0.06760165
0.06770572
0.06777733
0.06773964
0.06765449
0.06761516
0.06768842
0.06750903
0.06750651
0.06747827
0.06755241
0.06758245
0.06758629
0.06752281
0.06749217
0.06755679
0.06737672
0.06737401
0.06734208
0.06742578
0.06745981
0.06746
0.06739077
0.06735619
0.0674251
0.06727391
0.0672712
0.06728424
0.0672999
0.06732446
0.0673348
0.06728827
0.06729879
0.06732338
0.0674975
0.06749415
0.06711272
0.06743999
0.06734584
0.06747469
0.0675122
0.06712679
0.06754641
0.05609448
0.05606794
0.04718237
0.04130231
0.04717843
0.04720758
0.04130628
0.0471844
0.0900504
0.08994725
0.09077782
0.08875063
0.09083409
0.08759381
0.08872597
0.09064041
0.0682523
0.06813907
0.0680994
0.06857161
0.06863287
0.06833677
0.06836785
0.06821909
0.06813354
0.05713199
0.05721913
0.05929743
0.04838102
0.05089794
0.04875859
0.04627816
0.04904507
0.0678751
0.06775726
0.0678358
0.06804881
0.06811836
0.06782669
0.06799822
0.06795913
0.0677776
0.05694996
0.05697248
0.04869214
0.04588676
0.04865257
0.0486138
0.04586718
0.04862862
0.06774322
0.0676254
0.06771275
0.06789633
0.06792628
0.06767901
0.0678669
0.06783661
0.06765035
0.05687739
0.05689745
0.04860262
0.04584097
0.04859225
0.04856516
0.04583147
0.04858018
0.06761266
0.06749425
0.06757874
0.06777139
0.06780478
0.06755638
0.06773717
0.06770354
0.06752243
0.05677034
0.05679966
0.04854644
0.04578062
0.04852405
0.04847211
0.04575634
0.04849881
0.06751274
0.06739345
0.0675229
0.06764933
0.06767304
0.06743448
0.06763819
0.06764793
0.06742295
0.05671725
0.05670942
0.04844668
0.04568386
0.04842573
0.04842306
0.04567285
0.04841536
0.06772729
0.06761349
0.06733441
0.06778092
0.06769206
0.06755919
0.06786153
0.06748579
0.06766072
0.05310526
0.05347933
0.05590753
0.05643485
0.04726049
0.04146145
0.0473034
0.04846164
0.04555812
0.0482857
0.04410057
0.04441694
0.04161867
0.04344018
0.04686805
0.04739832
-1.206909
-1.208278
0.02272099
-1.207308
-1.204719
-1.196579
0.06942483
-1.204901
-1.20699
-1.207417
-1.207189
-1.207657
-1.208982
0.02235038
-1.207717
-1.207684
-1.207573
-1.207893
-1.207768
-1.207829
-1.207978
-1.207812
-1.209137
0.02236718
-1.207821
-1.207904
-1.207874
-1.208114
-1.207923
-1.207932
-1.208133
-1.207791
-1.209116
0.02229326
-1.20776
-1.207922
-1.207931
-1.208132
-1.207902
-1.207871
-1.208112
-1.207563
-1.208888
0.02215984
-1.207445
-1.207762
-1.207825
-1.207972
-1.207674
-1.207556
-1.207883
-1.208854
-1.209499
0.02191829
-1.218372
0.01707366
-1.207391
-1.207388
-1.207601
-1.209237
-1.219077
0.01547182
-1.209466
-1.20747
-1.207354
-1.207907
-1.205266
-1.19712
0.06936864
-1.205328
-1.207557
-1.207994
-1.207619
-1.208267
-1.208147
-1.208328
-1.20827
-1.208155
-1.208333
-1.208355
-1.208417
-1.208419
-1.208424
-1.208303
-1.208433
-1.208494
-1.208463
-1.208558
-1.208513
-1.208522
-1.208578
-1.208403
-1.208283
-1.208372
-1.208513
-1.208522
-1.208577
-1.208493
-1.208461
-1.208557
-1.208172
-1.208052
-1.208051
-1.20835
-1.208414
-1.208413
-1.20826
-1.208139
-1.208323
-1.209745
-1.209629
-1.219604
0.01526815
-1.20797
-1.207967
-1.208032
-1.209832
-1.21969
0.01528365
-1.209894
-1.207696
-1.207665
-1.208133
-1.205424
-1.197279
0.06949914
-1.205433
-1.207715
-1.208153
-1.207724
-1.208497
-1.208466
-1.20856
-1.20843
-1.208314
-1.208439
-1.208517
-1.208579
-1.208526
-1.208657
-1.208625
-1.208666
-1.208657
-1.208626
-1.208667
-1.208677
-1.208686
-1.208686
-1.208636
-1.208605
-1.208604
-1.208676
-1.208686
-1.208686
-1.208656
-1.208624
-1.208665
-1.208401
-1.20837
-1.208279
-1.208511
-1.208576
-1.208521
-1.208421
-1.208299
-1.20843
-1.209971
-1.20994
-1.21983
0.01534763
-1.208129
-1.208126
-1.208138
-1.209991
-1.21985
0.01536207
-1.21
-1.207715
-1.207724
-1.208153
-1.205404
-1.197259
0.06948954
-1.205374
-1.207696
-1.208133
-1.207665
-1.208517
-1.208526
-1.208579
-1.20841
-1.208295
-1.208379
-1.208497
-1.208559
-1.208466
-1.208677
-1.208686
-1.208686
-1.208637
-1.208606
-1.208606
-1.208657
-1.208666
-1.208625
-1.208656
-1.208665
-1.208624
-1.208656
-1.208666
-1.208624
-1.208636
-1.208604
-1.208604
-1.208421
-1.20843
-1.208299
-1.208492
-1.208556
-1.20846
-1.208401
-1.208279
-1.20837
-1.209991
-1.21
-1.21985
0.01536303
-1.208109
-1.208106
-1.208078
-1.209971
-1.21983
0.01534923
-1.20994
-1.207557
-1.207619
-1.207994
-1.205179
-1.197034
0.06936723
-1.205063
-1.20747
-1.207906
-1.207353
-1.208355
-1.208419
-1.208417
-1.208181
-1.208067
-1.208062
-1.208266
-1.208328
-1.208147
-1.208513
-1.208577
-1.208522
-1.208404
-1.208374
-1.208284
-1.208423
-1.208432
-1.208303
-1.208492
-1.208557
-1.208461
-1.208423
-1.208432
-1.208302
-1.208403
-1.208371
-1.208282
-1.20826
-1.208323
-1.208138
-1.20826
-1.208324
-1.20814
-1.208171
-1.20805
-1.208052
-1.209831
-1.209894
-1.21969
0.01528725
-1.207882
-1.207879
-1.207765
-1.209745
-1.219603
0.01527245
-1.209628
-1.206966
-1.207189
-1.207392
-1.204614
-1.196623
0.07082355
-1.205473
0.02971553
-1.206665
-1.207062
-1.207077
0.02690969
-1.207743
-1.207977
-1.207804
-1.207327
-1.207216
-1.207694
0.02653601
-1.20741
-1.207471
-1.207777
0.0265375
-1.207898
-1.208132
-1.207907
-1.207546
-1.207516
-1.207913
0.02655518
-1.207565
-1.207574
-1.207932
0.02655388
-1.207878
-1.208112
-1.207847
-1.207564
-1.207574
-1.207931
0.02650837
-1.207544
-1.207513
-1.207911
0.02647946
-1.207649
-1.207883
-1.207531
-1.207404
-1.207467
-1.20777
0.02637387
-1.207316
-1.207199
-1.207683
0.02634545
-1.209216
-1.209465
-1.219061
0.01547835
-1.207011
-1.207033
-1.207325
0.02632509
-1.208636
-1.218215
0.01708372
-1.208345
0.02611836
)
;
        valueFraction   nonuniform List<scalar> 
1536
(
0.003421796
0.00333329
0.003316554
0.003314452
0.003318126
0.003345307
0.003334926
0.003948724
0.004082544
0.004101929
0.004068901
0.003874401
0.003317801
0.004080536
0.004172554
0.004178034
0.004169213
0.004004594
0.003315597
0.004099447
0.004177793
0.004180066
0.00417682
0.004028333
0.003319322
0.004065466
0.004168273
0.004176397
0.004162682
0.003985164
0.003346992
0.003869857
0.004000671
0.004024998
0.003982534
0.00380887
0.003982397
0.0039824
0.003628309
0.00393926
0.003563894
0.003895033
0.003518315
0.003886524
0.00351075
0.003903743
0.003529902
0.003967427
0.003601609
0.003983523
0.003939564
0.003564041
0.003889134
0.003816707
0.003807284
0.003836755
0.003959018
0.003940538
0.003895054
0.003518145
0.003816207
0.003733903
0.003722978
0.003756368
0.003892319
0.003895972
0.003886261
0.003510298
0.003806428
0.003722593
0.003711043
0.003745604
0.003883363
0.00388714
0.003903216
0.003529223
0.003835625
0.003755714
0.003745302
0.00377734
0.003909845
0.003904084
0.003966695
0.003600737
0.003957521
0.003891313
0.003882718
0.003909473
0.004022129
0.003967559
0.003983375
0.003940321
0.003896103
0.003887577
0.003904746
0.003968339
0.004076428
0.004463789
0.004434583
0.004393627
0.004385402
0.004375735
0.004375879
0.004386149
0.004394647
0.004436176
0.004465604
0.004076948
0.00407645
0.00446474
0.00334475
0.003346557
0.003804456
0.003317761
0.003869369
0.003981032
0.003314435
0.004000261
0.004025149
0.003316819
0.004024633
0.004002005
0.003333809
0.003982324
0.003873767
0.0034207
0.003808787
0.003343374
0.004076939
0.004464629
0.004435453
0.004394279
0.003868383
0.003319094
0.003978158
0.004067004
0.004065238
0.004160688
0.004101946
0.004168053
0.004175873
0.004083946
0.00417616
0.004168733
0.003953468
0.004162489
0.004071024
0.003331989
0.003985042
0.003316624
0.004435289
0.004394083
0.004385968
0.004376091
0.003997055
0.003315585
0.004021418
0.004167827
0.004099559
0.004175404
0.004177889
0.004177681
0.004179814
0.004173324
0.004179933
0.00417815
0.004085889
0.004176764
0.004104044
0.00331543
0.004028147
0.003313264
0.004385722
0.004375807
0.004376142
0.004386194
0.004020815
0.003317977
0.00399779
0.00417565
0.004080929
0.004167762
0.004179945
0.004172704
0.00417792
0.004178356
0.004178162
0.00417328
0.004104395
0.004169387
0.004085529
0.00331329
0.004004554
0.003315531
0.004375828
0.004385901
0.004394606
0.004435971
0.003977884
0.003335285
0.003869155
0.00416117
0.003948906
0.004067748
0.004176294
0.004083057
0.004101803
0.004169186
0.004102239
0.004083716
0.004070581
0.004068971
0.003954147
0.003316769
0.003874573
0.003332228
0.004394304
0.004435672
0.004465364
0.004077313
0.003804693
0.003422428
0.003345487
0.004077423
0.004464998
0.003980834
0.003334041
0.003318527
0.004435788
0.004394866
0.004024727
0.003317324
0.003315172
0.004386627
0.004376971
0.00400165
0.003315206
0.003317519
0.004377086
0.004387337
0.003873658
0.00331882
0.003334447
0.004395794
0.004437264
0.003343674
0.003345919
0.003421248
0.00446506
0.004466638
0.004077604
0.004077749
0.003965729
0.003599888
0.003966105
0.003600148
0.004019122
0.003902801
0.003528976
0.003956818
0.00390766
0.003886391
0.00351058
0.003890604
0.003881806
0.00389572
0.003518924
0.003882021
0.003891353
0.003940737
0.003565307
0.003908805
0.00395876
0.003983511
0.003629422
0.004021562
0.003967132
0.003601395
0.00395658
0.003902907
0.00352892
0.003907122
0.003835581
0.003835275
0.003775879
0.003807051
0.003755349
0.003744803
0.003817424
0.003744947
0.003756168
0.003891077
0.003776982
0.003837263
0.003565231
0.003909538
0.003903862
0.003530149
0.003889873
0.003886218
0.00351025
0.003880909
0.003755146
0.003806387
0.003744417
0.003722712
0.003722522
0.003710839
0.003734599
0.003710985
0.003723378
0.003818136
0.003745545
0.003808352
0.00351934
0.003883325
0.003887118
0.003511442
0.003880933
0.003895273
0.003518348
0.003890132
0.003744367
0.003816447
0.003755466
0.003710777
0.003734094
0.003723034
0.003723316
0.003723167
0.003734904
0.003808342
0.003756561
0.003818378
0.003511473
0.003892518
0.00389615
0.003519508
0.003907424
0.003940061
0.003564517
0.003957159
0.003776126
0.003889727
0.003836196
0.003745049
0.003817271
0.003807652
0.003756404
0.003807833
0.00381799
0.003837519
0.003837277
0.003891581
0.003530381
0.003959485
0.003940919
0.003565622
0.004019804
0.003983258
0.003629094
0.003966793
0.003600735
0.003908323
0.003564737
0.003903884
0.003529834
0.003882491
0.003519163
0.003887464
0.003511425
0.003892003
0.003511577
0.003896756
0.003519745
0.00395935
0.003530693
0.003941693
0.003566071
0.003601845
0.003602325
0.003984196
0.003984306
0.003630077
0.003696469
0.003401778
0.003402696
0.00380951
0.003809463
0.003759844
0.003760586
0.003702813
0.003325287
0.003692833
0.003632089
0.003617537
0.003736706
0.00331536
0.003731197
0.003594556
0.003591178
0.003740761
0.003314931
0.003742414
0.003588035
0.003589159
0.003714824
0.003321535
0.003723141
0.003599904
0.00360723
0.003688397
0.003370801
0.003683185
0.003655929
0.00369612
0.00380924
0.003759142
0.003703108
0.00369356
0.003326821
0.003633696
0.003619076
0.004059023
0.004003884
0.004003123
0.004138213
0.004093132
0.004129282
0.004142595
0.004099135
0.004144503
0.004096598
0.004044985
0.004117966
0.003826601
0.003793228
0.0039227
0.003630491
0.003616001
0.003735848
0.003730507
0.003316563
0.003596016
0.003592635
0.004136871
0.004128096
0.004090941
0.004179669
0.004176521
0.004176391
0.004179789
0.004177167
0.004180245
0.004161908
0.004155286
0.004174245
0.003904242
0.003892754
0.004017514
0.003593108
0.003589628
0.003739708
0.003741366
0.003316068
0.00358947
0.003590585
0.004140887
0.004142909
0.004096528
0.004179655
0.004180166
0.004176854
0.004179377
0.004179653
0.004179638
0.004164277
0.004165656
0.004175585
0.003911571
0.003914746
0.004025152
0.003586456
0.003587524
0.003714145
0.003722271
0.003322787
0.003601324
0.003608663
0.004093585
0.0041154
0.004041179
0.004160789
0.004173538
0.004153913
0.004163552
0.004175207
0.004164874
0.00412789
0.004146397
0.004146075
0.003855119
0.003875483
0.003960028
0.003598335
0.003605609
0.00368987
0.003683807
0.003372632
0.003657695
0.003697452
0.00382255
0.003918093
0.003789641
0.003900016
0.004013784
0.00388848
0.003907641
0.004021907
0.003910725
0.00385236
0.00395777
0.003872296
0.003722906
0.003751267
0.003750854
0.003654483
0.003695293
0.003810377
0.003760786
0.0036331
0.003618522
0.003595611
0.003592176
0.003589071
0.003590129
0.003600877
0.003608143
0.003656773
0.003696934
0.004127371
0.003675279
0.004037224
0.003675632
0.004037546
0.004010927
0.003550927
0.003924066
0.004024357
0.003967342
0.003514817
0.00389071
0.003970663
0.003963892
0.003511733
0.003887905
0.003963087
0.003993071
0.003536713
0.003912122
0.003986243
0.004106269
0.003632216
0.004002443
0.004076962
0.00401029
0.00402381
0.003551005
0.003924304
0.003850684
0.003870499
0.003870396
0.003791222
0.003812797
0.003795444
0.003786671
0.003808317
0.003785869
0.003825345
0.003845934
0.003815941
0.00398281
0.003998357
0.003941844
0.00396631
0.003969674
0.003514605
0.00389067
0.00379078
0.003795036
0.003812267
0.003724582
0.003729456
0.003729415
0.003719253
0.003724189
0.003718297
0.003762659
0.00376707
0.0037521
0.003932623
0.003936212
0.003888595
0.003962511
0.003961745
0.003511248
0.003887581
0.003785879
0.003785105
0.003807435
0.003718862
0.003717942
0.003723772
0.003713379
0.003712413
0.003712363
0.003757353
0.003756528
0.003746722
0.003928306
0.003927464
0.003884203
0.00399137
0.003984598
0.003536004
0.003911543
0.003824252
0.003814901
0.003844752
0.003761987
0.003751475
0.003766369
0.003757036
0.003746458
0.00375618
0.003797464
0.003787717
0.003787652
0.003960534
0.003952959
0.003918123
0.004104215
0.004074996
0.003631341
0.004001709
0.003981239
0.003940435
0.003996705
0.003931488
0.003887626
0.003935039
0.003927539
0.00388359
0.003926665
0.003960064
0.003917812
0.003952433
0.004089761
0.004057537
0.004057354
0.00365541
0.003695762
0.004008121
0.004520877
0.004389055
0.004310723
0.004503926
0.004354362
0.003599594
0.003606873
0.004281463
0.004417337
0.004264057
0.004240891
0.004402954
0.004250027
0.003588007
0.00358906
0.004233442
0.004380518
0.004228839
0.004224371
0.004377137
0.004225736
0.003594813
0.003591365
0.004224475
0.004377454
0.004225945
0.004233978
0.004381089
0.004229265
0.003632554
0.00361796
0.004241627
0.004404154
0.004250873
0.004282584
0.004418762
0.004265079
0.003809179
0.003759886
0.00431199
0.004505814
0.004355611
0.004008017
0.004522504
0.004389934
0.003657205
0.003696897
0.004008212
0.00452166
0.004390329
0.004312422
0.004504911
0.004356024
0.003687984
0.003370429
0.003682039
0.003689199
0.003372145
0.003683286
0.00372075
0.003747945
0.003747478
0.00371387
0.003321136
0.003722372
0.003821765
0.003789146
0.003917386
0.003850187
0.003870866
0.003955411
0.003740561
0.003314856
0.00374234
0.003899232
0.003888076
0.004012987
0.003906872
0.003910558
0.004021416
0.003736988
0.003315571
0.003731658
0.003906867
0.003910345
0.00402111
0.003900065
0.00388927
0.004014347
0.003703841
0.003325795
0.003693949
0.003851829
0.003872008
0.003957229
0.00382428
0.003791984
0.00392109
0.003694147
0.003400949
0.003400024
0.003722567
0.003750662
0.003750966
0.003687012
0.003368974
0.00368178
0.003654155
0.003694907
0.004007927
0.004521707
0.004388597
0.004310116
0.004504809
0.004353841
0.003601078
0.003608366
0.004283063
0.004418131
0.00426559
0.004242335
0.004403676
0.004251509
0.003819488
0.003787672
0.003915612
0.003713742
0.003322534
0.003721956
0.00384721
0.003952967
0.003867446
0.004094162
0.004042487
0.004116385
0.004093574
0.004041101
0.004115434
0.004125186
0.004144027
0.004143667
0.004142342
0.004098887
0.00414457
0.004160535
0.004153627
0.004173424
0.00416296
0.004164414
0.004174612
0.004138977
0.00409391
0.004130655
0.004163375
0.004164607
0.004175118
0.004161132
0.00415455
0.004173666
0.004062616
0.004007519
0.004007971
0.004127717
0.004145801
0.004146446
0.004097358
0.004046665
0.004118944
0.003703494
0.003693078
0.003324056
0.003854988
0.003959972
0.003875115
0.003714817
0.003319935
0.003723323
0.003598155
0.003605381
0.004280731
0.004417974
0.004263307
0.004240035
0.00440348
0.004249211
0.003589453
0.003590506
0.004234837
0.004381015
0.004230198
0.004225651
0.004377559
0.004227051
0.003895252
0.003884309
0.004009531
0.003739577
0.003316015
0.003741308
0.003902731
0.004017784
0.003906339
0.004159802
0.004153034
0.004173063
0.00414091
0.004096584
0.004143066
0.004162152
0.004174187
0.004163545
0.0041796
0.00417692
0.00418018
0.004179554
0.004176739
0.004180119
0.004179128
0.004179436
0.004179428
0.004180013
0.004176795
0.004177176
0.004179386
0.004179527
0.004179659
0.004179897
0.00417736
0.004180242
0.004140377
0.004131603
0.004096381
0.004164269
0.004175493
0.004165758
0.004144174
0.004101438
0.004145968
0.0037379
0.003732216
0.003314217
0.00391148
0.00402497
0.003914459
0.003741766
0.003313651
0.003743394
0.003586417
0.003587443
0.004232484
0.004380761
0.004227811
0.004223208
0.004377263
0.004224601
0.003596227
0.003592783
0.004225698
0.004377644
0.004227121
0.004235052
0.004381203
0.004230386
0.003902522
0.003906077
0.004017175
0.003735948
0.00331671
0.003730683
0.003895623
0.004010267
0.003884774
0.00416235
0.004163673
0.004174521
0.004137087
0.004091121
0.004128511
0.00415994
0.004172917
0.004153112
0.004179343
0.004179518
0.004179645
0.004179781
0.004176367
0.004176767
0.004179768
0.004180159
0.004177066
0.004180059
0.004180317
0.004177659
0.004180014
0.004180252
0.004177496
0.004180219
0.004177089
0.004176974
0.004144354
0.00414609
0.004101914
0.004162092
0.004174288
0.004155634
0.004140458
0.004096101
0.004131626
0.003741841
0.003743442
0.003313714
0.003904287
0.004017494
0.003892654
0.003737942
0.003314272
0.003732289
0.003593217
0.003589698
0.004223234
0.004377343
0.004224669
0.004232635
0.004380881
0.004227918
0.003634116
0.003619439
0.004242645
0.004404048
0.004251853
0.00428355
0.004418599
0.004266038
0.003847377
0.003867467
0.003952636
0.003703449
0.003327149
0.00369397
0.003820061
0.003916353
0.003788276
0.004125443
0.00414398
0.00414467
0.004058958
0.004003242
0.004003756
0.004094402
0.004116472
0.004042977
0.004163325
0.004174935
0.004164911
0.004138622
0.004129573
0.00409381
0.004142618
0.004144527
0.004099072
0.004161437
0.004173966
0.004155103
0.004143064
0.004144733
0.00409984
0.004139252
0.004130557
0.00409413
0.004097511
0.004119041
0.004046223
0.004096972
0.004118182
0.004044949
0.004063217
0.004008718
0.004008009
0.003715002
0.003723491
0.003320119
0.00382673
0.003922839
0.003793274
0.003703649
0.003324233
0.003693269
0.003630764
0.003616227
0.004240236
0.00440376
0.004249454
0.004281062
0.004418296
0.004263593
0.003810211
0.003761229
0.004313011
0.004505594
0.004356669
0.004009043
0.004522461
0.004391092
0.003721337
0.003747867
0.00374822
0.003697158
0.003403259
0.003402486
0.003688726
0.003682683
0.003371132
0.003656394
0.00369673
0.00400908
0.004522043
0.004390196
0.004311916
0.004505112
0.00435553
0.003850747
0.003955564
0.003870798
0.003703584
0.003693497
0.00332605
0.003714683
0.003723032
0.00332187
0.003600613
0.003607838
0.004282666
0.004418564
0.004265279
0.004242127
0.00440417
0.004251236
0.003907344
0.004021436
0.003910389
0.003737476
0.003731842
0.003316112
0.003741331
0.00374295
0.003315558
0.003589015
0.00359002
0.004234674
0.004381756
0.004230081
0.004225604
0.004378349
0.004226943
0.003900516
0.004014392
0.003889126
0.003741477
0.003743016
0.003315646
0.0037377
0.003732208
0.003316236
0.003595772
0.00359229
0.00422569
0.004378667
0.004227158
0.004235158
0.004382266
0.004230433
0.003824621
0.003921193
0.003791929
0.003715425
0.003723659
0.003322209
0.003704435
0.003694405
0.003326418
0.003633431
0.003618821
0.004242771
0.004405293
0.004252
0.00428365
0.004419859
0.004266158
0.003687404
0.003682105
0.003369332
0.003688862
0.003683636
0.003371383
0.003694597
0.003400435
0.003401511
0.003809844
0.003809907
0.003759604
0.003760662
0.004310507
0.004505294
0.00435427
0.004313006
0.004506818
0.004356585
0.004008567
0.004008791
0.004522273
0.00452345
0.004389119
0.004390852
0.004103589
0.003630352
0.004000639
0.004074618
0.004103442
0.003630711
0.004001051
0.004074281
0.004086303
0.004054339
0.004054131
0.003991683
0.00353565
0.003911005
0.00398506
0.003980484
0.003995916
0.003939748
0.003957989
0.003950541
0.003915822
0.003963499
0.003511437
0.003887594
0.003962878
0.003930736
0.003934261
0.003886936
0.003926398
0.003925709
0.00388255
0.003967932
0.003515321
0.003891226
0.003971426
0.00392682
0.003925925
0.003882915
0.003931339
0.003935048
0.003887567
0.004012557
0.003552198
0.003925375
0.004026252
0.003959396
0.003951719
0.003917185
0.003982142
0.003997863
0.00394143
0.004130234
0.003677207
0.004038937
0.003676849
0.004038654
0.004089144
0.004056742
0.004056987
0.004106446
0.003631889
0.004002085
0.004077375
0.003979951
0.003995477
0.003939409
0.003990938
0.003535652
0.003911176
0.003984246
0.003957334
0.003915354
0.00394982
0.00382399
0.003844513
0.003814732
0.003823856
0.003844278
0.003814523
0.003795771
0.00378607
0.003785994
0.003786303
0.003807891
0.003785592
0.003761603
0.003765885
0.003751071
0.0037563
0.00375553
0.003745707
0.003791832
0.003813365
0.003796106
0.003756672
0.003755708
0.003746058
0.003762231
0.003766659
0.003751727
0.003852349
0.003872123
0.003872283
0.00379713
0.003787196
0.003787339
0.003825554
0.00384624
0.003816221
0.004013362
0.004026896
0.003552237
0.003925284
0.003960219
0.003917763
0.003952659
0.003994021
0.003536874
0.003912134
0.003987299
0.003929791
0.003933352
0.003886173
0.003962384
0.003511157
0.003887483
0.003961711
0.003925368
0.003881703
0.003924623
0.003761291
0.003765608
0.003750827
0.003785778
0.003807278
0.003785019
0.003755904
0.003745373
0.003755082
0.003718863
0.00372371
0.003717994
0.003718769
0.003723579
0.003717838
0.003712879
0.003711981
0.003711916
0.003725241
0.00373
0.0037301
0.003713292
0.003712165
0.003712311
0.003719425
0.003724378
0.00371853
0.003792476
0.003796661
0.003814151
0.003757267
0.003746529
0.00375643
0.003787473
0.003809199
0.003786719
0.003969325
0.003972718
0.003515818
0.003891589
0.003928225
0.003884085
0.003927427
0.003965417
0.003512363
0.003888387
0.00396471
0.00392551
0.003924648
0.003881799
0.003966471
0.003514773
0.003890834
0.003969929
0.003929952
0.003886374
0.003933631
0.003756003
0.003755067
0.003745447
0.003790969
0.003812412
0.003795221
0.003761492
0.003751045
0.003765899
0.003712983
0.003711896
0.003712058
0.003724779
0.003729513
0.003729623
0.003719046
0.003718202
0.003723983
0.003719528
0.003718512
0.003724455
0.003719445
0.003718383
0.003724345
0.003725422
0.003730296
0.003730265
0.00378757
0.003786735
0.003809293
0.003762835
0.003752193
0.003767211
0.003792657
0.003814305
0.003796896
0.003965497
0.00396476
0.003512432
0.003888464
0.003932775
0.003888736
0.003936398
0.003969469
0.003515952
0.003891712
0.003972902
0.00395777
0.003950147
0.003915751
0.004010773
0.003551431
0.00392474
0.00402441
0.003980426
0.003939902
0.003996082
0.003796164
0.003786281
0.003786435
0.003851164
0.00387085
0.003871024
0.003824498
0.003815229
0.003845111
0.003756677
0.003745986
0.003755889
0.003791717
0.003795872
0.003813319
0.003786795
0.00378609
0.003808449
0.003762591
0.003752007
0.003766993
0.003787159
0.003786295
0.003808813
0.003792319
0.003796584
0.003813897
0.003825895
0.003816522
0.003846561
0.003825798
0.003816361
0.003846379
0.003852815
0.003872708
0.00387262
0.003994311
0.003987571
0.003537152
0.003912411
0.003983216
0.003942239
0.003998807
0.004013727
0.00355258
0.003925609
0.004027304
0.004087101
0.004054821
0.004055089
0.004128274
0.003676385
0.004038293
0.003676119
0.004038258
0.004104496
0.004075533
0.003631197
0.004001692
0.003958777
0.003916486
0.00395128
0.00401182
0.004025281
0.003551784
0.003925141
0.003992605
0.003985947
0.003536516
0.003912082
0.003927179
0.003883203
0.003926435
0.003968214
0.003971562
0.003515679
0.003891789
0.003964398
0.003963743
0.003512299
0.003888668
0.003932082
0.003888197
0.003935733
0.003964745
0.003963966
0.003512575
0.003888962
0.003968788
0.003972258
0.003516153
0.003892268
0.003982828
0.003942017
0.003998497
0.003993852
0.003987051
0.003537511
0.00391312
0.004013335
0.004026985
0.003552979
0.00392635
0.004107007
0.004077876
0.003632389
0.004002571
0.004106963
0.004077665
0.003632937
0.004003335
0.004130866
0.00367743
0.004039211
0.00367788
0.004039789
)
;
        source          uniform 0;
        value           nonuniform List<scalar> 
1536
(
305.4111
305.4673
305.4855
305.4891
305.4826
305.4563
305.4713
305.5333
305.5504
305.5536
305.5476
305.5227
305.4902
305.551
305.5683
305.5716
305.5655
305.5405
305.4938
305.5544
305.5717
305.5751
305.5689
305.5439
305.4874
305.5484
305.5656
305.569
305.5629
305.538
305.4615
305.5239
305.541
305.5442
305.5382
305.5132
305.3193
305.3204
305.2844
305.3624
305.3271
305.3809
305.3455
305.3845
305.3491
305.3779
305.3425
305.3513
305.3159
305.3115
305.369
305.3325
305.3681
305.3867
305.3903
305.3837
305.3566
305.3595
305.3881
305.3516
305.3874
305.4064
305.41
305.4033
305.3758
305.3787
305.3918
305.3552
305.391
305.41
305.4137
305.407
305.3794
305.3823
305.3852
305.3487
305.3845
305.4034
305.407
305.4004
305.3729
305.3758
305.3591
305.3225
305.3577
305.3763
305.3798
305.3733
305.3463
305.3496
305.3195
305.3627
305.3811
305.3847
305.3781
305.3515
305.376
305.4134
305.4226
305.4382
305.4409
305.4444
305.4444
305.4407
305.4379
305.4215
305.4117
305.3685
305.377
305.4198
305.458
305.4615
305.5149
305.4829
305.5239
305.5385
305.4891
305.541
305.5443
305.4854
305.5443
305.5408
305.4662
305.5383
305.5229
305.4052
305.5133
305.4557
305.3685
305.4106
305.4295
305.4457
305.5244
305.4874
305.5396
305.5479
305.5485
305.5631
305.5536
305.5657
305.569
305.5502
305.569
305.5655
305.5323
305.5629
305.5475
305.4655
305.538
305.4817
305.4203
305.4365
305.4484
305.4521
305.5421
305.4938
305.5455
305.5657
305.5544
305.5691
305.5716
305.5717
305.5751
305.5681
305.5751
305.5715
305.55
305.5689
305.5534
305.4845
305.5439
305.4881
305.4393
305.443
305.4521
305.4484
305.5455
305.4902
305.5421
305.5691
305.551
305.5657
305.5751
305.5682
305.5716
305.5715
305.5716
305.5681
305.5534
305.5655
305.55
305.4881
305.5405
305.4845
305.443
305.4393
305.4456
305.4295
305.5396
305.4713
305.5243
305.5631
305.5333
305.5479
305.569
305.5503
305.5536
305.5655
305.5536
305.5502
305.5474
305.5476
305.5322
305.4817
305.5227
305.4655
305.4365
305.4203
305.4198
305.3772
305.5149
305.4111
305.458
305.3762
305.4136
305.5385
305.4673
305.4829
305.4228
305.4384
305.5442
305.4855
305.4891
305.4411
305.4447
305.5408
305.4891
305.4853
305.4446
305.4409
305.5228
305.4826
305.4662
305.4381
305.4217
305.4557
305.4563
305.4051
305.4105
305.4119
305.3685
305.3685
305.3531
305.3177
305.3591
305.3225
305.3481
305.3781
305.3428
305.3578
305.3735
305.3845
305.3491
305.3763
305.3798
305.3807
305.3454
305.3798
305.3761
305.3614
305.326
305.3733
305.3567
305.3115
305.2766
305.3464
305.3496
305.3141
305.3583
305.3853
305.3487
305.3746
305.3839
305.3845
305.4006
305.3903
305.4035
305.4071
305.3866
305.407
305.4033
305.367
305.4004
305.3835
305.3241
305.373
305.3758
305.3404
305.3775
305.3918
305.3552
305.3811
305.4035
305.391
305.4072
305.41
305.41
305.4137
305.4062
305.4137
305.4099
305.3864
305.407
305.39
305.3432
305.3794
305.3823
305.3469
305.3811
305.3881
305.3515
305.3774
305.4072
305.3873
305.4035
305.4137
305.4063
305.41
305.4099
305.4099
305.4062
305.39
305.4033
305.3864
305.3469
305.3758
305.3786
305.3432
305.3746
305.369
305.3324
305.3583
305.4006
305.368
305.3839
305.407
305.3867
305.3902
305.4033
305.3902
305.3865
305.3835
305.3837
305.367
305.3404
305.3565
305.3595
305.324
305.3481
305.3206
305.2846
305.3533
305.3178
305.3735
305.3272
305.3784
305.3429
305.3798
305.3457
305.3847
305.3493
305.3761
305.3492
305.3809
305.3455
305.3567
305.3426
305.3616
305.3261
305.314
305.316
305.3115
305.3115
305.2766
305.4511
305.4287
305.4303
305.4105
305.4115
305.4267
305.4294
305.4977
305.4741
305.491
305.4654
305.4722
305.5106
305.4874
305.5088
305.4837
305.4856
305.5116
305.4885
305.5122
305.4873
305.4867
305.5022
305.4787
305.5059
305.4807
305.4769
305.4663
305.4426
305.4801
305.4543
305.4406
305.4046
305.4224
305.5004
305.4934
305.4784
305.4704
305.4776
305.5465
305.5397
305.54
305.5588
305.5521
305.5571
305.5598
305.5531
305.5604
305.5508
305.544
305.5544
305.5159
305.509
305.5295
305.4636
305.4708
305.5136
305.5118
305.4921
305.4894
305.4913
305.5592
305.5575
305.5527
305.5718
305.57
305.57
305.5728
305.571
305.5734
305.5636
305.5618
305.5672
305.5288
305.527
305.5423
305.4826
305.4846
305.5147
305.5153
305.4932
305.4931
305.4925
305.5603
305.5608
305.5538
305.5729
305.5734
305.5711
305.574
305.5745
305.5745
305.5647
305.5652
305.5684
305.5299
305.5305
305.5434
305.4863
305.4857
305.5054
305.5091
305.4836
305.4866
305.4828
305.5513
305.5549
305.5449
305.5638
305.5674
305.562
305.5648
305.5684
305.5653
305.5557
305.5592
305.5593
305.5208
305.5244
305.5344
305.4799
305.476
305.4701
305.4837
305.4481
305.4606
305.4471
305.5169
305.5303
305.5103
305.5294
305.5427
305.5276
305.5304
305.5437
305.5309
305.5212
305.5346
305.5249
305.4857
305.4994
305.4996
305.4537
305.4401
305.4107
305.4267
305.4654
305.4722
305.4837
305.4856
305.4873
305.4867
305.4807
305.4768
305.4543
305.4406
305.2937
305.291
305.3262
305.2935
305.3298
305.3359
305.3339
305.3693
305.3291
305.3493
305.3474
305.3828
305.3474
305.3504
305.3485
305.3839
305.351
305.3406
305.3386
305.374
305.3444
305.3044
305.3024
305.3378
305.3178
305.3392
305.332
305.3396
305.3761
305.3823
305.375
305.3753
305.3959
305.3886
305.3941
305.3971
305.3897
305.3976
305.3872
305.3798
305.3911
305.3499
305.3428
305.3638
305.3529
305.3511
305.3535
305.39
305.3963
305.3944
305.3892
305.4102
305.4082
305.4083
305.4113
305.4094
305.4119
305.4013
305.3994
305.4052
305.3638
305.3619
305.3777
305.3541
305.3547
305.3547
305.3912
305.3975
305.3981
305.3904
305.4114
305.4119
305.4095
305.4125
305.4131
305.4131
305.4025
305.403
305.4064
305.365
305.3655
305.3789
305.3444
305.3482
305.3449
305.3814
305.3877
305.3915
305.3807
305.4014
305.4053
305.3995
305.4025
305.4064
305.4031
305.3926
305.3965
305.3965
305.3552
305.3591
305.3691
305.3089
305.322
305.3093
305.3459
305.3511
305.3646
305.3443
305.3645
305.3781
305.3627
305.3656
305.3792
305.3662
305.3558
305.3694
305.3597
305.3193
305.3326
305.3329
305.456
305.4433
305.4077
305.3864
305.4199
305.4475
305.4012
305.4352
305.481
305.4773
305.4568
305.4294
305.4636
305.4723
305.4345
305.4686
305.4873
305.4867
305.475
305.4427
305.4768
305.4786
305.4439
305.478
305.4835
305.4855
305.4785
305.4438
305.4779
305.4748
305.4426
305.4767
305.4643
305.4715
305.472
305.434
305.4682
305.4557
305.4287
305.4629
305.4046
305.4226
305.4458
305.3983
305.4324
305.4008
305.3817
305.4155
305.4606
305.4471
305.4087
305.3904
305.4236
305.4534
305.4067
305.4403
305.469
305.4453
305.4818
305.4701
305.4481
305.4837
305.4883
305.5013
305.502
305.5026
305.4792
305.5062
305.5169
305.5103
305.5304
305.5217
305.5252
305.5351
305.5117
305.4885
305.5122
305.5294
305.5277
305.5427
305.5305
305.531
305.5438
305.5104
305.4873
305.5086
305.5304
305.531
305.5437
305.5293
305.5275
305.5426
305.497
305.4734
305.4899
305.5212
305.5249
305.5347
305.5162
305.5093
305.5297
305.447
305.4246
305.4244
305.4857
305.4996
305.4994
305.4661
305.4422
305.4798
305.4537
305.4402
305.4008
305.3812
305.4152
305.445
305.3975
305.4319
305.4867
305.4828
305.4631
305.4366
305.4702
305.4793
305.4418
305.4754
305.5184
305.5116
305.5311
305.5055
305.4836
305.5092
305.5234
305.536
305.527
305.5512
305.5444
305.5546
305.5514
305.5449
305.5549
305.5561
305.5596
305.5597
305.5599
305.5531
305.5604
305.5638
305.5621
305.5674
305.5649
305.5654
305.5685
305.5587
305.552
305.5569
305.5648
305.5654
305.5684
305.5637
305.5619
305.5673
305.5458
305.5391
305.539
305.5557
305.5593
305.5593
305.5507
305.5439
305.5543
305.4965
305.4895
305.4727
305.5209
305.5344
305.5245
305.5016
305.4779
305.5053
305.4799
305.476
305.4548
305.4274
305.4619
305.471
305.4327
305.4672
305.4931
305.4925
305.482
305.4503
305.4839
305.4857
305.4515
305.4851
305.5313
305.5295
305.5439
305.5148
305.4933
305.5153
305.5324
305.545
305.5329
305.564
305.5622
305.5675
305.5603
305.5538
305.5608
305.5651
305.5686
305.5656
305.5729
305.5711
305.5734
305.5729
305.5712
305.5734
305.574
305.5745
305.5745
305.5717
305.5699
305.5699
305.574
305.5745
305.5745
305.5728
305.571
305.5733
305.5586
305.5568
305.5518
305.5647
305.5684
305.5652
305.5597
305.5529
305.5602
305.5098
305.508
305.4864
305.5299
305.5434
305.5305
305.5109
305.4876
305.5115
305.4863
305.4858
305.4737
305.4412
305.4756
305.4774
305.4424
305.4768
305.4894
305.4913
305.4856
305.4515
305.4851
305.482
305.4503
305.4839
305.5324
305.5329
305.545
305.5136
305.4921
305.5118
305.5313
305.5439
305.5295
305.5651
305.5656
305.5686
305.5592
305.5527
305.5574
305.564
305.5675
305.5622
305.574
305.5745
305.5745
305.5718
305.57
305.57
305.5729
305.5734
305.5711
305.5728
305.5733
305.571
305.5728
305.5734
305.571
305.5717
305.5699
305.5699
305.5597
305.5602
305.5528
305.5636
305.5672
305.5618
305.5586
305.5517
305.5568
305.5109
305.5115
305.4876
305.5288
305.5423
305.527
305.5098
305.4864
305.5079
305.4826
305.4845
305.4774
305.4424
305.4768
305.4737
305.4412
305.4756
305.4704
305.4775
305.4792
305.4418
305.4754
305.4631
305.4366
305.4702
305.5234
305.527
305.536
305.5003
305.4784
305.4934
305.5184
305.5311
305.5115
305.5561
305.5596
305.5595
305.5464
305.54
305.5397
305.5512
305.5546
305.5444
305.5648
305.5685
305.5654
305.5588
305.5571
305.552
305.5599
305.5604
305.5531
305.5636
305.5673
305.5619
305.5598
305.5604
305.553
305.5587
305.5569
305.5519
305.5507
305.5543
305.5439
305.5507
305.5543
305.544
305.5458
305.539
305.539
305.5016
305.5053
305.4779
305.5159
305.5295
305.509
305.4965
305.4726
305.4895
305.4635
305.4707
305.471
305.4327
305.4671
305.4548
305.4274
305.4619
305.4116
305.4294
305.4534
305.4067
305.4402
305.4089
305.3904
305.4236
305.4883
305.502
305.5012
305.4511
305.4303
305.4287
305.4689
305.4818
305.4453
305.456
305.4433
305.4079
305.3867
305.4201
305.4476
305.4014
305.4352
305.5216
305.5351
305.5251
305.4977
305.491
305.4741
305.5026
305.5062
305.4792
305.481
305.4773
305.4568
305.4296
305.4636
305.4723
305.4347
305.4686
305.5304
305.5437
305.531
305.5105
305.5088
305.4874
305.5116
305.5122
305.4885
305.4873
305.4867
305.475
305.4429
305.4769
305.4786
305.4441
305.478
305.5292
305.5426
305.5275
305.5116
305.5121
305.4885
305.5104
305.5086
305.4873
305.4835
305.4854
305.4786
305.444
305.478
305.4748
305.4428
305.4768
305.5162
305.5297
305.5092
305.5021
305.5059
305.4787
305.497
305.4899
305.4734
305.4643
305.4715
305.4721
305.4342
305.4682
305.4557
305.4289
305.4629
305.4661
305.4798
305.4422
305.4663
305.4801
305.4426
305.447
305.4244
305.4246
305.4045
305.4045
305.4223
305.4226
305.445
305.3975
305.4318
305.4458
305.3985
305.4324
305.4008
305.4008
305.3812
305.3817
305.4152
305.4155
305.3073
305.3053
305.3407
305.3196
305.3089
305.3093
305.3459
305.322
305.3223
305.3347
305.3356
305.341
305.3391
305.3744
305.3447
305.3511
305.3443
305.3647
305.3562
305.3599
305.3698
305.3505
305.3486
305.3839
305.351
305.3645
305.3627
305.3781
305.3657
305.3662
305.3793
305.3492
305.3473
305.3826
305.3473
305.3656
305.3662
305.3792
305.3644
305.3625
305.378
305.3352
305.3333
305.3686
305.328
305.3558
305.3597
305.3694
305.3505
305.3432
305.364
305.2886
305.286
305.3212
305.2851
305.3203
305.3194
305.3329
305.3327
305.3038
305.3009
305.3363
305.317
305.3528
305.3457
305.3655
305.3444
305.3449
305.3814
305.3482
305.3581
305.3708
305.3619
305.3875
305.3802
305.3913
305.3877
305.3807
305.3916
305.393
305.3967
305.3968
305.3971
305.3897
305.3977
305.4014
305.3995
305.4053
305.4026
305.4031
305.4065
305.3959
305.3885
305.3939
305.4025
305.4031
305.4065
305.4013
305.3994
305.4052
305.3817
305.3744
305.3743
305.3926
305.3965
305.3965
305.3871
305.3797
305.391
305.3341
305.327
305.3312
305.3667
305.3553
305.3691
305.3591
305.3394
305.3365
305.372
305.3432
305.3666
305.3648
305.3793
305.3541
305.3547
305.3912
305.3547
305.3678
305.3805
305.3684
305.4016
305.3997
305.4054
305.3975
305.3904
305.3981
305.4028
305.4066
305.4034
305.4114
305.4094
305.4119
305.4114
305.4095
305.4119
305.4126
305.4131
305.4131
305.4101
305.4082
305.4081
305.4125
305.4131
305.4131
305.4113
305.4094
305.4119
305.3957
305.3938
305.3883
305.4025
305.4064
305.403
305.3969
305.3895
305.3975
305.348
305.3461
305.3451
305.3806
305.365
305.3789
305.3655
305.3492
305.3463
305.3818
305.3497
305.3678
305.3684
305.3805
305.3529
305.3534
305.39
305.351
305.3666
305.3793
305.3647
305.4028
305.4034
305.4066
305.3963
305.3892
305.3944
305.4016
305.4054
305.3997
305.4126
305.4131
305.4131
305.4101
305.4083
305.4082
305.4113
305.4119
305.4094
305.4113
305.4119
305.4094
305.4113
305.4119
305.4094
305.4101
305.4081
305.4081
305.3969
305.3975
305.3895
305.4013
305.4052
305.3993
305.3957
305.3883
305.3938
305.3492
305.3497
305.3463
305.3818
305.3638
305.3777
305.3619
305.348
305.3451
305.3806
305.3461
305.3581
305.3619
305.3708
305.3391
305.3396
305.3761
305.332
305.3528
305.3655
305.3457
305.3929
305.3968
305.3967
305.3823
305.3753
305.375
305.3875
305.3912
305.3802
305.4026
305.4065
305.4031
305.3959
305.3941
305.3885
305.3971
305.3976
305.3897
305.4013
305.4052
305.3994
305.397
305.3976
305.3897
305.3958
305.3939
305.3884
305.3871
305.391
305.3797
305.3871
305.391
305.3798
305.3817
305.3743
305.3744
305.3394
305.3432
305.3365
305.372
305.3499
305.3638
305.3427
305.3341
305.3312
305.3666
305.327
305.3223
305.3356
305.3347
305.2937
305.2935
305.3298
305.2911
305.3264
305.3073
305.3196
305.3055
305.341
305.3562
305.3698
305.3599
305.3359
305.3291
305.334
305.3695
305.341
305.3447
305.3392
305.3746
305.3657
305.3793
305.3662
305.3493
305.3475
305.3475
305.383
305.3505
305.351
305.3487
305.3841
305.3644
305.378
305.3625
305.3504
305.351
305.3486
305.3841
305.3492
305.3473
305.3474
305.3829
305.3505
305.364
305.3432
305.3406
305.3444
305.3387
305.3742
305.3352
305.328
305.3334
305.3688
305.3038
305.3169
305.3008
305.3363
305.3044
305.3178
305.3025
305.338
305.2886
305.285
305.3203
305.2861
305.3213
)
;
        qrNbr           qr;
        logInterval     -1;
        writePrecision  7;
        updateHeader    1;
        writeToFile     0;
        useUserTime     1;
        kappaMethod     solidThermo;
        kappa           none;
    }
}


// ************************************************************************* //
