/*--------------------------------*- C++ -*----------------------------------*\
  =========                 |
  \\      /  F ield         | OpenFOAM: The Open Source CFD Toolbox
   \\    /   O peration     | Website:  https://openfoam.org
    \\  /    A nd           | Version:  7
     \\/     M anipulation  |
\*---------------------------------------------------------------------------*/
FoamFile
{
    version     2.0;
    format      ascii;
    class       surfaceScalarField;
    location    "2";
    object      phi;
}
// * * * * * * * * * * * * * * * * * * * * * * * * * * * * * * * * * * * * * //

dimensions      [0 3 -1 0 0 0 0];

internalField   nonuniform List<scalar> 
4274
(
1.01056e-08
-2.87476e-11
-4.43623e-09
-4.43702e-09
-1.20364e-09
1.01177e-08
-1.20629e-11
1.01242e-08
-6.48892e-12
1.01253e-08
-1.12836e-12
1.0124e-08
1.28968e-12
1.01226e-08
1.47833e-12
1.01207e-08
1.83633e-12
1.01183e-08
2.45281e-12
1.01149e-08
3.38705e-12
1.01099e-08
4.97362e-12
1.01025e-08
7.39227e-12
1.00917e-08
1.08253e-11
1.00763e-08
1.5419e-11
1.00548e-08
2.14827e-11
1.00253e-08
2.94675e-11
9.98607e-09
3.92486e-11
9.93549e-09
5.05797e-11
9.87193e-09
6.35654e-11
9.79372e-09
7.82063e-11
9.69941e-09
9.43093e-11
9.5879e-09
1.11514e-10
9.45855e-09
1.29346e-10
9.31128e-09
1.47272e-10
9.14651e-09
1.64768e-10
8.96514e-09
1.81369e-10
8.76841e-09
1.9673e-10
8.55777e-09
2.10639e-10
8.33478e-09
2.22996e-10
8.10099e-09
2.33786e-10
7.85794e-09
2.43048e-10
7.6071e-09
2.50844e-10
7.34986e-09
2.57241e-10
7.08756e-09
2.62293e-10
6.82153e-09
2.6603e-10
6.55308e-09
2.68451e-10
6.28356e-09
2.69523e-10
6.01437e-09
2.69184e-10
5.74701e-09
2.67363e-10
5.48301e-09
2.64003e-10
5.22398e-09
2.59033e-10
4.9716e-09
2.52375e-10
4.72757e-09
2.44028e-10
4.4934e-09
2.34172e-10
4.27038e-09
2.23017e-10
4.05966e-09
2.10721e-10
3.86213e-09
1.97528e-10
3.67839e-09
1.83747e-10
3.5087e-09
1.69689e-10
3.35306e-09
1.55641e-10
3.2112e-09
1.41856e-10
3.08265e-09
1.28547e-10
2.96678e-09
1.15877e-10
2.86281e-09
1.03963e-10
2.76994e-09
9.2879e-11
2.68727e-09
8.2665e-11
2.61394e-09
7.333e-11
2.54908e-09
6.48604e-11
2.49185e-09
5.72252e-11
2.44147e-09
5.03811e-11
2.3972e-09
4.42764e-11
2.35834e-09
3.88546e-11
2.32429e-09
3.40571e-11
2.29446e-09
2.98253e-11
2.26836e-09
2.6102e-11
2.24553e-09
2.28329e-11
2.22556e-09
1.99672e-11
2.2081e-09
1.74581e-11
2.19284e-09
1.52627e-11
2.17949e-09
1.33427e-11
2.16783e-09
1.16635e-11
2.15764e-09
1.01945e-11
2.14873e-09
8.9087e-12
2.14095e-09
7.78244e-12
2.13415e-09
6.79496e-12
2.12822e-09
5.92821e-12
2.12306e-09
5.16646e-12
2.11856e-09
4.49611e-12
2.11465e-09
3.90534e-12
2.11127e-09
3.38395e-12
2.10835e-09
2.92308e-12
2.10583e-09
2.5151e-12
2.10368e-09
2.15342e-12
2.10185e-09
1.83235e-12
2.1003e-09
1.54696e-12
2.09901e-09
1.29301e-12
2.09794e-09
1.06686e-12
2.09707e-09
8.65411e-13
2.09639e-09
6.86032e-13
2.09586e-09
5.26507e-13
2.09548e-09
3.85028e-13
2.09522e-09
2.59849e-13
2.09506e-09
1.5268e-13
2.095e-09
6.05297e-14
2.09502e-09
-1.97336e-14
2.09511e-09
-8.25455e-14
2.09523e-09
-1.25061e-13
2.09539e-09
-1.58217e-13
2.09555e-09
-1.56771e-13
2.09573e-09
-1.81491e-13
-1.47526e-13
1.18003e-08
-5.99754e-11
-3.23573e-09
-4.44181e-09
-4.09151e-09
1.18091e-08
-2.08668e-11
1.181e-08
-7.45774e-12
1.1806e-08
2.9584e-12
1.17997e-08
7.53561e-12
1.17927e-08
8.45441e-12
1.17846e-08
9.99345e-12
1.17748e-08
1.22672e-11
1.17628e-08
1.54044e-11
1.17474e-08
2.02937e-11
1.17274e-08
2.73954e-11
1.17011e-08
3.71559e-11
1.16667e-08
4.9802e-11
1.16226e-08
6.55926e-11
1.15668e-08
8.52231e-11
1.14978e-08
1.08276e-10
1.14147e-08
1.33722e-10
1.13169e-08
1.61306e-10
1.12044e-08
1.90768e-10
1.1077e-08
2.21678e-10
1.0935e-08
2.53559e-10
1.07783e-08
2.85981e-10
1.06071e-08
3.18513e-10
1.04212e-08
3.50682e-10
1.02206e-08
3.81961e-10
1.00055e-08
4.11824e-10
9.77633e-09
4.39797e-10
9.53382e-09
4.65501e-10
9.27894e-09
4.88674e-10
9.01282e-09
5.09162e-10
8.73677e-09
5.26898e-10
8.45215e-09
5.41864e-10
8.16038e-09
5.54055e-10
7.86296e-09
5.6345e-10
7.56143e-09
5.69984e-10
7.25741e-09
5.73545e-10
6.95262e-09
5.73976e-10
6.64887e-09
5.71107e-10
6.34806e-09
5.64811e-10
6.05216e-09
5.54934e-10
5.76323e-09
5.41305e-10
5.48334e-09
5.23925e-10
5.21431e-09
5.032e-10
4.95774e-09
4.79589e-10
4.71502e-09
4.53433e-10
4.48728e-09
4.25268e-10
4.27525e-09
3.95779e-10
4.0793e-09
3.65638e-10
3.89947e-09
3.35475e-10
3.73548e-09
3.05847e-10
3.58681e-09
2.77216e-10
3.45275e-09
2.49941e-10
3.33243e-09
2.24279e-10
3.22491e-09
2.00395e-10
3.1292e-09
1.78378e-10
3.04428e-09
1.5825e-10
2.96916e-09
1.39984e-10
2.90287e-09
1.23513e-10
2.8445e-09
1.08747e-10
2.79321e-09
9.55746e-11
2.74819e-09
8.38742e-11
2.70872e-09
7.352e-11
2.67416e-09
6.43858e-11
2.64392e-09
5.63488e-11
2.61746e-09
4.92918e-11
2.59432e-09
4.31053e-11
2.57409e-09
3.76882e-11
2.5564e-09
3.29485e-11
2.54094e-09
2.8803e-11
2.52743e-09
2.51774e-11
2.51562e-09
2.20056e-11
2.5053e-09
1.92293e-11
2.49628e-09
1.67975e-11
2.48841e-09
1.46653e-11
2.48155e-09
1.27937e-11
2.47556e-09
1.11489e-11
2.47036e-09
9.70138e-12
2.46584e-09
8.42574e-12
2.46192e-09
7.29988e-12
2.45854e-09
6.30473e-12
2.45563e-09
5.42379e-12
2.45314e-09
4.64282e-12
2.45103e-09
3.94954e-12
2.44924e-09
3.33331e-12
2.44775e-09
2.78498e-12
2.44652e-09
2.29668e-12
2.44552e-09
1.86171e-12
2.44473e-09
1.4744e-12
2.44413e-09
1.12998e-12
2.44369e-09
8.24586e-13
2.44339e-09
5.54783e-13
2.44322e-09
3.22407e-13
2.44316e-09
1.22799e-13
2.44319e-09
-4.86203e-14
2.44329e-09
-1.83779e-13
2.44344e-09
-2.77275e-13
2.44363e-09
-3.45408e-13
2.44382e-09
-3.49445e-13
2.44403e-09
-3.85574e-13
-3.42422e-13
1.37783e-08
-1.26026e-10
-3.53115e-10
-4.45005e-09
-4.45315e-09
-4.45596e-09
1.37684e-08
-1.09854e-11
1.37537e-08
7.23655e-12
1.37307e-08
2.60049e-11
1.37033e-08
3.49406e-11
1.36729e-08
3.88769e-11
1.36383e-08
4.46e-11
1.35984e-08
5.21298e-11
1.3552e-08
6.18464e-11
1.34971e-08
7.51418e-11
1.34317e-08
9.27973e-11
1.33539e-08
1.14965e-10
1.32631e-08
1.40654e-10
1.31591e-08
1.69564e-10
1.30425e-08
2.01846e-10
1.29139e-08
2.3686e-10
1.27742e-08
2.73367e-10
1.26247e-08
3.10854e-10
1.24662e-08
3.49262e-10
1.22994e-08
3.88452e-10
1.21247e-08
4.28286e-10
1.19419e-08
4.68722e-10
1.17508e-08
5.09695e-10
1.15504e-08
5.51022e-10
1.134e-08
5.92362e-10
1.11186e-08
6.33239e-10
1.08853e-08
6.73078e-10
1.06396e-08
7.11267e-10
1.0381e-08
7.47217e-10
1.01098e-08
7.80402e-10
9.82629e-09
8.10388e-10
9.53133e-09
8.36816e-10
9.22601e-09
8.59381e-10
8.91167e-09
8.77792e-10
8.58991e-09
8.91745e-10
8.26255e-09
9.00902e-10
7.93163e-09
9.04896e-10
7.59937e-09
9.03372e-10
7.26809e-09
8.96081e-10
6.94029e-09
8.82743e-10
6.61854e-09
8.63054e-10
6.30546e-09
8.37005e-10
6.00337e-09
8.05291e-10
5.71428e-09
7.68671e-10
5.44003e-09
7.27682e-10
5.18208e-09
6.83227e-10
4.94141e-09
6.3644e-10
4.71862e-09
5.88435e-10
4.51384e-09
5.40253e-10
4.32687e-09
4.92818e-10
4.15719e-09
4.46899e-10
4.00404e-09
4.03092e-10
3.86648e-09
3.61829e-10
3.74349e-09
3.23391e-10
3.63394e-09
2.87931e-10
3.53669e-09
2.55493e-10
3.45064e-09
2.26041e-10
3.37468e-09
1.99473e-10
3.30778e-09
1.75647e-10
3.24897e-09
1.54385e-10
3.19735e-09
1.35495e-10
3.15209e-09
1.18775e-10
3.11245e-09
1.04022e-10
3.07776e-09
9.10399e-11
3.04742e-09
7.96391e-11
3.02088e-09
6.96434e-11
2.99768e-09
6.08902e-11
2.97739e-09
5.32309e-11
2.95967e-09
4.65315e-11
2.94417e-09
4.06718e-11
2.93063e-09
3.55455e-11
2.9188e-09
3.10582e-11
2.90847e-09
2.71275e-11
2.89946e-09
2.3681e-11
2.89159e-09
2.06558e-11
2.88475e-09
1.7997e-11
2.87879e-09
1.56572e-11
2.87362e-09
1.35952e-11
2.86915e-09
1.17753e-11
2.86528e-09
1.01667e-11
2.86196e-09
8.74267e-12
2.85913e-09
7.48029e-12
2.85672e-09
6.35966e-12
2.85469e-09
5.3636e-12
2.85299e-09
4.47731e-12
2.8516e-09
3.68807e-12
2.85048e-09
2.98505e-12
2.84959e-09
2.3591e-12
2.84892e-09
1.8025e-12
2.84844e-09
1.30908e-12
2.84812e-09
8.73638e-13
2.84794e-09
4.96947e-13
2.84789e-09
1.73464e-13
2.84795e-09
-1.0088e-13
2.84808e-09
-3.18389e-13
2.84827e-09
-4.71118e-13
2.84851e-09
-5.77068e-13
2.84875e-09
-5.89717e-13
2.84899e-09
-6.31634e-13
-5.8483e-13
1.59703e-08
-4.34782e-12
-4.45422e-09
-4.4532e-09
-4.44772e-09
-2.73685e-09
1.5897e-08
6.23258e-11
1.58148e-08
8.94623e-11
1.57174e-08
1.23381e-10
1.56129e-08
1.39404e-10
1.55001e-08
1.51677e-10
1.53772e-08
1.67509e-10
1.52431e-08
1.86271e-10
1.5097e-08
2.07971e-10
1.49404e-08
2.3172e-10
1.47762e-08
2.56949e-10
1.46068e-08
2.84436e-10
1.44339e-08
3.13563e-10
1.4259e-08
3.44462e-10
1.40832e-08
3.77574e-10
1.3907e-08
4.13051e-10
1.37301e-08
4.50284e-10
1.3552e-08
4.88953e-10
1.33721e-08
5.2923e-10
1.31895e-08
5.70995e-10
1.30037e-08
6.1406e-10
1.28141e-08
6.58376e-10
1.26198e-08
7.03932e-10
1.24202e-08
7.50651e-10
1.22142e-08
7.98364e-10
1.20007e-08
8.46786e-10
1.17782e-08
8.95502e-10
1.15455e-08
9.43965e-10
1.13013e-08
9.91509e-10
1.10443e-08
1.03739e-09
1.07738e-08
1.08081e-09
1.04897e-08
1.12099e-09
1.01919e-08
1.15711e-09
9.88136e-09
1.18838e-09
9.5591e-09
1.214e-09
9.22683e-09
1.23317e-09
8.88665e-09
1.24508e-09
8.54103e-09
1.249e-09
8.19267e-09
1.24444e-09
7.84454e-09
1.23087e-09
7.49987e-09
1.20773e-09
7.16193e-09
1.17495e-09
6.83365e-09
1.13357e-09
6.51764e-09
1.08468e-09
6.21631e-09
1.02901e-09
5.93165e-09
9.6789e-10
5.66508e-09
9.03002e-10
5.41752e-09
8.35996e-10
5.18936e-09
7.68411e-10
4.98056e-09
7.01619e-10
4.7907e-09
6.36764e-10
4.61905e-09
5.74744e-10
4.46466e-09
5.16213e-10
4.32645e-09
4.61604e-10
4.20322e-09
4.1116e-10
4.09374e-09
3.64968e-10
3.99679e-09
3.22991e-10
3.91117e-09
2.85099e-10
3.83572e-09
2.51095e-10
3.76937e-09
2.20736e-10
3.71111e-09
1.93752e-10
3.66003e-09
1.69859e-10
3.61528e-09
1.48771e-10
3.57611e-09
1.30209e-10
3.54185e-09
1.13905e-10
3.51188e-09
9.96073e-11
3.48569e-09
8.7085e-11
3.46279e-09
7.61261e-11
3.44278e-09
6.65396e-11
3.4253e-09
5.8154e-11
3.41003e-09
5.08172e-11
3.39669e-09
4.43947e-11
3.38505e-09
3.87685e-11
3.3749e-09
3.38352e-11
3.36605e-09
2.95047e-11
3.35835e-09
2.56987e-11
3.35165e-09
2.23493e-11
3.34585e-09
1.93975e-11
3.34084e-09
1.67923e-11
3.33651e-09
1.44896e-11
3.3328e-09
1.24512e-11
3.32964e-09
1.06442e-11
3.32696e-09
9.04011e-12
3.32471e-09
7.61441e-12
3.32284e-09
6.34586e-12
3.32131e-09
5.21627e-12
3.32009e-09
4.21015e-12
3.31913e-09
3.31438e-12
3.31842e-09
2.51796e-12
3.31791e-09
1.81211e-12
3.3176e-09
1.18969e-12
3.31744e-09
6.49626e-13
3.31743e-09
1.86351e-13
3.31753e-09
-2.03417e-13
3.31773e-09
-5.13026e-13
3.31799e-09
-7.32202e-13
3.31829e-09
-8.77541e-13
3.3186e-09
-9.01566e-13
3.31891e-09
-9.38905e-13
-8.96117e-13
1.73162e-08
3.8957e-10
-1.67325e-09
-4.33861e-09
-4.27284e-09
-4.15397e-09
-3.27146e-09
1.70497e-08
3.28831e-10
1.67935e-08
3.45665e-10
1.65287e-08
3.88143e-10
1.62662e-08
4.01959e-10
1.60069e-08
4.1097e-10
1.57563e-08
4.18141e-10
1.55195e-08
4.23044e-10
1.52996e-08
4.27899e-10
1.50971e-08
4.34159e-10
1.49113e-08
4.42738e-10
1.47402e-08
4.55526e-10
1.45812e-08
4.72644e-10
1.44307e-08
4.9496e-10
1.42857e-08
5.22536e-10
1.41433e-08
5.55438e-10
1.4001e-08
5.92638e-10
1.38567e-08
6.33171e-10
1.37091e-08
6.7686e-10
1.3557e-08
7.23069e-10
1.33999e-08
7.71193e-10
1.32374e-08
8.20909e-10
1.30693e-08
8.72047e-10
1.28954e-08
9.24487e-10
1.27156e-08
9.78163e-10
1.25294e-08
1.03303e-09
1.23359e-08
1.08901e-09
1.21339e-08
1.14592e-09
1.1922e-08
1.20339e-09
1.16986e-08
1.26083e-09
1.1462e-08
1.31744e-09
1.12108e-08
1.37217e-09
1.09441e-08
1.42381e-09
1.06615e-08
1.47099e-09
1.03632e-08
1.51225e-09
1.00503e-08
1.54607e-09
9.72444e-09
1.57097e-09
9.38787e-09
1.58557e-09
9.04338e-09
1.58893e-09
8.69421e-09
1.58003e-09
8.34409e-09
1.55785e-09
7.99694e-09
1.5221e-09
7.65628e-09
1.47423e-09
7.32536e-09
1.41561e-09
7.00733e-09
1.34704e-09
6.70486e-09
1.27036e-09
6.41995e-09
1.1879e-09
6.15402e-09
1.10193e-09
5.90786e-09
1.01457e-09
5.68175e-09
9.27732e-10
5.47549e-09
8.43026e-10
5.28851e-09
7.61725e-10
5.11995e-09
6.84769e-10
4.96876e-09
6.12798e-10
4.83373e-09
5.46185e-10
4.71361e-09
4.85087e-10
4.60711e-09
4.29489e-10
4.51297e-09
3.79246e-10
4.42995e-09
3.34116e-10
4.35689e-09
2.93792e-10
4.29272e-09
2.57926e-10
4.23642e-09
2.26152e-10
4.1871e-09
1.98095e-10
4.14392e-09
1.73387e-10
4.10615e-09
1.51678e-10
4.07312e-09
1.32635e-10
4.04425e-09
1.15953e-10
4.01903e-09
1.0135e-10
3.99699e-09
8.85741e-11
3.97775e-09
7.7397e-11
3.96095e-09
6.76166e-11
3.94629e-09
5.90542e-11
3.93351e-09
5.15528e-11
3.92237e-09
4.4975e-11
3.91267e-09
3.92006e-11
3.90424e-09
3.41256e-11
3.89694e-09
2.96592e-11
3.89061e-09
2.5723e-11
3.88515e-09
2.22491e-11
3.88046e-09
1.91785e-11
3.87645e-09
1.64605e-11
3.87305e-09
1.40511e-11
3.87018e-09
1.19124e-11
3.86778e-09
1.00116e-11
3.8658e-09
8.32044e-12
3.86421e-09
6.81468e-12
3.86294e-09
5.47364e-12
3.86198e-09
4.27982e-12
3.86128e-09
3.21862e-12
3.86081e-09
2.27834e-12
3.86055e-09
1.44973e-12
3.86047e-09
7.29539e-13
3.86054e-09
1.12532e-13
3.86074e-09
-4.03743e-13
3.86104e-09
-8.13271e-13
3.86142e-09
-1.1039e-12
3.86183e-09
-1.28801e-12
3.86225e-09
-1.32305e-12
3.86265e-09
-1.34186e-12
-1.30706e-12
1.19553e-08
-9.26115e-10
-6.2617e-10
-3.30873e-09
-2.92092e-09
-2.37093e-09
-1.41291e-09
1.2461e-08
-1.76798e-10
1.26266e-08
1.79995e-10
1.27578e-08
2.56992e-10
1.28772e-08
2.82546e-10
1.29806e-08
3.07576e-10
1.30722e-08
3.26571e-10
1.3154e-08
3.41181e-10
1.32263e-08
3.55607e-10
1.3289e-08
3.7152e-10
1.33416e-08
3.90135e-10
1.33826e-08
4.14452e-10
1.34118e-08
4.43496e-10
1.34281e-08
4.78677e-10
1.34309e-08
5.19734e-10
1.34195e-08
5.66858e-10
1.33934e-08
6.18711e-10
1.33526e-08
6.73922e-10
1.32972e-08
7.32292e-10
1.32276e-08
7.92665e-10
1.31447e-08
8.54125e-10
1.30494e-08
9.16191e-10
1.29428e-08
9.78603e-10
1.28261e-08
1.04123e-09
1.27001e-08
1.10412e-09
1.25657e-08
1.16748e-09
1.24231e-08
1.23164e-09
1.2272e-08
1.29694e-09
1.21119e-08
1.36357e-09
1.19412e-08
1.43146e-09
1.17585e-08
1.5002e-09
1.15617e-08
1.56891e-09
1.13492e-08
1.6363e-09
1.11196e-08
1.70067e-09
1.08718e-08
1.75998e-09
1.06059e-08
1.81197e-09
1.03226e-08
1.85429e-09
1.00234e-08
1.88473e-09
9.71069e-09
1.90166e-09
9.38741e-09
1.90331e-09
9.05745e-09
1.88781e-09
8.72513e-09
1.85442e-09
8.39426e-09
1.8051e-09
8.06856e-09
1.74131e-09
7.75201e-09
1.66358e-09
7.44798e-09
1.5744e-09
7.15912e-09
1.47676e-09
6.88747e-09
1.37359e-09
6.63436e-09
1.26767e-09
6.40056e-09
1.16153e-09
6.18626e-09
1.05733e-09
5.99119e-09
9.56795e-10
5.81473e-09
8.61234e-10
5.65597e-09
7.71555e-10
5.51384e-09
6.88318e-10
5.38713e-09
6.11794e-10
5.27459e-09
5.42024e-10
5.17497e-09
4.78872e-10
5.08702e-09
4.22068e-10
5.00955e-09
3.71257e-10
4.94146e-09
3.2602e-10
4.8817e-09
2.8591e-10
4.82933e-09
2.50468e-10
4.78347e-09
2.1924e-10
4.74336e-09
1.91787e-10
4.7083e-09
1.67697e-10
4.67767e-09
1.46585e-10
4.65092e-09
1.281e-10
4.62757e-09
1.11923e-10
4.6072e-09
9.77678e-11
4.58944e-09
8.53796e-11
4.57396e-09
7.45329e-11
4.56048e-09
6.50292e-11
4.54876e-09
5.6695e-11
4.53859e-09
4.93785e-11
4.52976e-09
4.29477e-11
4.52213e-09
3.72882e-11
4.51556e-09
3.23006e-11
4.50991e-09
2.78989e-11
4.50508e-09
2.40084e-11
4.50097e-09
2.05647e-11
4.49751e-09
1.75122e-11
4.49462e-09
1.48029e-11
4.49224e-09
1.23953e-11
4.4903e-09
1.02535e-11
4.48877e-09
8.34673e-12
4.4876e-09
6.64882e-12
4.48674e-09
5.13763e-12
4.48616e-09
3.79468e-12
4.48584e-09
2.60515e-12
4.48573e-09
1.55763e-12
4.48581e-09
6.46562e-13
4.48606e-09
-1.32887e-13
4.48643e-09
-7.82072e-13
4.48692e-09
-1.29481e-12
4.48747e-09
-1.65738e-12
4.48806e-09
-1.87559e-12
4.48865e-09
-1.91517e-12
4.48921e-09
-1.89731e-12
-1.86346e-12
3.09821e-09
-4.02433e-09
4.26397e-09
-1.34255e-09
5.30084e-09
-8.56871e-10
6.29284e-09
-7.35016e-10
7.15594e-09
-5.8055e-10
7.89738e-09
-4.33862e-10
8.54182e-09
-3.17871e-10
9.10683e-09
-2.23832e-10
9.60445e-09
-1.4201e-10
1.00433e-08
-6.73692e-11
1.04305e-08
2.92723e-12
1.0768e-08
7.697e-11
1.10607e-08
1.50863e-10
1.13113e-08
2.28046e-10
1.15227e-08
3.08279e-10
1.16977e-08
3.91891e-10
1.18383e-08
4.78091e-10
1.1947e-08
5.65256e-10
1.20261e-08
6.53214e-10
1.20781e-08
7.40612e-10
1.21058e-08
8.26446e-10
1.21117e-08
9.10344e-10
1.20982e-08
9.92107e-10
1.20677e-08
1.07168e-09
1.20225e-08
1.14928e-09
1.19646e-08
1.22536e-09
1.18956e-08
1.30067e-09
1.18165e-08
1.37607e-09
1.17277e-08
1.45241e-09
1.16288e-08
1.53034e-09
1.15189e-08
1.61012e-09
1.13963e-08
1.69143e-09
1.12593e-08
1.77332e-09
1.11059e-08
1.85414e-09
1.09342e-08
1.93162e-09
1.07432e-08
2.00298e-09
1.05324e-08
2.06508e-09
1.03023e-08
2.11483e-09
1.00541e-08
2.14991e-09
9.78985e-09
2.16754e-09
9.51304e-09
2.16462e-09
9.2279e-09
2.13955e-09
8.9378e-09
2.09521e-09
8.64658e-09
2.03252e-09
8.35893e-09
1.95124e-09
8.07865e-09
1.85468e-09
7.80895e-09
1.74646e-09
7.55245e-09
1.63009e-09
7.31114e-09
1.50898e-09
7.08635e-09
1.38632e-09
6.87883e-09
1.26486e-09
6.68876e-09
1.14686e-09
6.51592e-09
1.03407e-09
6.35974e-09
9.27737e-10
6.21939e-09
8.28665e-10
6.09389e-09
7.37295e-10
5.98214e-09
6.5377e-10
5.88302e-09
5.78e-10
5.79536e-09
5.09721e-10
5.71807e-09
4.4855e-10
5.65007e-09
3.94019e-10
5.59036e-09
3.45616e-10
5.53803e-09
3.02805e-10
5.49221e-09
2.65055e-10
5.45215e-09
2.31847e-10
5.41716e-09
2.0269e-10
5.38662e-09
1.77126e-10
5.35998e-09
1.54735e-10
5.33677e-09
1.35134e-10
5.31656e-09
1.17979e-10
5.29898e-09
1.02962e-10
5.2837e-09
8.98113e-11
5.27044e-09
7.82879e-11
5.25895e-09
6.81817e-11
5.24902e-09
5.93093e-11
5.24046e-09
5.15109e-11
5.2331e-09
4.46479e-11
5.2268e-09
3.86e-11
5.22144e-09
3.32627e-11
5.2169e-09
2.85458e-11
5.21309e-09
2.4371e-11
5.20993e-09
2.0671e-11
5.20735e-09
1.73875e-11
5.20528e-09
1.44702e-11
5.20365e-09
1.18754e-11
5.20243e-09
9.56591e-12
5.20157e-09
7.50996e-12
5.20103e-09
5.68074e-12
5.20077e-09
4.05585e-12
5.20076e-09
2.61734e-12
5.20096e-09
1.35161e-12
5.20136e-09
2.51108e-13
5.20191e-09
-6.88634e-13
5.2026e-09
-1.46753e-12
5.20338e-09
-2.07817e-12
5.20423e-09
-2.50495e-12
5.2051e-09
-2.7453e-12
5.20596e-09
-2.77328e-12
5.20675e-09
-2.69356e-12
-2.63458e-12
-3.14434e-10
-3.7099e-09
-2.46484e-11
-1.63234e-09
7.68248e-10
-1.64977e-09
1.53887e-09
-1.50564e-09
2.3778e-09
-1.41947e-09
3.23636e-09
-1.29243e-09
4.05867e-09
-1.14018e-09
4.83508e-09
-1.00024e-09
5.56156e-09
-8.68484e-10
6.23508e-09
-7.40895e-10
6.85178e-09
-6.13771e-10
7.41275e-09
-4.83999e-10
7.91739e-09
-3.53777e-10
8.36728e-09
-2.21841e-10
8.76471e-09
-8.91583e-11
9.11285e-09
4.3755e-11
9.41389e-09
1.7705e-10
9.67159e-09
3.07555e-10
9.88945e-09
4.35352e-10
1.0071e-08
5.59107e-10
1.02199e-08
6.77513e-10
1.03397e-08
7.90535e-10
1.04338e-08
8.98052e-10
1.05053e-08
1.00015e-09
1.05574e-08
1.0972e-09
1.05929e-08
1.18987e-09
1.06143e-08
1.27923e-09
1.06238e-08
1.36661e-09
1.06227e-08
1.45349e-09
1.06118e-08
1.54121e-09
1.05911e-08
1.6308e-09
1.05598e-08
1.72272e-09
1.05165e-08
1.81661e-09
1.04594e-08
1.91126e-09
1.03865e-08
2.00457e-09
1.02959e-08
2.09359e-09
1.01862e-08
2.17473e-09
1.00568e-08
2.24426e-09
9.9074e-09
2.29929e-09
9.73898e-09
2.33597e-09
9.55339e-09
2.35021e-09
9.35441e-09
2.33853e-09
9.14371e-09
2.30591e-09
8.92506e-09
2.25117e-09
8.70339e-09
2.1729e-09
8.48215e-09
2.07593e-09
8.26465e-09
1.96396e-09
8.05396e-09
1.84078e-09
7.85258e-09
1.71035e-09
7.66245e-09
1.57646e-09
7.48486e-09
1.44244e-09
7.32061e-09
1.31111e-09
7.17e-09
1.18468e-09
7.03295e-09
1.06478e-09
6.90909e-09
9.52527e-10
6.79781e-09
8.48575e-10
6.69835e-09
7.53225e-10
6.60987e-09
6.66481e-10
6.53147e-09
5.88128e-10
6.46222e-09
5.17791e-10
6.40126e-09
4.54984e-10
6.34772e-09
3.99156e-10
6.30081e-09
3.49721e-10
6.25977e-09
3.06086e-10
6.22395e-09
2.67671e-10
6.19272e-09
2.3392e-10
6.16553e-09
2.04312e-10
6.1419e-09
1.78368e-10
6.12139e-09
1.55649e-10
6.10361e-09
1.3576e-10
6.08822e-09
1.18346e-10
6.07494e-09
1.03095e-10
6.06349e-09
8.97304e-11
6.05367e-09
7.80087e-11
6.04526e-09
6.77181e-11
6.0381e-09
5.86738e-11
6.03203e-09
5.07149e-11
6.02693e-09
4.37022e-11
6.02267e-09
3.75146e-11
6.01917e-09
3.20471e-11
6.01634e-09
2.7209e-11
6.01408e-09
2.29222e-11
6.01235e-09
1.91191e-11
6.01108e-09
1.57413e-11
6.01022e-09
1.2738e-11
6.00972e-09
1.00658e-11
6.00954e-09
7.68823e-12
6.00965e-09
5.57403e-12
6.01001e-09
3.69728e-12
6.01059e-09
2.03715e-12
6.01136e-09
5.7816e-13
6.0123e-09
-6.88651e-13
6.01338e-09
-1.7672e-12
6.01457e-09
-2.65566e-12
6.01583e-09
-3.34417e-12
6.01714e-09
-3.8139e-12
6.01845e-09
-4.05257e-12
6.01971e-09
-4.03887e-12
6.02088e-09
-3.86009e-12
-3.72171e-12
-1.08416e-09
-2.62574e-09
-1.01749e-09
-1.69901e-09
-9.1968e-10
-1.74757e-09
-6.89882e-10
-1.73544e-09
-3.09653e-10
-1.7997e-09
1.94905e-10
-1.79699e-09
7.88032e-10
-1.73331e-09
1.42911e-09
-1.64132e-09
2.08829e-09
-1.52766e-09
2.74257e-09
-1.39518e-09
3.373e-09
-1.2442e-09
3.97108e-09
-1.08208e-09
4.52977e-09
-9.12468e-10
5.0457e-09
-7.37767e-10
5.51727e-09
-5.60726e-10
5.94473e-09
-3.83713e-10
6.33038e-09
-2.08596e-10
6.67597e-09
-3.80305e-11
6.98419e-09
1.27133e-10
7.25741e-09
2.85882e-10
7.49945e-09
4.35473e-10
7.71302e-09
5.76964e-10
7.90123e-09
7.09847e-10
8.06702e-09
8.34352e-10
8.21334e-09
9.5088e-10
8.34309e-09
1.06012e-09
8.45901e-09
1.16331e-09
8.56351e-09
1.26212e-09
8.65854e-09
1.35846e-09
8.7455e-09
1.45424e-09
8.82513e-09
1.55118e-09
8.89742e-09
1.65042e-09
8.96172e-09
1.75231e-09
9.01675e-09
1.85624e-09
9.06079e-09
1.96053e-09
9.09192e-09
2.06246e-09
9.10823e-09
2.15842e-09
9.108e-09
2.24448e-09
9.09046e-09
2.31684e-09
9.05525e-09
2.37118e-09
9.00044e-09
2.40502e-09
8.92797e-09
2.411e-09
8.84097e-09
2.3929e-09
8.74118e-09
2.35097e-09
8.63115e-09
2.28293e-09
8.51325e-09
2.19382e-09
8.39073e-09
2.08648e-09
8.26661e-09
1.9649e-09
8.14352e-09
1.83344e-09
8.02368e-09
1.6963e-09
7.90886e-09
1.55726e-09
7.8004e-09
1.41958e-09
7.69919e-09
1.28589e-09
7.60578e-09
1.15819e-09
7.52039e-09
1.03791e-09
7.44299e-09
9.25977e-10
7.37335e-09
8.22871e-10
7.31109e-09
7.28742e-10
7.25574e-09
6.4347e-10
7.2068e-09
5.66734e-10
7.16371e-09
4.98075e-10
7.12592e-09
4.36943e-10
7.0929e-09
3.82738e-10
7.06415e-09
3.34839e-10
7.03919e-09
2.92632e-10
7.01759e-09
2.55523e-10
6.99895e-09
2.22953e-10
6.98291e-09
1.94401e-10
6.96917e-09
1.69392e-10
6.95744e-09
1.47495e-10
6.94746e-09
1.28322e-10
6.93903e-09
1.11529e-10
6.93194e-09
9.68142e-11
6.92604e-09
8.39101e-11
6.92118e-09
7.25834e-11
6.91722e-09
6.26306e-11
6.91406e-09
5.38747e-11
6.9116e-09
4.61623e-11
6.90975e-09
3.93598e-11
6.90845e-09
3.33514e-11
6.90762e-09
2.80368e-11
6.90721e-09
2.33302e-11
6.90718e-09
1.91572e-11
6.90746e-09
1.54529e-11
6.90804e-09
1.21614e-11
6.90887e-09
9.23492e-12
6.90993e-09
6.63322e-12
6.91118e-09
4.3221e-12
6.9126e-09
2.27296e-12
6.91418e-09
4.62763e-13
6.91588e-09
-1.12509e-12
6.91769e-09
-2.49992e-12
6.91959e-09
-3.6648e-12
6.92155e-09
-4.61582e-12
6.92354e-09
-5.3392e-12
6.92554e-09
-5.81064e-12
6.9275e-09
-6.00658e-12
6.92936e-09
-5.90295e-12
6.93107e-09
-5.56973e-12
-5.25933e-12
-9.75857e-10
-1.64988e-09
-1.23905e-09
-1.43582e-09
-1.42298e-09
-1.56364e-09
-1.49597e-09
-1.66245e-09
-1.48796e-09
-1.80771e-09
-1.3719e-09
-1.91304e-09
-1.1419e-09
-1.9633e-09
-8.25645e-10
-1.95757e-09
-4.47978e-10
-1.90533e-09
-3.22157e-11
-1.81095e-09
4.01614e-10
-1.67803e-09
8.36482e-10
-1.51694e-09
1.26352e-09
-1.3395e-09
1.67612e-09
-1.15037e-09
2.06986e-09
-9.54464e-10
2.44232e-09
-7.56172e-10
2.79303e-09
-5.5931e-10
3.12202e-09
-3.67018e-10
3.43077e-09
-1.8162e-10
3.71877e-09
-2.11884e-12
3.99103e-09
1.63212e-10
4.24696e-09
3.21042e-10
4.48818e-09
4.68618e-10
4.71603e-09
6.06502e-10
4.93215e-09
7.34767e-10
5.13849e-09
8.53771e-10
5.33705e-09
9.6475e-10
5.52964e-09
1.06953e-09
5.71792e-09
1.17018e-09
5.90324e-09
1.26892e-09
6.08652e-09
1.3679e-09
6.26819e-09
1.46875e-09
6.44819e-09
1.57231e-09
6.62594e-09
1.67849e-09
6.80029e-09
1.78618e-09
6.96967e-09
1.89308e-09
7.13189e-09
1.9962e-09
7.28469e-09
2.09168e-09
7.42656e-09
2.17496e-09
7.55623e-09
2.24152e-09
7.67225e-09
2.28899e-09
7.77258e-09
2.31068e-09
7.85725e-09
2.30823e-09
7.92378e-09
2.28444e-09
7.97319e-09
2.23352e-09
8.00834e-09
2.15867e-09
8.03087e-09
2.06395e-09
8.04249e-09
1.95328e-09
8.0451e-09
1.83083e-09
8.04063e-09
1.70077e-09
8.03089e-09
1.567e-09
8.01751e-09
1.43296e-09
8.00189e-09
1.30151e-09
7.98517e-09
1.17491e-09
7.96825e-09
1.05483e-09
7.9518e-09
9.42425e-10
7.9363e-09
8.38374e-10
7.92205e-09
7.42991e-10
7.90923e-09
6.56288e-10
7.89792e-09
5.78047e-10
7.88811e-09
5.07881e-10
7.87976e-09
4.45294e-10
7.87278e-09
3.89717e-10
7.86707e-09
3.40552e-10
7.86251e-09
2.97193e-10
7.85898e-09
2.59051e-10
7.85637e-09
2.25561e-10
7.85457e-09
1.962e-10
7.85348e-09
1.70482e-10
7.85301e-09
1.47968e-10
7.85307e-09
1.28258e-10
7.8536e-09
1.11002e-10
7.85453e-09
9.58866e-11
7.8558e-09
8.26379e-11
7.85737e-09
7.10155e-11
7.85919e-09
6.0809e-11
7.86123e-09
5.18361e-11
7.86345e-09
4.39388e-11
7.86583e-09
3.6979e-11
7.86835e-09
3.08368e-11
7.87098e-09
2.54085e-11
7.8737e-09
2.06061e-11
7.87651e-09
1.63531e-11
7.87938e-09
1.25824e-11
7.8823e-09
9.23561e-12
7.88527e-09
6.26394e-12
7.88828e-09
3.62646e-12
7.89131e-09
1.28804e-12
7.89437e-09
-7.80734e-13
7.89743e-09
-2.60374e-12
7.90051e-09
-4.19762e-12
7.90358e-09
-5.57086e-12
7.90664e-09
-6.72498e-12
7.90967e-09
-7.65366e-12
7.91267e-09
-8.33736e-12
7.91561e-09
-8.74347e-12
7.91843e-09
-8.83554e-12
7.92111e-09
-8.57439e-12
7.92355e-09
-8.01211e-12
-7.38323e-12
-7.02047e-10
-9.47835e-10
-1.08163e-09
-1.05624e-09
-1.40208e-09
-1.24318e-09
-1.65319e-09
-1.41135e-09
-1.85773e-09
-1.60317e-09
-1.99967e-09
-1.77111e-09
-2.07262e-09
-1.89035e-09
-2.07851e-09
-1.95168e-09
-2.02721e-09
-1.95663e-09
-1.92707e-09
-1.91108e-09
-1.79651e-09
-1.80859e-09
-1.64246e-09
-1.67099e-09
-1.47304e-09
-1.50893e-09
-1.2935e-09
-1.32991e-09
-1.10723e-09
-1.14073e-09
-9.16411e-10
-9.46993e-10
-7.22435e-10
-7.53286e-10
-5.26245e-10
-5.63208e-10
-3.28398e-10
-3.79466e-10
-1.26681e-10
-2.03836e-10
7.50867e-11
-3.85559e-11
2.80653e-10
1.15476e-10
4.89365e-10
2.59906e-10
7.00329e-10
3.95538e-10
9.1347e-10
5.21627e-10
1.1293e-09
6.37939e-10
1.34837e-09
7.45682e-10
1.57118e-09
8.46722e-10
1.79837e-09
9.42988e-10
2.03058e-09
1.03672e-09
2.26829e-09
1.13019e-09
2.51187e-09
1.22517e-09
2.76154e-09
1.32263e-09
3.01726e-09
1.42278e-09
3.2786e-09
1.52483e-09
3.54481e-09
1.62687e-09
3.81448e-09
1.72654e-09
4.08571e-09
1.82045e-09
4.35623e-09
1.90444e-09
4.62304e-09
1.97471e-09
4.88382e-09
2.02822e-09
5.13475e-09
2.05975e-09
5.3742e-09
2.06878e-09
5.60115e-09
2.05748e-09
5.81201e-09
2.02266e-09
6.00577e-09
1.96491e-09
6.18242e-09
1.8873e-09
6.34216e-09
1.79354e-09
6.48551e-09
1.68748e-09
6.61331e-09
1.57297e-09
6.72667e-09
1.45363e-09
6.82687e-09
1.33276e-09
6.91523e-09
1.21315e-09
6.99308e-09
1.09707e-09
7.06166e-09
9.86247e-10
7.12215e-09
8.81936e-10
7.17559e-09
7.84937e-10
7.2229e-09
6.95681e-10
7.26489e-09
6.14295e-10
7.30227e-09
5.40669e-10
7.33564e-09
4.74515e-10
7.36551e-09
4.15418e-10
7.39234e-09
3.62887e-10
7.41651e-09
3.16384e-10
7.43835e-09
2.75359e-10
7.45813e-09
2.39266e-10
7.47611e-09
2.07583e-10
7.49249e-09
1.79817e-10
7.50746e-09
1.55513e-10
7.52118e-09
1.3425e-10
7.53379e-09
1.15652e-10
7.5454e-09
9.93827e-11
7.55614e-09
8.51474e-11
7.5661e-09
7.26835e-11
7.57535e-09
6.17627e-11
7.58398e-09
5.21837e-11
7.59204e-09
4.37737e-11
7.59959e-09
3.63832e-11
7.60669e-09
2.98799e-11
7.61338e-09
2.4149e-11
7.6197e-09
1.90914e-11
7.62568e-09
1.46253e-11
7.63135e-09
1.06784e-11
7.63675e-09
7.18626e-12
7.64189e-09
4.09261e-12
7.6468e-09
1.35201e-12
7.6515e-09
-1.07308e-12
7.65601e-09
-3.21607e-12
7.66033e-09
-5.10495e-12
7.66449e-09
-6.76365e-12
7.6685e-09
-8.20725e-12
7.67237e-09
-9.44124e-12
7.67611e-09
-1.04652e-11
7.67973e-09
-1.12715e-11
7.68323e-09
-1.18336e-11
7.68659e-09
-1.21097e-11
7.68981e-09
-1.20537e-11
7.69283e-09
-1.15947e-11
7.69561e-09
-1.07875e-11
-9.67953e-12
-4.56991e-10
-4.90844e-10
-7.86228e-10
-7.27001e-10
-1.09544e-09
-9.33972e-10
-1.38991e-09
-1.11687e-09
-1.67646e-09
-1.31663e-09
-1.94278e-09
-1.50478e-09
-2.17518e-09
-1.65795e-09
-2.36635e-09
-1.76051e-09
-2.51778e-09
-1.8052e-09
-2.63321e-09
-1.79565e-09
-2.7137e-09
-1.7281e-09
-2.76499e-09
-1.61971e-09
-2.79257e-09
-1.48135e-09
-2.79903e-09
-1.32345e-09
-2.78612e-09
-1.15364e-09
-2.75503e-09
-9.78083e-10
-2.70668e-09
-8.01637e-10
-2.64186e-09
-6.28025e-10
-2.56124e-09
-4.60088e-10
-2.46532e-09
-2.9976e-10
-2.3548e-09
-1.49072e-10
-2.23046e-09
-8.86281e-12
-2.09173e-09
1.2117e-10
-1.94057e-09
2.4438e-10
-1.77792e-09
3.58973e-10
-1.60406e-09
4.64081e-10
-1.41938e-09
5.61004e-10
-1.22433e-09
6.51673e-10
-1.01904e-09
7.37694e-10
-8.03457e-10
8.21134e-10
-5.77526e-10
9.04258e-10
-3.41096e-10
9.88743e-10
-9.38916e-11
1.07542e-09
1.6426e-10
1.16463e-09
4.33388e-10
1.2557e-09
7.13357e-10
1.3469e-09
1.0033e-09
1.43659e-09
1.30163e-09
1.52213e-09
1.60628e-09
1.59978e-09
1.91472e-09
1.66627e-09
2.22433e-09
1.71861e-09
2.53141e-09
1.75267e-09
2.83278e-09
1.76741e-09
3.12628e-09
1.76398e-09
3.40843e-09
1.74051e-09
3.67649e-09
1.69685e-09
3.92875e-09
1.63504e-09
4.16405e-09
1.55824e-09
4.38169e-09
1.46984e-09
4.58147e-09
1.37319e-09
4.76363e-09
1.27147e-09
4.92879e-09
1.16761e-09
5.07782e-09
1.06413e-09
5.21176e-09
9.63119e-10
5.33179e-09
8.66225e-10
5.43907e-09
7.74649e-10
5.53481e-09
6.89205e-10
5.62012e-09
6.10365e-10
5.69609e-09
5.38322e-10
5.76372e-09
4.73042e-10
5.82392e-09
4.1432e-10
5.87751e-09
3.61824e-10
5.92525e-09
3.15145e-10
5.96781e-09
2.73822e-10
6.00579e-09
2.37377e-10
6.03973e-09
2.05333e-10
6.07008e-09
1.77228e-10
6.09728e-09
1.52624e-10
6.12167e-09
1.31115e-10
6.1436e-09
1.12324e-10
6.16334e-09
9.59093e-11
6.18115e-09
8.15715e-11
6.19725e-09
6.90471e-11
6.21184e-09
5.8099e-11
6.22508e-09
4.85242e-11
6.23712e-09
4.014e-11
6.2481e-09
3.27936e-11
6.25813e-09
2.63527e-11
6.26731e-09
2.06975e-11
6.27574e-09
1.57245e-11
6.28349e-09
1.13434e-11
6.29062e-09
7.48675e-12
6.29721e-09
4.0884e-12
6.30331e-09
1.09153e-12
6.30896e-09
-1.55677e-12
6.31421e-09
-3.89522e-12
6.31909e-09
-5.95525e-12
6.32364e-09
-7.7671e-12
6.32789e-09
-9.35631e-12
6.33187e-09
-1.07463e-11
6.33561e-09
-1.19487e-11
6.33914e-09
-1.29643e-11
6.34246e-09
-1.37917e-11
6.34562e-09
-1.4425e-11
6.34861e-09
-1.48296e-11
6.35146e-09
-1.4957e-11
6.35417e-09
-1.47615e-11
6.3567e-09
-1.41251e-11
6.35907e-09
-1.31549e-11
-1.14962e-11
-2.86592e-10
-2.04252e-10
-5.43364e-10
-4.70229e-10
-8.09626e-10
-6.6771e-10
-1.09241e-09
-8.34085e-10
-1.39268e-09
-1.01636e-09
-1.69981e-09
-1.19765e-09
-1.99962e-09
-1.35815e-09
-2.27993e-09
-1.4802e-09
-2.53276e-09
-1.55236e-09
-2.7575e-09
-1.57092e-09
-2.94989e-09
-1.53571e-09
-3.11209e-09
-1.4575e-09
-3.24628e-09
-1.34716e-09
-3.3542e-09
-1.21553e-09
-3.437e-09
-1.07083e-09
-3.49553e-09
-9.19554e-10
-3.53053e-09
-7.66639e-10
-3.54279e-09
-6.15767e-10
-3.53313e-09
-4.69742e-10
-3.50253e-09
-3.30364e-10
-3.45212e-09
-1.99482e-10
-3.38179e-09
-7.91904e-11
-3.29302e-09
3.23996e-11
-3.18732e-09
1.3868e-10
-3.06615e-09
2.37801e-10
-2.93004e-09
3.27971e-10
-2.77976e-09
4.1072e-10
-2.61622e-09
4.88135e-10
-2.43987e-09
5.61348e-10
-2.25091e-09
6.32168e-10
-2.04946e-09
7.02815e-10
-1.83551e-09
7.74796e-10
-1.60878e-09
8.48686e-10
-1.36898e-09
9.24832e-10
-1.11594e-09
1.00266e-09
-8.49441e-10
1.0804e-09
-5.70074e-10
1.15723e-09
-2.79174e-10
1.23123e-09
2.15634e-11
1.29904e-09
3.29864e-10
1.35797e-09
6.43253e-10
1.40522e-09
9.58316e-10
1.4376e-09
1.27163e-09
1.4541e-09
1.58041e-09
1.45521e-09
1.88128e-09
1.43964e-09
2.17108e-09
1.40706e-09
2.4474e-09
1.35872e-09
2.70837e-09
1.29726e-09
2.9526e-09
1.22561e-09
3.17927e-09
1.14652e-09
3.38806e-09
1.06268e-09
3.57911e-09
9.7656e-10
3.75289e-09
8.90336e-10
3.91019e-09
8.05826e-10
4.05194e-09
7.24476e-10
4.17922e-09
6.47372e-10
4.29315e-09
5.75267e-10
4.3949e-09
5.0862e-10
4.48558e-09
4.47644e-10
4.56627e-09
3.92348e-10
4.638e-09
3.4259e-10
4.70172e-09
2.98109e-10
4.75829e-09
2.58571e-10
4.80852e-09
2.23594e-10
4.85312e-09
1.92776e-10
4.89274e-09
1.65712e-10
4.92796e-09
1.42011e-10
4.95928e-09
1.213e-10
4.98717e-09
1.03229e-10
5.01202e-09
8.74737e-11
5.03419e-09
7.37355e-11
5.054e-09
6.17607e-11
5.07173e-09
5.13253e-11
5.0876e-09
4.22234e-11
5.10184e-09
3.42843e-11
5.11463e-09
2.73472e-11
5.12614e-09
2.12863e-11
5.1365e-09
1.59898e-11
5.14585e-09
1.13535e-11
5.15428e-09
7.29036e-12
5.16191e-09
3.71499e-12
5.16881e-09
5.86121e-13
5.17506e-09
-2.15982e-12
5.18072e-09
-4.56989e-12
5.18586e-09
-6.69361e-12
5.19052e-09
-8.56043e-12
5.19476e-09
-1.01941e-11
5.19862e-09
-1.16215e-11
5.20212e-09
-1.28645e-11
5.20533e-09
-1.39472e-11
5.20825e-09
-1.48751e-11
5.21093e-09
-1.5643e-11
5.21339e-09
-1.62511e-11
5.21566e-09
-1.66974e-11
5.21777e-09
-1.69396e-11
5.21974e-09
-1.69289e-11
5.22161e-09
-1.66266e-11
5.22334e-09
-1.58535e-11
5.22501e-09
-1.48275e-11
-1.26326e-11
-1.65878e-10
-3.8374e-11
-3.51827e-10
-2.8428e-10
-5.66159e-10
-4.53378e-10
-8.1186e-10
-5.88384e-10
-1.08911e-09
-7.39105e-10
-1.39054e-09
-8.96227e-10
-1.70404e-09
-1.04465e-09
-2.01611e-09
-1.16813e-09
-2.31482e-09
-1.25366e-09
-2.59211e-09
-1.29362e-09
-2.84193e-09
-1.28589e-09
-3.0624e-09
-1.23704e-09
-3.25337e-09
-1.15618e-09
-3.41559e-09
-1.05332e-09
-3.54986e-09
-9.36552e-10
-3.65704e-09
-8.12379e-10
-3.73795e-09
-6.85724e-10
-3.79356e-09
-5.60158e-10
-3.8249e-09
-4.38401e-10
-3.83318e-09
-3.22083e-10
-3.81995e-09
-2.12721e-10
-3.78529e-09
-1.13847e-10
-3.73023e-09
-2.26618e-11
-3.6571e-09
6.55577e-11
-3.56744e-09
1.48134e-10
-3.46177e-09
2.22302e-10
-3.34099e-09
2.89938e-10
-3.20627e-09
3.53422e-10
-3.05817e-09
4.13241e-10
-2.89688e-09
4.70886e-10
-2.72264e-09
5.2857e-10
-2.53547e-09
5.87622e-10
-2.33505e-09
6.48271e-10
-2.12109e-09
7.10868e-10
-1.89334e-09
7.74915e-10
-1.65141e-09
8.38475e-10
-1.39572e-09
9.0153e-10
-1.12743e-09
9.62938e-10
-8.47963e-10
1.01958e-09
-5.5923e-10
1.06923e-09
-2.63565e-10
1.10955e-09
3.59761e-11
1.13806e-09
3.36113e-10
1.15396e-09
6.33942e-10
1.15738e-09
9.2627e-10
1.14731e-09
1.20993e-09
1.12339e-09
1.48238e-09
1.08628e-09
1.74144e-09
1.0382e-09
1.98541e-09
9.81649e-10
2.21315e-09
9.18778e-10
2.42405e-09
8.51779e-10
2.61794e-09
7.8267e-10
2.79503e-09
7.13238e-10
2.95587e-09
6.44995e-10
3.10119e-09
5.79156e-10
3.23191e-09
5.16644e-10
3.34907e-09
4.58113e-10
3.45372e-09
4.03969e-10
3.54695e-09
3.54415e-10
3.62981e-09
3.09481e-10
3.70334e-09
2.69065e-10
3.76848e-09
2.32965e-10
3.82614e-09
2.00912e-10
3.87714e-09
1.72597e-10
3.92222e-09
1.4769e-10
3.96208e-09
1.2586e-10
3.9973e-09
1.06785e-10
4.02844e-09
9.01581e-11
4.05598e-09
7.56916e-11
4.08034e-09
6.31126e-11
4.10191e-09
5.21689e-11
4.12101e-09
4.26568e-11
4.13794e-09
3.43941e-11
4.15296e-09
2.72086e-11
4.16628e-09
2.09645e-11
4.1781e-09
1.55218e-11
4.1886e-09
1.07871e-11
4.19792e-09
6.67029e-12
4.2062e-09
3.07899e-12
4.21354e-09
-4.81575e-14
4.22005e-09
-2.80106e-12
4.22582e-09
-5.18645e-12
4.23093e-09
-7.2665e-12
4.23544e-09
-9.08134e-12
4.23943e-09
-1.06767e-11
4.24293e-09
-1.20686e-11
4.24601e-09
-1.3273e-11
4.24871e-09
-1.43154e-11
4.25105e-09
-1.52132e-11
4.2531e-09
-1.59913e-11
4.25487e-09
-1.66461e-11
4.25639e-09
-1.71683e-11
4.25771e-09
-1.75631e-11
4.25884e-09
-1.78297e-11
4.25982e-09
-1.79221e-11
4.2607e-09
-1.78064e-11
4.26151e-09
-1.74343e-11
4.26222e-09
-1.65678e-11
4.26298e-09
-1.55896e-11
-1.29741e-11
-8.06803e-11
4.23064e-11
-2.07842e-10
-1.57119e-10
-3.72301e-10
-2.88918e-10
-5.72134e-10
-3.88552e-10
-8.08511e-10
-5.02728e-10
-1.0779e-09
-6.26837e-10
-1.37189e-09
-7.50665e-10
-1.67858e-09
-8.61433e-10
-1.98502e-09
-9.47224e-10
-2.27967e-09
-9.98972e-10
-2.55341e-09
-1.01214e-09
-2.80097e-09
-9.89481e-10
-3.01987e-09
-9.37289e-10
-3.20953e-09
-8.6366e-10
-3.37029e-09
-7.75786e-10
-3.50295e-09
-6.79726e-10
-3.60845e-09
-5.80224e-10
-3.68791e-09
-4.80695e-10
-3.74257e-09
-3.83741e-10
-3.77381e-09
-2.90844e-10
-3.78368e-09
-2.02853e-10
-3.77255e-09
-1.24975e-10
-3.74093e-09
-5.42782e-11
-3.69146e-09
1.6081e-11
-3.62582e-09
8.24977e-11
-3.54444e-09
1.40918e-10
-3.44827e-09
1.93768e-10
-3.33867e-09
2.4383e-10
-3.21617e-09
2.90735e-10
-3.08091e-09
3.35629e-10
-2.93312e-09
3.80779e-10
-2.77284e-09
4.27346e-10
-2.59974e-09
4.75162e-10
-2.41347e-09
5.24599e-10
-2.21384e-09
5.7529e-10
-2.00034e-09
6.24972e-10
-1.77326e-09
6.74452e-10
-1.53367e-09
7.23342e-10
-1.2827e-09
7.68616e-10
-1.02203e-09
8.08557e-10
-7.53733e-10
8.41258e-10
-4.80554e-10
8.64885e-10
-2.05485e-10
8.7889e-10
6.87116e-11
8.8318e-10
3.39074e-10
8.76948e-10
6.0261e-10
8.59857e-10
8.56839e-10
8.32051e-10
1.09956e-09
7.95473e-10
1.32896e-09
7.52249e-10
1.54381e-09
7.03929e-10
1.74335e-09
6.52241e-10
1.92725e-09
5.98773e-10
2.09555e-09
5.44935e-10
2.24862e-09
4.9193e-10
2.38704e-09
4.40733e-10
2.51159e-09
3.92088e-10
2.62318e-09
3.46529e-10
2.72275e-09
3.04392e-10
2.81132e-09
2.6585e-10
2.88986e-09
2.30935e-10
2.95936e-09
1.99574e-10
3.02071e-09
1.71608e-10
3.0748e-09
1.46825e-10
3.12241e-09
1.24983e-10
3.16429e-09
1.05818e-10
3.20108e-09
8.90655e-11
3.23339e-09
7.44713e-11
3.26176e-09
6.17936e-11
3.28664e-09
5.08061e-11
3.30847e-09
4.12865e-11
3.32761e-09
3.30265e-11
3.34439e-09
2.58756e-11
3.3591e-09
1.96924e-11
3.37197e-09
1.4334e-11
3.38323e-09
9.70665e-12
3.39307e-09
5.68244e-12
3.40165e-09
2.20614e-12
3.40911e-09
-7.91173e-13
3.41558e-09
-3.39256e-12
3.42118e-09
-5.64852e-12
3.426e-09
-7.61802e-12
3.43012e-09
-9.30923e-12
3.43362e-09
-1.07684e-11
3.43657e-09
-1.20304e-11
3.43903e-09
-1.31368e-11
3.44105e-09
-1.4087e-11
3.44267e-09
-1.48938e-11
3.44394e-09
-1.55828e-11
3.44489e-09
-1.61666e-11
3.44557e-09
-1.66648e-11
3.44598e-09
-1.70636e-11
3.44618e-09
-1.73631e-11
3.44619e-09
-1.75718e-11
3.44604e-09
-1.76793e-11
3.44576e-09
-1.76437e-11
3.4454e-09
-1.74489e-11
3.44501e-09
-1.70465e-11
3.4446e-09
-1.61501e-11
3.44429e-09
-1.52848e-11
-1.24705e-11
-2.43906e-11
6.6697e-11
-1.05707e-10
-7.58023e-11
-2.26578e-10
-1.68047e-10
-3.80483e-10
-2.34647e-10
-5.69851e-10
-3.1336e-10
-7.94455e-10
-4.02232e-10
-1.04981e-09
-4.95306e-10
-1.32729e-09
-5.83955e-10
-1.61544e-09
-6.59078e-10
-1.90208e-09
-7.12326e-10
-2.17621e-09
-7.38023e-10
-2.42984e-09
-7.3585e-10
-2.65813e-09
-7.08996e-10
-2.85884e-09
-6.62951e-10
-3.03139e-09
-6.03232e-10
-3.17622e-09
-5.34895e-10
-3.29425e-09
-4.62203e-10
-3.38658e-09
-3.88364e-10
-3.45457e-09
-3.15751e-10
-3.49967e-09
-2.45739e-10
-3.52406e-09
-1.78463e-10
-3.52901e-09
-1.20023e-10
-3.51474e-09
-6.85468e-11
-3.48337e-09
-1.52924e-11
-3.43679e-09
3.59181e-11
-3.37523e-09
7.93559e-11
-3.29986e-09
1.18395e-10
-3.21213e-09
1.56101e-10
-3.11247e-09
1.91082e-10
-3.00101e-09
2.24168e-10
-2.87791e-09
2.57681e-10
-2.74322e-09
2.92651e-10
-2.59654e-09
3.28481e-10
-2.43752e-09
3.65578e-10
-2.26604e-09
4.03818e-10
-2.08156e-09
4.40483e-10
-1.88426e-09
4.77161e-10
-1.67511e-09
5.14185e-10
-1.45502e-09
5.48526e-10
-1.22542e-09
5.78955e-10
-9.88168e-10
6.04011e-10
-7.45689e-10
6.22405e-10
-5.00664e-10
6.33865e-10
-2.55621e-10
6.38136e-10
-1.32358e-11
6.34563e-10
2.23742e-10
6.22879e-10
4.52992e-10
6.02802e-10
6.72386e-10
5.76079e-10
8.80141e-10
5.44495e-10
1.07504e-09
5.09031e-10
1.25629e-09
4.70993e-10
1.42348e-09
4.31577e-10
1.57657e-09
3.91845e-10
1.7158e-09
3.52706e-10
1.84163e-09
3.14898e-10
1.95473e-09
2.78989e-10
2.05588e-09
2.45384e-10
2.14593e-09
2.14343e-10
2.22578e-09
1.85997e-10
2.29634e-09
1.60373e-10
2.3585e-09
1.37414e-10
2.41311e-09
1.16995e-10
2.46098e-09
9.89553e-11
2.50286e-09
8.31097e-11
2.53942e-09
6.92563e-11
2.57129e-09
5.71916e-11
2.59904e-09
4.67232e-11
2.62316e-09
3.76713e-11
2.6441e-09
2.98714e-11
2.66224e-09
2.31466e-11
2.67793e-09
1.73283e-11
2.69149e-09
1.23223e-11
2.70315e-09
8.03079e-12
2.71317e-09
4.31535e-12
2.72172e-09
1.15103e-12
2.729e-09
-1.59711e-12
2.73515e-09
-3.94241e-12
2.7403e-09
-5.94007e-12
2.74456e-09
-7.65645e-12
2.74806e-09
-9.13929e-12
2.75086e-09
-1.04178e-11
2.75304e-09
-1.1495e-11
2.75468e-09
-1.24104e-11
2.75584e-09
-1.31915e-11
2.75658e-09
-1.38682e-11
2.75692e-09
-1.44287e-11
2.75692e-09
-1.48919e-11
2.75661e-09
-1.52792e-11
2.75604e-09
-1.5595e-11
2.75522e-09
-1.58457e-11
2.75418e-09
-1.60212e-11
2.75295e-09
-1.61366e-11
2.75157e-09
-1.61929e-11
2.75007e-09
-1.61749e-11
2.74847e-09
-1.60485e-11
2.74682e-09
-1.57979e-11
2.74517e-09
-1.53951e-11
2.74357e-09
-1.45452e-11
2.74209e-09
-1.38054e-11
-1.11106e-11
9.14867e-12
5.75483e-11
-3.83013e-11
-2.83523e-11
-1.22574e-10
-8.37743e-11
-2.34391e-10
-1.22831e-10
-3.77154e-10
-1.70596e-10
-5.5283e-10
-2.26556e-10
-7.60193e-10
-2.87943e-10
-9.942e-10
-3.49948e-10
-1.24642e-09
-4.06861e-10
-1.50624e-09
-4.52507e-10
-1.7626e-09
-4.81655e-10
-2.00616e-09
-4.92292e-10
-2.23015e-09
-4.85007e-10
-2.43053e-09
-4.62577e-10
-2.60537e-09
-4.28383e-10
-2.7543e-09
-3.85974e-10
-2.87788e-09
-3.38619e-10
-2.97694e-09
-2.89307e-10
-3.05277e-09
-2.39916e-10
-3.10709e-09
-1.91417e-10
-3.1406e-09
-1.4496e-10
-3.15633e-09
-1.04294e-10
-3.15638e-09
-6.84895e-11
-3.14052e-09
-3.11576e-11
-3.10983e-09
5.23215e-12
-3.0651e-09
3.46255e-11
-3.00786e-09
6.11564e-11
-2.93948e-09
8.77183e-11
-2.86042e-09
1.12019e-10
-2.77077e-09
1.34519e-10
-2.6706e-09
1.57513e-10
-2.55991e-09
1.81961e-10
-2.43828e-09
2.06846e-10
-2.3053e-09
2.32605e-10
-2.16098e-09
2.59491e-10
-2.00482e-09
2.84326e-10
-1.83695e-09
3.09292e-10
-1.65813e-09
3.35369e-10
-1.46912e-09
3.59512e-10
-1.27113e-09
3.80965e-10
-1.06581e-09
3.98691e-10
-8.55277e-10
4.11873e-10
-6.4191e-10
4.20499e-10
-4.27958e-10
4.24184e-10
-2.15821e-10
4.22427e-10
-7.97772e-12
4.15035e-10
1.93454e-10
4.0137e-10
3.86459e-10
3.83074e-10
5.69352e-10
3.61602e-10
7.40993e-10
3.3739e-10
9.00617e-10
3.11369e-10
1.0478e-09
2.84393e-10
1.18244e-09
2.57206e-10
1.3047e-09
2.30444e-10
1.41498e-09
2.04624e-10
1.51382e-09
1.80145e-10
1.60191e-09
1.57289e-10
1.68002e-09
1.36235e-10
1.74895e-09
1.17071e-10
1.80951e-09
9.981e-11
1.86252e-09
8.44073e-11
1.90875e-09
7.07681e-11
1.94893e-09
5.87742e-11
1.98374e-09
4.82929e-11
2.01382e-09
3.91784e-11
2.03973e-09
3.12819e-11
2.06199e-09
2.44662e-11
2.08105e-09
1.86121e-11
2.0973e-09
1.3615e-11
2.11111e-09
9.34336e-12
2.12278e-09
5.65245e-12
2.13259e-09
2.51181e-12
2.14075e-09
-1.24207e-13
2.14749e-09
-2.42835e-12
2.15297e-09
-4.32955e-12
2.15735e-09
-5.97833e-12
2.16076e-09
-7.35312e-12
2.16333e-09
-8.50452e-12
2.16515e-09
-9.47883e-12
2.16632e-09
-1.03095e-11
2.16691e-09
-1.10046e-11
2.16698e-09
-1.15711e-11
2.16661e-09
-1.20409e-11
2.16585e-09
-1.24277e-11
2.16473e-09
-1.27438e-11
2.16328e-09
-1.29854e-11
2.16157e-09
-1.31769e-11
2.15961e-09
-1.33225e-11
2.15744e-09
-1.3421e-11
2.15507e-09
-1.34771e-11
2.15253e-09
-1.34861e-11
2.14986e-09
-1.34615e-11
2.14707e-09
-1.34019e-11
2.14419e-09
-1.32951e-11
2.14125e-09
-1.31156e-11
2.13831e-09
-1.28503e-11
2.13539e-09
-1.24809e-11
2.13261e-09
-1.17617e-11
2.12992e-09
-1.11177e-11
-8.9265e-12
2.39927e-11
3.35555e-11
1.24582e-12
-5.60541e-12
-5.20906e-11
-3.04379e-11
-1.26405e-10
-4.85162e-11
-2.25444e-10
-7.15576e-11
-3.52257e-10
-9.9743e-11
-5.07809e-10
-1.32391e-10
-6.90153e-10
-1.67604e-10
-8.94345e-10
-2.02669e-10
-1.11278e-09
-2.34077e-10
-1.33614e-09
-2.58289e-10
-1.55534e-09
-2.73092e-10
-1.76275e-09
-2.77601e-10
-1.9529e-09
-2.72421e-10
-2.12244e-09
-2.58846e-10
-2.26963e-09
-2.38788e-10
-2.3944e-09
-2.13846e-10
-2.49695e-09
-1.86759e-10
-2.57775e-09
-1.59109e-10
-2.63823e-09
-1.30941e-10
-2.67977e-09
-1.03419e-10
-2.70506e-09
-7.90036e-11
-2.71638e-09
-5.71721e-11
-2.7137e-09
-3.38404e-11
-2.69651e-09
-1.19552e-11
-2.66699e-09
5.10487e-12
-2.62682e-09
2.09929e-11
-2.57662e-09
3.75156e-11
-2.51682e-09
5.22157e-11
-2.44779e-09
6.54953e-11
-2.36949e-09
7.92056e-11
-2.28174e-09
9.4212e-11
-2.18416e-09
1.09271e-10
-2.07633e-09
1.24776e-10
-1.9582e-09
1.41361e-10
-1.82975e-09
1.55868e-10
-1.69094e-09
1.70488e-10
-1.54219e-09
1.86619e-10
-1.38411e-09
2.01428e-10
-1.21775e-09
2.14609e-10
-1.04456e-09
2.25501e-10
-8.6638e-10
2.3369e-10
-6.8528e-10
2.39399e-10
-5.03216e-10
2.4212e-10
-3.22307e-10
2.41518e-10
-1.4479e-10
2.37518e-10
2.74139e-11
2.29167e-10
1.9244e-10
2.18047e-10
3.48742e-10
2.053e-10
4.95292e-10
1.90841e-10
6.31384e-10
1.75277e-10
7.5661e-10
1.59167e-10
8.70848e-10
1.42967e-10
9.74226e-10
1.27067e-10
1.06707e-09
1.11781e-10
1.14986e-09
9.73509e-11
1.22321e-09
8.39438e-11
1.28778e-09
7.16617e-11
1.3443e-09
6.05501e-11
1.3935e-09
5.06093e-11
1.43611e-09
4.18027e-11
1.47281e-09
3.40623e-11
1.50428e-09
2.73096e-11
1.53111e-09
2.14599e-11
1.55387e-09
1.64194e-11
1.57306e-09
1.2088e-11
1.58915e-09
8.37539e-12
1.60254e-09
5.22421e-12
1.61358e-09
2.58084e-12
1.62255e-09
3.74308e-13
1.62974e-09
-1.54389e-12
1.63538e-09
-3.12493e-12
1.63968e-09
-4.4234e-12
1.64278e-09
-5.53465e-12
1.64488e-09
-6.42087e-12
1.64607e-09
-7.17662e-12
1.6465e-09
-7.77969e-12
1.64626e-09
-8.2662e-12
1.64545e-09
-8.66181e-12
1.64411e-09
-8.97827e-12
1.64233e-09
-9.21957e-12
1.64016e-09
-9.40413e-12
1.63766e-09
-9.54209e-12
1.63487e-09
-9.63363e-12
1.63181e-09
-9.68733e-12
1.62853e-09
-9.70519e-12
1.62506e-09
-9.70333e-12
1.62142e-09
-9.67999e-12
1.61763e-09
-9.63287e-12
1.61372e-09
-9.565e-12
1.6097e-09
-9.47404e-12
1.60561e-09
-9.36927e-12
1.60146e-09
-9.24914e-12
1.59727e-09
-9.10575e-12
1.59308e-09
-8.9224e-12
1.58892e-09
-8.69329e-12
1.58484e-09
-8.39956e-12
1.58098e-09
-7.90067e-12
1.57719e-09
-7.3291e-12
-6.00759e-12
2.30747e-11
1.04809e-11
1.69514e-11
5.17855e-13
-8.56481e-12
-4.92173e-12
-4.81029e-11
-8.97809e-12
-1.04731e-10
-1.49291e-11
-1.81789e-10
-2.2685e-11
-2.81537e-10
-3.26427e-11
-4.04376e-10
-4.47647e-11
-5.4872e-10
-5.83253e-11
-7.10691e-10
-7.21063e-11
-8.84195e-10
-8.47849e-11
-1.06218e-09
-9.51065e-11
-1.23769e-09
-1.02089e-10
-1.40486e-09
-1.05249e-10
-1.55933e-09
-1.04379e-10
-1.6979e-09
-1.00217e-10
-1.81849e-09
-9.32573e-11
-1.92043e-09
-8.48181e-11
-2.00426e-09
-7.52836e-11
-2.07066e-09
-6.45335e-11
-2.1205e-09
-5.35815e-11
-2.15586e-09
-4.36478e-11
-2.17835e-09
-3.46835e-11
-2.18747e-09
-2.47173e-11
-2.18398e-09
-1.54394e-11
-2.17052e-09
-8.35978e-12
-2.14818e-09
-1.3516e-12
-2.11669e-09
6.02672e-12
-2.07682e-09
1.23481e-11
-2.02933e-09
1.80053e-11
-1.9741e-09
2.39763e-11
-1.9104e-09
3.05097e-11
-1.83806e-09
3.69322e-11
-1.75679e-09
4.35097e-11
-1.66579e-09
5.03538e-11
-1.56634e-09
5.64209e-11
-1.45864e-09
6.27893e-11
-1.34194e-09
6.99232e-11
-1.21693e-09
7.64131e-11
-1.08451e-09
8.2194e-11
-9.4593e-10
8.69171e-11
-8.02725e-10
9.04848e-11
-6.56619e-10
9.32927e-11
-5.09249e-10
9.47503e-11
-3.62453e-10
9.47216e-11
-2.18244e-10
9.33084e-11
-7.84621e-11
8.93848e-11
5.52407e-11
8.43446e-11
1.81576e-10
7.89637e-11
2.99649e-10
7.27681e-11
4.08827e-10
6.60995e-11
5.0875e-10
5.92445e-11
5.99313e-10
5.24038e-11
6.80632e-10
4.57476e-11
7.53002e-10
3.94118e-11
8.16856e-10
3.34966e-11
8.72732e-10
2.80676e-11
9.21234e-10
2.316e-11
9.63e-10
1.87835e-11
9.98681e-10
1.4929e-11
1.02891e-09
1.15701e-11
1.05431e-09
8.66903e-12
1.07543e-09
6.18414e-12
1.09282e-09
4.07501e-12
1.10694e-09
2.29677e-12
1.11823e-09
7.99249e-13
1.12708e-09
-4.72982e-13
1.13382e-09
-1.52048e-12
1.13875e-09
-2.34956e-12
1.14213e-09
-2.99941e-12
1.14411e-09
-3.53184e-12
1.14494e-09
-3.95126e-12
1.14479e-09
-4.27349e-12
1.14379e-09
-4.53825e-12
1.14209e-09
-4.71419e-12
1.13976e-09
-4.84636e-12
1.13691e-09
-4.93555e-12
1.13364e-09
-4.98903e-12
1.12998e-09
-5.01167e-12
1.12602e-09
-5.0088e-12
1.12178e-09
-4.98372e-12
1.11732e-09
-4.94737e-12
1.11268e-09
-4.89925e-12
1.10788e-09
-4.83729e-12
1.10296e-09
-4.76583e-12
1.09794e-09
-4.68599e-12
1.09284e-09
-4.60498e-12
1.08769e-09
-4.52063e-12
1.08248e-09
-4.43095e-12
1.07726e-09
-4.3375e-12
1.07202e-09
-4.23914e-12
1.06679e-09
-4.14018e-12
1.06158e-09
-4.03937e-12
1.05641e-09
-3.93346e-12
1.0513e-09
-3.81462e-12
1.04629e-09
-3.68444e-12
1.04142e-09
-3.52436e-12
1.03683e-09
-3.31298e-12
1.03241e-09
-2.91265e-12
-2.59147e-12
1.04809e-11
1.09987e-11
6.07701e-12
-2.90108e-12
-1.78302e-11
-4.05152e-11
-7.31579e-11
-1.17923e-10
-1.76248e-10
-2.48354e-10
-3.33139e-10
-4.28246e-10
-5.30335e-10
-6.35584e-10
-7.39963e-10
-8.40181e-10
-9.33438e-10
-1.01826e-09
-1.09354e-09
-1.15807e-09
-1.21165e-09
-1.2553e-09
-1.28999e-09
-1.3147e-09
-1.33014e-09
-1.3385e-09
-1.33985e-09
-1.33383e-09
-1.32148e-09
-1.30347e-09
-1.2795e-09
-1.24899e-09
-1.21206e-09
-1.16855e-09
-1.11819e-09
-1.06177e-09
-9.98982e-10
-9.29059e-10
-8.52645e-10
-7.70451e-10
-6.83534e-10
-5.9305e-10
-4.99757e-10
-4.05006e-10
-3.10285e-10
-2.16976e-10
-1.27592e-10
-4.3247e-11
3.57167e-11
1.08485e-10
1.74584e-10
2.33829e-10
2.86233e-10
3.3198e-10
3.71392e-10
4.04889e-10
4.32956e-10
4.56116e-10
4.749e-10
4.89829e-10
5.01399e-10
5.10068e-10
5.16252e-10
5.20327e-10
5.22624e-10
5.23423e-10
5.2295e-10
5.2143e-10
5.1908e-10
5.16081e-10
5.12549e-10
5.08598e-10
5.04324e-10
4.99786e-10
4.95072e-10
4.90225e-10
4.8529e-10
4.80301e-10
4.75289e-10
4.7028e-10
4.65296e-10
4.60349e-10
4.5545e-10
4.50613e-10
4.45847e-10
4.41161e-10
4.36556e-10
4.32035e-10
4.27604e-10
4.23267e-10
4.19028e-10
4.14887e-10
4.10848e-10
4.06915e-10
4.031e-10
3.99415e-10
3.95891e-10
3.92578e-10
3.89665e-10
-8.21183e-12
-4.42802e-09
-1.63939e-11
-4.42884e-09
-2.50829e-11
-4.43068e-09
-3.34973e-11
-4.4334e-09
-4.13047e-11
-4.43681e-09
-5.08678e-11
-4.44049e-09
-5.95796e-11
-4.44443e-09
-6.7654e-11
-4.44789e-09
-7.18451e-11
-4.45003e-09
-7.64657e-11
-4.44858e-09
-8.35932e-11
-4.4406e-09
-6.87535e-11
-4.42494e-09
-1.90492e-11
-4.38831e-09
1.37499e-11
-4.30564e-09
1.3569e-11
-4.15379e-09
2.63684e-11
-3.91043e-09
2.87011e-10
-3.56938e-09
4.14708e-10
-3.04861e-09
3.5719e-10
-2.31341e-09
-1.05572e-09
-1.33104e-11
-4.41471e-09
-2.61785e-11
-4.41597e-09
-3.87973e-11
-4.41806e-09
-5.10836e-11
-4.42111e-09
-6.2857e-11
-4.42504e-09
-7.36858e-11
-4.42966e-09
-8.34682e-11
-4.43465e-09
-9.18265e-11
-4.43953e-09
-9.83713e-11
-4.44349e-09
-1.01782e-10
-4.44517e-09
-1.00771e-10
-4.44161e-09
-9.78367e-11
-4.42787e-09
-9.10163e-11
-4.39513e-09
-6.88399e-11
-4.32782e-09
-2.60068e-11
-4.19662e-09
2.44135e-11
-3.96085e-09
3.69751e-11
-3.58194e-09
3.10647e-11
-3.0427e-09
8.23784e-12
-2.29058e-09
-1.04748e-09
-2.60656e-11
-4.38865e-09
-5.241e-11
-4.38963e-09
-7.87268e-11
-4.39174e-09
-1.04981e-10
-4.39486e-09
-1.31109e-10
-4.39891e-09
-1.57003e-10
-4.40377e-09
-1.82444e-10
-4.40921e-09
-2.07093e-10
-4.41488e-09
-2.30431e-10
-4.42015e-09
-2.51646e-10
-4.42395e-09
-2.68824e-10
-4.42443e-09
-2.8034e-10
-4.41636e-09
-2.82439e-10
-4.39303e-09
-2.71405e-10
-4.33885e-09
-2.41439e-10
-4.22659e-09
-1.86587e-10
-4.0157e-09
-1.09603e-10
-3.65892e-09
-3.78439e-11
-3.11446e-09
2.22536e-12
-2.33065e-09
-1.04526e-09
-4.34061e-11
-4.34524e-09
-8.65923e-11
-4.34644e-09
-1.29747e-10
-4.34859e-09
-1.72824e-10
-4.35178e-09
-2.1574e-10
-4.356e-09
-2.58352e-10
-4.36115e-09
-3.00436e-10
-4.36713e-09
-3.41639e-10
-4.37368e-09
-3.81411e-10
-4.38038e-09
-4.18903e-10
-4.38646e-09
-4.52834e-10
-4.3905e-09
-4.79416e-10
-4.38977e-09
-4.93918e-10
-4.37853e-09
-4.87844e-10
-4.34493e-09
-4.49326e-10
-4.26511e-09
-3.68348e-10
-4.09668e-09
-2.48761e-10
-3.77851e-09
-1.1937e-10
-3.24385e-09
-2.65205e-11
-2.4235e-09
-1.07178e-09
-7.29558e-11
-4.27228e-09
-1.46173e-10
-4.27322e-09
-2.19359e-10
-4.2754e-09
-2.92461e-10
-4.27868e-09
-3.65379e-10
-4.28308e-09
-4.37936e-10
-4.2886e-09
-5.09843e-10
-4.29522e-09
-5.80633e-10
-4.30289e-09
-6.49574e-10
-4.31144e-09
-7.1549e-10
-4.32054e-09
-7.76458e-10
-4.32953e-09
-8.29233e-10
-4.337e-09
-8.67831e-10
-4.33993e-09
-8.81199e-10
-4.33156e-09
-8.49806e-10
-4.2965e-09
-7.47418e-10
-4.19907e-09
-5.53319e-10
-3.97261e-09
-2.9242e-10
-3.50475e-09
-6.63274e-11
-2.6496e-09
-1.13811e-09
-8.71156e-11
-4.18517e-09
-1.74489e-10
-4.18585e-09
-2.61939e-10
-4.18795e-09
-3.49477e-10
-4.19114e-09
-4.37079e-10
-4.19548e-09
-5.2467e-10
-4.20101e-09
-6.12094e-10
-4.2078e-09
-6.99072e-10
-4.21591e-09
-7.85121e-10
-4.22539e-09
-8.69423e-10
-4.23624e-09
-9.5059e-10
-4.24836e-09
-1.0262e-09
-4.26139e-09
-1.09178e-09
-4.27435e-09
-1.13864e-09
-4.2847e-09
-1.14923e-09
-4.28591e-09
-1.0889e-09
-4.2594e-09
-9.11901e-10
-4.14961e-09
-5.78945e-10
-3.83771e-09
-1.75463e-10
-3.05308e-09
-1.31357e-09
-7.67676e-11
-4.1084e-09
-1.53094e-10
-4.10952e-09
-2.29742e-10
-4.1113e-09
-3.0687e-10
-4.11402e-09
-3.84617e-10
-4.11773e-09
-4.63101e-10
-4.12252e-09
-5.42414e-10
-4.12848e-09
-6.22598e-10
-4.13572e-09
-7.03594e-10
-4.14439e-09
-7.85181e-10
-4.15466e-09
-8.66865e-10
-4.16668e-09
-9.47676e-10
-4.18058e-09
-1.02571e-09
-4.19631e-09
-1.09706e-09
-4.21335e-09
-1.15323e-09
-4.22974e-09
-1.17324e-09
-4.2394e-09
-1.10756e-09
-4.21529e-09
-8.84419e-10
-4.06084e-09
-4.29428e-10
-3.50807e-09
-1.743e-09
-6.23693e-11
-4.04603e-09
-1.24012e-10
-4.04788e-09
-1.86206e-10
-4.04911e-09
-2.49209e-10
-4.05101e-09
-3.13284e-10
-4.05365e-09
-3.78696e-10
-4.05711e-09
-4.45766e-10
-4.06141e-09
-5.14849e-10
-4.06664e-09
-5.86257e-10
-4.07298e-09
-6.60252e-10
-4.08066e-09
-7.37014e-10
-4.08992e-09
-8.1655e-10
-4.10104e-09
-8.98499e-10
-4.11436e-09
-9.81676e-10
-4.13018e-09
-1.06293e-09
-4.14848e-09
-1.13469e-09
-4.16764e-09
-1.16854e-09
-4.18144e-09
-1.08256e-09
-4.14682e-09
-7.21529e-10
-3.8691e-09
-2.46453e-09
-3.69615e-11
-4.00907e-09
-7.59695e-11
-4.00887e-09
-1.15759e-10
-4.00932e-09
-1.56791e-10
-4.00998e-09
-1.99534e-10
-4.01091e-09
-2.44475e-10
-4.01217e-09
-2.92069e-10
-4.01382e-09
-3.42738e-10
-4.01597e-09
-3.96952e-10
-4.01877e-09
-4.55238e-10
-4.02237e-09
-5.18171e-10
-4.02699e-09
-5.8635e-10
-4.03287e-09
-6.60348e-10
-4.04036e-09
-7.40546e-10
-4.04998e-09
-8.26595e-10
-4.06243e-09
-9.15707e-10
-4.07853e-09
-1.00004e-09
-4.09711e-09
-1.03182e-09
-4.11504e-09
-8.4862e-10
-4.0523e-09
-3.31315e-09
-9.0695e-12
-1.79429e-11
-2.72617e-11
-3.72418e-11
-4.81515e-11
-6.03199e-11
-7.41386e-11
-9.01097e-11
-1.08879e-10
-1.31254e-10
-1.58239e-10
-1.91105e-10
-2.31468e-10
-2.81447e-10
-3.43878e-10
-4.22405e-10
-5.19513e-10
-6.34553e-10
-6.86854e-10
)
;

boundaryField
{
    inLet
    {
        type            calculated;
        value           nonuniform List<scalar> 
20
(
-4e-09
-4e-09
-4e-09
-4e-09
-4e-09
-4e-09
-4e-09
-4e-09
-4e-09
-4e-09
-4e-09
-4e-09
-4e-09
-4e-09
-4e-09
-4e-09
-4e-09
-4e-09
-4e-09
-4e-09
)
;
    }
    outLet
    {
        type            calculated;
        value           nonuniform List<scalar> 
20
(
2.09587e-09
2.44422e-09
2.84923e-09
3.31922e-09
3.86306e-09
4.48976e-09
5.20753e-09
6.02197e-09
6.93261e-09
7.92567e-09
7.6979e-09
6.36088e-09
5.22615e-09
4.26332e-09
3.44379e-09
2.74073e-09
2.12774e-09
1.57427e-09
1.029e-09
3.87074e-10
)
;
    }
    walls
    {
        type            calculated;
        value           uniform 0;
    }
    frontAndBack
    {
        type            empty;
        value           nonuniform 0();
    }
    sym
    {
        type            symmetry;
        value           uniform 0;
    }
    slave
    {
        type            calculated;
        value           uniform 0;
    }
}


// ************************************************************************* //
