/*--------------------------------*- C++ -*----------------------------------*\
| =========                 |                                                 |
| \\      /  F ield         | OpenFOAM: The Open Source CFD Toolbox           |
|  \\    /   O peration     | Version:  2506                                  |
|   \\  /    A nd           | Website:  www.openfoam.com                      |
|    \\/     M anipulation  |                                                 |
\*---------------------------------------------------------------------------*/
FoamFile
{
    version     2.0;
    format      ascii;
    arch        "LSB;label=32;scalar=64";
    class       volScalarField;
    location    "2000/air";
    object      qprimaryRad_0;
}
// * * * * * * * * * * * * * * * * * * * * * * * * * * * * * * * * * * * * * //

dimensions      [1 0 -3 0 0 0 0];

internalField   uniform 0;

boundaryField
{
    maxY
    {
        type            calculated;
        value           uniform 0;
    }
    minX
    {
        type            calculated;
        value           uniform 0;
    }
    maxX
    {
        type            calculated;
        value           uniform 0;
    }
    minY
    {
        type            calculated;
        value           uniform 0;
    }
    maxZ
    {
        type            calculated;
        value           uniform 0;
    }
    air_to_solid
    {
        type            calculated;
        value           nonuniform List<scalar> 
1536
(
0
0
0
0
0
0
0
0
0
0
0
0
0
0
0
0
0
0
0
0
0
0
0
0
0
0
0
0
0
0
0
0
0
0
0
0
8.920995
23.72501
20.37538
6.618308
16.66391
6.618308
16.66391
6.618308
16.66391
6.618308
16.66391
6.618308
16.66391
0
25.01368
22.12731
17.06885
17.06885
17.06885
17.06885
17.06885
0
25.01368
22.12731
17.06885
17.06885
17.06885
17.06885
17.06885
0
25.01368
22.12731
17.06885
17.06885
17.06885
17.06885
17.06885
0
25.01368
22.12731
17.06885
17.06885
17.06885
17.06885
17.06885
0
25.01368
22.12731
17.06885
17.06885
17.06885
17.06885
17.06885
0
7.029004
4.745458
4.745458
4.745458
4.745458
4.745458
7.298002
2.058389
2.058389
2.058389
2.058389
2.058389
2.058389
2.058389
2.058389
2.058389
2.058389
0
20.14917
21.52814
0
0
0
0
0
0
0
0
0
0
0
0
0
0
0
0
0
0
0
0
21.52814
21.52814
0
0
0
0
0
0
0
0
0
0
0
0
0
0
0
0
0
0
0
0
21.52814
21.52814
0
0
0
0
0
0
0
0
0
0
0
0
0
0
0
0
0
0
0
0
21.52814
21.52814
0
0
0
0
0
0
0
0
0
0
0
0
0
0
0
0
0
0
0
0
21.52814
21.52814
0
0
0
0
0
0
0
0
0
0
0
0
0
0
0
0
0
0
0
0
21.52814
19.56085
0
0
0
5.401291
0.07615566
0
0
0
0.07615566
0.07615566
0
0
0
0.07615566
0.07615566
0
0
0
0.07615566
0.07615566
0
0
0
0.07615566
0.07615566
0
0
0
0
0.07615566
0
0
6.618308
16.66391
25.01368
22.12731
17.06885
6.618308
16.66391
17.06885
17.06885
6.618308
16.66391
17.06885
17.06885
6.618308
16.66391
17.06885
17.06885
6.618308
16.66391
17.06885
17.06885
0.9774674
12.9953
17.06885
0
10.64427
17.06885
25.01368
22.12731
17.06885
17.06885
17.06885
17.06885
17.06885
17.06885
17.06885
17.06885
17.06885
17.06885
17.06885
17.06885
17.06885
10.64427
17.06885
0
10.64427
17.06885
25.01368
22.12731
17.06885
17.06885
17.06885
17.06885
17.06885
17.06885
17.06885
17.06885
17.06885
17.06885
17.06885
17.06885
17.06885
10.64427
17.06885
0
10.64427
17.06885
25.01368
22.12731
17.06885
17.06885
17.06885
17.06885
17.06885
17.06885
17.06885
17.06885
17.06885
17.06885
17.06885
17.06885
17.06885
10.64427
17.06885
0
10.64427
17.06885
25.01368
22.12731
17.06885
17.06885
17.06885
17.06885
17.06885
17.06885
17.06885
17.06885
17.06885
17.06885
17.06885
17.06885
17.06885
10.64427
17.06885
0
10.64427
17.06885
23.34023
20.01789
4.745458
16.10767
17.06885
16.10767
4.745458
16.10767
17.06885
16.10767
4.745458
16.10767
17.06885
16.10767
4.745458
16.10767
17.06885
16.10767
4.745458
16.10767
10.64427
16.10767
0
0
12.63781
0
0
0
0.9145261
15.71849
0
13.99656
0
0
0
0
0
0
0
0
0
0
0
0
0
0
0
0
0
0
0
0
0
0
0
0
0
0
0
0
0
0
13.64991
13.64991
0
0
0
0
0
0
0
0
0
0
0
0
0
0
0
0
0
0
0
0
13.64991
13.64991
0
0
0
0
0
0
0
0
0
0
0
0
0
0
0
0
0
0
0
0
13.64991
13.64991
0
0
0
0
0
0
0
0
0
0
0
0
0
0
0
0
0
0
0
0
13.64991
13.64991
0
0
0
0
0
0
0
0
0
0
0
0
0
0
0
0
0
0
0
0
13.64991
13.66981
0
0
0
0
0
0
0
0
0
0
0
0
0
0
0
0
0
0
0
0
0
0
0
0
0
0
0
0
0
18.11323
17.44543
7.20801
21.96328
24.9018
17.0977
16.66391
6.618308
17.0977
17.0977
16.66391
6.618308
17.0977
17.0977
16.66391
6.618308
17.0977
17.0977
16.66391
6.618308
17.0977
16.99796
16.59225
6.519597
17.0977
18.21582
18.21582
22.12731
25.01368
17.06885
17.06885
17.06885
17.06885
17.06885
17.06885
17.06885
17.06885
17.06885
17.06885
17.06885
17.06885
16.95248
16.95248
17.06885
18.21582
18.21582
22.12731
25.01368
17.06885
17.06885
17.06885
17.06885
17.06885
17.06885
17.06885
17.06885
17.06885
17.06885
17.06885
17.06885
16.95248
16.95248
17.06885
18.21582
18.21582
22.12731
25.01368
17.06885
17.06885
17.06885
17.06885
17.06885
17.06885
17.06885
17.06885
17.06885
17.06885
17.06885
17.06885
16.95248
16.95248
17.06885
18.21582
18.21582
22.12731
25.01368
17.06885
17.06885
17.06885
17.06885
17.06885
17.06885
17.06885
17.06885
17.06885
17.06885
17.06885
17.06885
16.95248
16.95248
17.06885
18.19953
18.21582
22.11002
24.99978
17.06295
17.06885
17.06295
17.06295
17.06885
17.06295
17.06295
17.06885
17.06295
17.06295
17.06885
17.06295
16.94944
16.95248
17.06295
0
0
6.74417
3.069529
1.19049
0
2.157207
0.04098223
0
0
0
2.058389
0
0
2.058389
0
0
0
0
2.058389
0
0
2.058389
0
0
0
0
2.058389
0
0
2.058389
0
0
0
0
2.058389
0
0
2.058389
0
0
0
0
1.941275
0
0
0.7895409
0
13.64991
13.67776
19.59534
21.43288
19.55384
19.39358
21.52461
19.40839
0
0
0
0
0
0
0
0
0
0
0
0
0
0
0
0
0
0
0
0
0
0
0
0
0
0
0
0
0
0
0
0
0
0
0
0
0
0
0
0
0
0
0
0
0
0
0
0
0
0
0
0
0
0
0
0
0
0
0
0
0
0
13.64991
13.64991
19.39358
21.52814
19.39358
19.39358
21.52814
19.39358
0
0
0
0
0
0
0
0
0
0
0
0
0
0
0
0
0
0
0
0
0
0
0
0
0
0
0
0
0
0
0
0
0
0
0
0
0
0
0
0
0
0
0
0
0
0
0
0
0
0
0
0
0
0
0
0
0
0
0
0
0
0
13.64991
13.64991
19.39358
21.52814
19.39358
19.39358
21.52814
19.39358
0
0
0
0
0
0
0
0
0
0
0
0
0
0
0
0
0
0
0
0
0
0
0
0
0
0
0
0
0
0
0
0
0
0
0
0
0
0
0
0
0
0
0
0
0
0
0
0
0
0
0
0
0
0
0
0
0
0
0
0
0
0
13.64991
13.64991
19.39358
21.52814
19.39358
19.39358
21.52814
19.39358
0
0
0
0
0
0
0
0
0
0
0
0
0
0
0
0
0
0
0
0
0
0
0
0
0
0
0
0
0
0
0
0
0
0
0
0
0
0
0
0
0
0
0
0
0
0
0
0
0
0
0
0
0
0
0
0
0
0
0
0
0
0
13.64991
13.64991
19.39358
21.52814
19.39358
19.39358
21.52814
19.39358
0
0
0
0
0
0
0
0
0
0
0
0
0
0
0
0
0
0
0
0
0
0
0
0
0
0
0
0
0
0
0
0
0
0
0
0
0
0
0
0
0
0
0
0
0
0
0
0
0
0
0
0
0
0
0
0
0
0
0
0
0
0
15.3337
13.91759
19.39358
21.51415
19.39793
19.00702
21.32244
19.4434
0
0
0
0
0
0
0
0
0
0
0
4.847459
1.089498
0
0
0.1749347
0
0
0
0
0
0
0
0
0
0
0
0
0
0.07615566
0
0
0.07615566
0
0
0
0
0
0
0
0
0
0
0
0
0
0.07615566
0
0
0.07615566
0
0
0
0
0
0
0
0
0
0
0
0
0
0.07615566
0
0
0.07615566
0
0
0
0
0
0
0
0
0
0
0
0
0
0.07615566
0
0
0.07615566
0
0
0
0
0
0
0
0
0
0
0
0
0
0
0
0
0
0
0
0
0
0
0
0
0
0
17.19702
16.74227
6.683906
17.0977
18.20918
22.11728
25.00774
18.21582
17.18721
17.0742
17.18467
17.0977
16.66391
6.618308
17.0977
17.0742
17.0742
17.06885
17.0742
17.0742
17.06885
17.0977
16.66391
6.618308
17.0977
17.0742
17.0742
17.06885
17.0742
17.0742
17.06885
17.0977
16.66391
6.618308
17.0977
17.0742
17.0742
17.06885
17.0742
17.0742
17.06885
17.0977
16.66391
6.618308
17.0977
17.0742
17.0742
17.06885
17.0742
17.0742
17.06885
16.0374
15.95216
5.577627
10.97435
0
16.96042
17.0742
16.95248
15.88276
10.67
0
15.86575
17.18467
17.18467
17.06885
18.21582
22.12731
25.01368
18.21582
17.18467
17.06885
17.18467
17.06885
17.06885
17.06885
17.06885
17.06885
17.06885
17.06885
17.06885
17.06885
17.06885
17.06885
17.06885
17.06885
17.06885
17.06885
17.06885
17.06885
17.06885
17.06885
17.06885
17.06885
17.06885
17.06885
17.06885
17.06885
17.06885
17.06885
17.06885
17.06885
17.06885
17.06885
17.06885
17.06885
17.06885
17.06885
17.06885
15.86575
15.86575
10.64427
0
16.95248
17.06885
16.95248
15.86575
10.64427
0
15.86575
17.18467
17.18467
17.06885
18.21582
22.12731
25.01368
18.21582
17.18467
17.06885
17.18467
17.06885
17.06885
17.06885
17.06885
17.06885
17.06885
17.06885
17.06885
17.06885
17.06885
17.06885
17.06885
17.06885
17.06885
17.06885
17.06885
17.06885
17.06885
17.06885
17.06885
17.06885
17.06885
17.06885
17.06885
17.06885
17.06885
17.06885
17.06885
17.06885
17.06885
17.06885
17.06885
17.06885
17.06885
17.06885
17.06885
15.86575
15.86575
10.64427
0
16.95248
17.06885
16.95248
15.86575
10.64427
0
15.86575
17.18467
17.18467
17.06885
18.21582
22.12731
25.01368
18.21582
17.18467
17.06885
17.18467
17.06885
17.06885
17.06885
17.06885
17.06885
17.06885
17.06885
17.06885
17.06885
17.06885
17.06885
17.06885
17.06885
17.06885
17.06885
17.06885
17.06885
17.06885
17.06885
17.06885
17.06885
17.06885
17.06885
17.06885
17.06885
17.06885
17.06885
17.06885
17.06885
17.06885
17.06885
17.06885
17.06885
17.06885
17.06885
17.06885
15.86575
15.86575
10.64427
0
16.95248
17.06885
16.95248
15.86575
10.64427
0
15.86575
17.18467
17.18467
17.06885
18.21582
22.12731
25.01368
18.21582
17.18467
17.06885
17.18467
17.06885
17.06885
17.06885
17.06885
17.06885
17.06885
17.06885
17.06885
17.06885
17.06885
17.06885
17.06885
17.06885
17.06885
17.06885
17.06885
17.06885
17.06885
17.06885
17.06885
17.06885
17.06885
17.06885
17.06885
17.06885
17.06885
17.06885
17.06885
17.06885
17.06885
17.06885
17.06885
17.06885
17.06885
17.06885
17.06885
15.86575
15.86575
10.64427
0
16.95248
17.06885
16.95248
15.86575
10.64427
0
15.86575
17.17623
17.18467
17.06295
18.01268
21.89095
24.82283
16.91313
5.327613
17.08433
16.98387
16.18776
4.810381
17.06295
17.06885
17.06295
16.98387
16.98387
16.10767
4.745458
16.98387
16.98387
16.10767
4.745458
17.06295
17.06885
17.06295
16.98387
16.98387
16.10767
4.745458
16.98387
16.98387
16.10767
4.745458
17.06295
17.06885
17.06295
16.98387
16.98387
16.10767
4.745458
16.98387
16.98387
16.10767
4.745458
17.06295
17.06885
17.06295
16.98387
16.98387
16.10767
4.745458
16.98387
16.98387
16.10767
4.745458
15.87312
15.86575
10.66273
0
16.88527
16.98387
16.03775
4.646071
15.93685
10.90201
0
15.41986
3.69723
)
;
    }
    air_to_floor
    {
        type            calculated;
        value           nonuniform List<scalar> 
900
(
51.20654
51.20654
51.20654
51.20654
51.20654
51.20654
51.20654
51.20654
51.20654
51.20654
51.20654
51.20654
51.20654
51.20654
51.20654
51.20654
51.20654
51.20654
51.20654
51.20654
51.20654
51.20654
51.20654
51.20654
51.20654
51.20654
51.20654
51.20654
51.20654
51.20654
51.20654
51.20654
51.20654
51.20654
51.20654
51.20654
51.20654
51.20654
51.20654
51.20654
51.20654
51.20654
51.20654
51.20654
51.20654
51.20654
51.20654
51.20654
51.20654
51.20654
51.20654
51.20654
51.20654
51.20654
51.20654
51.20654
51.20654
51.20654
51.20654
51.20654
51.20654
51.20654
51.20654
51.20654
51.20654
51.20654
51.20654
51.20654
51.20654
51.20654
51.20654
51.20654
51.20654
51.20654
51.20654
51.20654
51.20654
51.20654
51.20654
51.20654
51.20654
51.20654
51.20654
51.20654
51.20654
51.20654
51.20654
51.20654
51.20654
51.20654
51.20654
51.20654
51.20654
51.20654
51.20654
51.20654
51.20654
51.20654
51.20654
51.20654
51.20654
51.20654
51.20654
51.20654
51.20654
51.20654
51.20654
51.20654
51.20654
51.20654
51.20654
51.20654
51.20654
51.20654
51.20654
51.20654
51.20654
51.20654
51.20654
51.20654
51.20654
51.20654
51.20654
51.20654
51.20654
51.20654
51.20654
51.20654
51.20654
51.20654
51.20654
51.20654
51.20654
51.20654
51.20654
51.20654
51.20654
51.20654
51.20654
51.20654
51.20654
51.20654
51.20654
51.20654
51.20654
51.20654
51.20654
51.20654
51.20654
51.20654
51.20654
51.20654
51.20654
51.20654
51.20654
51.20654
51.20654
51.20654
51.20654
51.20654
51.20654
51.20654
51.20654
51.20654
51.20654
51.20654
51.20654
51.20654
51.20654
51.20654
51.20654
51.20654
51.20654
51.20654
51.20654
51.20654
51.20654
51.20654
51.20654
51.20654
51.20654
51.20654
51.20654
51.20654
51.20654
51.20654
51.20654
51.20654
51.20654
51.20654
51.20654
51.20654
51.20654
51.20654
51.20654
51.20654
51.20654
51.20654
51.20654
51.20654
51.20654
51.20654
51.20654
51.20654
51.20654
51.20654
51.20654
51.20654
51.20654
51.20654
51.20654
51.20654
51.20654
51.20654
51.20654
51.20654
51.20654
51.20654
51.20654
51.20654
51.20654
51.20654
51.20654
51.20654
51.20654
51.20654
51.20654
51.20654
51.20654
51.20654
51.20654
51.20654
51.20654
51.20654
51.20654
51.20654
51.20654
51.20654
51.20654
51.20654
51.20654
51.20654
51.20654
51.20654
51.20654
51.20654
51.20654
51.20654
51.20654
51.20654
51.20654
51.20654
51.20654
51.20654
51.20654
51.20654
51.20654
51.20654
51.20654
51.20654
51.20654
51.20654
51.20654
51.20654
51.20654
51.20654
51.20654
51.20654
51.20654
51.20654
51.20654
51.20654
51.20654
51.20654
51.20654
51.20654
51.20654
51.20654
51.20654
51.20654
51.20654
51.20654
51.20654
51.20654
51.20654
51.20654
51.20654
51.20654
51.20654
51.20654
51.20654
51.20654
51.20654
51.20654
51.20654
51.20654
51.20654
51.20654
51.20654
51.20654
51.20654
51.20654
51.20654
51.20654
51.20654
51.20654
51.20654
51.20654
51.20654
51.20654
51.20654
51.20654
51.20654
51.20654
51.20654
51.20654
51.20654
51.20654
51.20654
51.20654
51.20654
51.20654
51.20654
51.20654
51.20654
51.20654
51.20654
51.20654
51.20654
51.20654
51.20654
51.20654
51.20654
51.20654
51.20654
51.20654
51.20654
51.20654
51.20654
51.20654
51.20654
51.20654
51.20654
51.20654
51.20654
51.20654
51.20654
51.20654
51.20654
51.20654
51.20654
51.20654
51.20654
51.20654
51.20654
51.20654
51.20654
51.20654
51.20654
51.20654
51.20654
51.20654
51.20654
51.20654
51.20654
51.20654
51.20654
51.20654
51.20654
51.20654
51.20654
51.20654
51.20654
51.20654
51.20654
51.20654
51.20654
51.20654
51.20654
51.20654
51.20654
51.20654
51.20654
51.20654
51.20654
51.20654
51.20654
51.20654
51.20654
51.20654
51.20654
51.20654
51.20654
51.20654
51.20654
51.20654
51.20654
51.20654
51.20654
51.20654
51.20654
51.20654
51.20654
51.20654
51.20654
51.20654
51.20654
51.20654
51.20654
51.20654
51.20654
51.20654
51.20654
51.20654
51.20654
51.20654
0
0
0
0
51.20654
51.20654
51.20654
51.20654
51.20654
51.20654
51.20654
51.20654
51.20654
51.20654
51.20654
51.20654
51.20654
51.20654
51.20654
51.20654
51.20654
51.20654
51.20654
51.20654
51.20654
51.20654
51.20654
51.20654
51.20654
51.20654
0
0
0
0
51.20654
51.20654
51.20654
51.20654
51.20654
51.20654
51.20654
51.20654
51.20654
51.20654
51.20654
51.20654
51.20654
51.20654
51.20654
51.20654
51.20654
51.20654
51.20654
51.20654
51.20654
51.20654
51.20654
51.20654
51.20654
51.20654
0
0
0
0
51.20654
51.20654
51.20654
51.20654
51.20654
51.20654
51.20654
51.20654
51.20654
51.20654
51.20654
51.20654
51.20654
51.20654
51.20654
51.20654
51.20654
51.20654
51.20654
51.20654
51.20654
51.20654
51.20654
51.20654
51.20654
51.20654
0
0
0
0
51.20654
51.20654
51.20654
51.20654
51.20654
51.20654
51.20654
51.20654
51.20654
51.20654
51.20654
51.20654
51.20654
51.20654
51.20654
51.20654
51.20654
51.20654
51.20654
51.20654
51.20654
51.20654
51.20654
51.20654
51.20654
51.20654
0
0
0
0
51.20654
51.20654
51.20654
51.20654
51.20654
51.20654
51.20654
51.20654
51.20654
51.20654
51.20654
51.20654
51.20654
51.20654
51.20654
51.20654
51.20654
51.20654
51.20654
51.20654
51.20654
51.20654
51.20654
51.20654
51.20654
51.20654
0
0
0
0
51.20654
51.20654
51.20654
51.20654
51.20654
51.20654
51.20654
51.20654
51.20654
51.20654
51.20654
51.20654
51.20654
51.20654
51.20654
51.20654
51.20654
51.20654
51.20654
51.20654
51.20654
51.20654
51.20654
51.20654
51.20654
51.20654
51.20654
51.20654
51.20654
51.20654
51.20654
51.20654
51.20654
51.20654
51.20654
51.20654
51.20654
51.20654
51.20654
51.20654
51.20654
51.20654
51.20654
51.20654
51.20654
51.20654
51.20654
51.20654
51.20654
51.20654
51.20654
51.20654
51.20654
51.20654
51.20654
51.20654
51.20654
51.20654
51.20654
51.20654
51.20654
51.20654
51.20654
51.20654
51.20654
51.20654
51.20654
51.20654
51.20654
51.20654
51.20654
51.20654
51.20654
51.20654
51.20654
51.20654
51.20654
51.20654
51.20654
51.20654
51.20654
51.20654
51.20654
51.20654
51.20654
51.20654
51.20654
51.20654
51.20654
51.20654
51.20654
51.20654
51.20654
51.20654
51.20654
51.20654
51.20654
51.20654
51.20654
51.20654
51.20654
51.20654
51.20654
51.20654
51.20654
51.20654
51.20654
51.20654
51.20654
51.20654
51.20654
51.20654
51.20654
51.20654
51.20654
51.20654
51.20654
51.20654
51.20654
51.20654
51.20654
51.20654
51.20654
51.20654
51.20654
51.20654
51.20654
51.20654
51.20654
51.20654
51.20654
51.20654
51.20654
51.20654
51.20654
51.20654
51.20654
51.20654
51.20654
51.20654
51.20654
51.20654
51.20654
51.20654
51.20654
51.20654
51.20654
51.20654
51.20654
51.20654
51.20654
51.20654
51.20654
51.20654
51.20654
51.20654
51.20654
51.20654
51.20654
51.20654
51.20654
51.20654
51.20654
51.20654
51.20654
51.20654
51.20654
51.20654
51.20654
51.20654
51.20654
51.20654
51.20654
51.20654
51.20654
51.20654
51.20654
51.20654
51.20654
51.20654
51.20654
51.20654
51.20654
51.20654
51.20654
51.20654
51.20654
51.20654
51.20654
51.20654
51.20654
51.20654
51.20654
51.20654
51.20654
51.20654
51.20654
51.20654
51.20654
51.20654
51.20654
51.20654
51.20654
51.20654
51.20654
51.20654
51.20654
51.20654
51.20654
51.20654
51.20654
51.20654
51.20654
51.20654
51.20654
51.20654
51.20654
51.20654
51.20654
51.20654
51.20654
51.20654
51.20654
51.20654
51.20654
51.20654
51.20654
51.20654
51.20654
51.20654
51.20654
51.20654
51.20654
51.20654
51.20654
51.20654
51.20654
51.20654
51.20654
51.20654
51.20654
51.20654
51.20654
51.20654
51.20654
51.20654
51.20654
51.20654
51.20654
51.20654
51.20654
51.20654
51.20654
51.20654
51.20654
51.20654
51.20654
51.20654
51.20654
51.20654
51.20654
51.20654
51.20654
51.20654
51.20654
51.20654
51.20654
51.20654
51.20654
51.20654
51.20654
51.20654
51.20654
51.20654
51.20654
51.20654
51.20654
51.20654
51.20654
51.20654
51.20654
51.20654
51.20654
51.20654
51.20654
51.20654
51.20654
51.20654
51.20654
51.20654
51.20654
51.20654
51.20654
51.20654
51.20654
51.20654
51.20654
51.20654
51.20654
51.20654
51.20654
51.20654
51.20654
51.20654
51.20654
51.20654
51.20654
51.20654
51.20654
51.20654
51.20654
51.20654
51.20654
51.20654
51.20654
51.20654
51.20654
51.20654
51.20654
51.20654
51.20654
51.20654
51.20654
51.20654
51.20654
51.20654
51.20654
51.20654
51.20654
51.20654
)
;
    }
}


// ************************************************************************* //
