/*--------------------------------*- C++ -*----------------------------------*\
| =========                 |                                                 |
| \\      /  F ield         | OpenFOAM: The Open Source CFD Toolbox           |
|  \\    /   O peration     | Version:  2506                                  |
|   \\  /    A nd           | Website:  www.openfoam.com                      |
|    \\/     M anipulation  |                                                 |
\*---------------------------------------------------------------------------*/
FoamFile
{
    version     2.0;
    format      ascii;
    arch        "LSB;label=32;scalar=64";
    class       volScalarField;
    location    "1000/solid";
    object      T;
}
// * * * * * * * * * * * * * * * * * * * * * * * * * * * * * * * * * * * * * //

dimensions      [0 0 0 1 0 0 0];

internalField   nonuniform List<scalar> 
2304
(
319.9183
320.2159
320.2992
320.307
320.2872
320.1664
320.2084
320.5332
320.6176
320.626
320.6078
320.4871
320.288
320.6128
320.6979
320.7067
320.6889
320.5683
320.2971
320.6214
320.7066
320.7155
320.6977
320.5773
320.2791
320.604
320.689
320.6978
320.68
320.5593
320.1579
320.4813
320.5653
320.5734
320.5551
320.4344
320.0266
320.2772
320.2716
320.5707
320.329
320.4029
320.6237
320.6979
320.4117
320.4198
320.7065
320.7147
320.4193
320.4088
320.7144
320.705
320.3997
320.3291
320.6965
320.6272
320.2799
320.0358
320.5776
320.2881
320.321
320.6211
320.3913
320.6909
320.6744
320.7488
320.7443
320.819
320.7575
320.7658
320.8278
320.8364
320.7655
320.7563
320.8362
320.8273
320.7479
320.6787
320.8189
320.75
320.629
320.339
320.7003
320.4116
320.4
320.6991
320.409
320.7076
320.7526
320.8273
320.761
320.8357
320.8362
320.8447
320.8446
320.8532
320.8446
320.8357
320.8531
320.8442
320.8274
320.7585
320.8359
320.7671
320.7089
320.4206
320.7176
320.43
320.409
320.7076
320.3999
320.6991
320.761
320.8357
320.7525
320.8273
320.8446
320.8532
320.8361
320.8447
320.8531
320.8442
320.8445
320.8356
320.8359
320.7671
320.8273
320.7584
320.7176
320.43
320.7087
320.4204
320.3912
320.6907
320.3207
320.6208
320.7442
320.8189
320.6741
320.7485
320.8277
320.8363
320.7572
320.7655
320.8361
320.8272
320.7652
320.756
320.8188
320.7498
320.7476
320.6783
320.7001
320.4114
320.6285
320.3385
320.271
320.5702
320.0254
320.276
320.6233
320.6974
320.3279
320.4018
320.7061
320.7143
320.4106
320.4187
320.714
320.7046
320.4182
320.4076
320.696
320.6267
320.3986
320.3279
320.577
320.2874
320.2787
320.0346
320.1635
320.1584
320.4281
320.2902
320.4817
320.5567
320.3075
320.5657
320.5742
320.2964
320.5739
320.5643
320.2161
320.5555
320.4853
319.9267
320.4349
320.1737
320.4793
320.2792
320.5499
320.6086
320.6042
320.68
320.6262
320.6891
320.6981
320.6166
320.6979
320.6888
320.5376
320.6801
320.61
320.2252
320.5594
320.2984
320.5586
320.2971
320.5672
320.6887
320.6214
320.6974
320.7069
320.7066
320.7157
320.6976
320.7155
320.7064
320.6188
320.6977
320.6277
320.3076
320.5773
320.3172
320.5672
320.2879
320.5585
320.6974
320.6127
320.6886
320.7156
320.6978
320.7068
320.7064
320.7066
320.6975
320.6277
320.6888
320.6187
320.3172
320.5682
320.3074
320.5498
320.2081
320.4789
320.6799
320.5329
320.6082
320.6979
320.6173
320.6259
320.6887
320.6256
320.6163
320.6098
320.6075
320.5372
320.2982
320.4867
320.2247
320.4276
319.9171
320.1624
320.5563
320.2147
320.2891
320.5738
320.2981
320.3064
320.5639
320.3059
320.2952
320.4848
320.286
320.2149
320.173
320.1652
319.9254
320.2349
320.0306
320.127
320.1252
320.4934
320.342
320.3779
320.4575
320.545
320.425
320.4299
320.5402
320.5456
320.4323
320.4305
320.5474
320.5133
320.4121
320.3974
320.5277
320.3371
320.2908
320.2222
320.4069
320.4825
320.3318
320.4484
320.3659
320.7486
320.6778
320.7142
320.7122
320.8
320.7608
320.7655
320.7953
320.8012
320.7682
320.7666
320.8028
320.7704
320.7497
320.7356
320.7844
320.593
320.6292
320.5581
320.6641
320.5325
320.4114
320.5275
320.4165
320.7978
320.7567
320.793
320.7615
320.8495
320.8398
320.8446
320.8446
320.8509
320.8475
320.846
320.8524
320.8203
320.8294
320.8155
320.8343
320.6436
320.7094
320.6386
320.7144
320.5352
320.4206
320.5364
320.4193
320.8004
320.7652
320.8015
320.764
320.852
320.8483
320.8532
320.8472
320.8535
320.8561
320.8546
320.855
320.8229
320.838
320.8241
320.8369
320.6463
320.7182
320.6475
320.717
320.5047
320.4025
320.5188
320.3883
320.7707
320.7482
320.7846
320.7343
320.8222
320.8314
320.8362
320.8174
320.8235
320.839
320.8375
320.825
320.7928
320.8208
320.8069
320.8068
320.6154
320.7007
320.6298
320.6865
320.3272
320.2814
320.3978
320.2122
320.5897
320.6263
320.6626
320.5535
320.6411
320.7092
320.7139
320.6363
320.6418
320.7164
320.7148
320.6435
320.61
320.6976
320.6835
320.6243
320.433
320.577
320.506
320.5036
320.0044
320.0038
320.0997
320.2518
320.3167
320.3527
320.3042
320.3999
320.4049
320.3053
320.4078
320.4062
320.2727
320.3886
320.3743
320.0981
320.2681
320.1989
320.3098
320.2425
320.3438
320.5698
320.5677
320.6044
320.6226
320.6524
320.6575
320.6246
320.6609
320.6596
320.5939
320.6429
320.629
320.4164
320.5222
320.4515
320.3889
320.2931
320.3939
320.6496
320.6176
320.6544
320.7031
320.7028
320.708
320.7054
320.7117
320.7104
320.675
320.6939
320.68
320.4978
320.5734
320.5029
320.3978
320.2959
320.3966
320.6582
320.6203
320.6571
320.7118
320.7055
320.7107
320.7142
320.7144
320.7131
320.6838
320.6966
320.6827
320.5069
320.5761
320.5057
320.3801
320.2649
320.366
320.6408
320.59
320.6268
320.6942
320.6749
320.68
320.6965
320.6836
320.6823
320.6661
320.6657
320.6518
320.4887
320.5449
320.4742
320.259
320.089
320.189
320.5177
320.4092
320.4454
320.5703
320.4928
320.4978
320.572
320.5008
320.4993
320.541
320.4821
320.4679
320.3639
320.3615
320.2916
320.3311
320.2896
320.2176
320.4047
320.3279
320.2819
320.2128
320.3983
320.4262
320.5731
320.5009
320.4976
320.2767
320.0666
320.1182
320.1173
320.16
320.1587
320.2322
320.3742
320.3199
320.2064
320.4013
320.2488
320.447
320.3289
320.3715
320.3132
320.2034
320.3963
320.245
320.4414
320.3265
320.4714
320.6172
320.4992
320.4964
320.5454
320.5424
320.4256
320.5169
320.4162
320.4015
320.5315
320.5903
320.6267
320.5541
320.663
320.6137
320.701
320.6283
320.6865
320.5349
320.3717
320.3647
320.4534
320.4074
320.4992
320.4891
320.5582
320.4455
320.3882
320.5271
320.4309
320.5727
320.5125
320.634
320.6702
320.5518
320.6598
320.5981
320.7063
320.5877
320.6573
320.7441
320.6256
320.6833
320.6718
320.7296
320.6111
320.5473
320.433
320.4323
320.548
320.6416
320.7096
320.6369
320.7143
320.644
320.7174
320.6447
320.7166
320.5861
320.4542
320.4166
320.5358
320.4591
320.5813
320.5406
320.5885
320.4622
320.419
320.5438
320.4615
320.5892
320.543
320.6851
320.7527
320.6343
320.7114
320.6803
320.7575
320.6391
320.6875
320.7606
320.6424
320.7139
320.6882
320.7598
320.6416
320.5423
320.4213
320.427
320.5368
320.6424
320.7169
320.6441
320.7152
320.6392
320.7068
320.6338
320.7121
320.587
320.4616
320.4176
320.5434
320.4599
320.5887
320.5418
320.5839
320.451
320.4143
320.5333
320.4565
320.5785
320.5387
320.6862
320.7603
320.642
320.713
320.6878
320.7588
320.6405
320.6832
320.7507
320.6324
320.7101
320.678
320.7558
320.6375
320.4908
320.3405
320.3747
320.4567
320.6107
320.6981
320.6249
320.6839
320.5883
320.6277
320.5543
320.6617
320.5555
320.4419
320.3853
320.5245
320.4274
320.5696
320.5104
320.5333
320.3711
320.3629
320.4547
320.4049
320.4997
320.4883
320.6553
320.7422
320.6237
320.6827
320.6693
320.7283
320.6098
320.6333
320.6728
320.5542
320.6608
320.5997
320.7064
320.5878
320.2451
320.0408
320.135
320.1384
320.4338
320.5775
320.5043
320.5066
320.3403
320.2999
320.2288
320.4124
320.3812
320.3219
320.2121
320.4055
320.254
320.4504
320.3364
320.2872
320.0764
320.1264
320.1293
320.1681
320.1716
320.2426
320.4802
320.6232
320.5048
320.5072
320.5503
320.5527
320.4349
320.3843
320.3309
320.2179
320.4107
320.2606
320.4559
320.3392
320.5824
320.624
320.5482
320.6583
320.5049
320.4027
320.3884
320.5189
320.6046
320.6945
320.6806
320.6186
320.5247
320.3627
320.4459
320.3549
320.491
320.3966
320.4797
320.6262
320.6675
320.5464
320.6551
320.5924
320.7015
320.5802
320.5468
320.433
320.3772
320.5156
320.4189
320.5607
320.5017
320.6482
320.7372
320.6771
320.616
320.7235
320.662
320.6023
320.7721
320.7522
320.7377
320.7867
320.7709
320.7483
320.7344
320.7847
320.7944
320.8229
320.809
320.8083
320.7911
320.7209
320.7106
320.7085
320.757
320.7549
320.7448
320.8146
320.795
320.7342
320.7831
320.7804
320.8292
320.7684
320.8132
320.7906
320.7306
320.7807
320.7769
320.8269
320.7669
320.8367
320.865
320.8052
320.8043
320.8512
320.8504
320.7906
320.8024
320.7686
320.7679
320.8032
320.8223
320.8315
320.8176
320.8363
320.8247
320.8395
320.8255
320.8387
320.8426
320.8035
320.7624
320.7918
320.8083
320.8378
320.7967
320.845
320.8116
320.7649
320.8002
320.8107
320.8459
320.7992
320.8647
320.8736
320.814
320.8328
320.8599
320.8785
320.819
320.8671
320.8818
320.8225
320.8354
320.868
320.8809
320.8215
320.7982
320.7583
320.7636
320.793
320.8236
320.8391
320.8252
320.8376
320.8207
320.8296
320.8155
320.8347
320.8442
320.8112
320.7642
320.8
320.8098
320.8456
320.7986
320.8413
320.8019
320.7613
320.7909
320.8069
320.8364
320.7959
320.8664
320.8816
320.8223
320.8349
320.8678
320.8802
320.821
320.8636
320.8725
320.8133
320.8322
320.8587
320.8775
320.8182
320.7482
320.6794
320.7134
320.7143
320.793
320.821
320.8069
320.807
320.7708
320.751
320.7369
320.7849
320.8142
320.7934
320.7341
320.7825
320.7797
320.828
320.7688
320.7924
320.7242
320.7123
320.7134
320.7578
320.7588
320.747
320.8366
320.8642
320.805
320.8053
320.8503
320.8505
320.7913
320.8148
320.7953
320.7359
320.7835
320.7813
320.8287
320.7695
320.4986
320.3511
320.4637
320.3862
320.6157
320.7009
320.6867
320.63
320.5215
320.424
320.4094
320.536
320.6384
320.6745
320.5584
320.6637
320.6038
320.7091
320.593
320.5415
320.3818
320.4617
320.374
320.5068
320.4167
320.4964
320.661
320.7457
320.6862
320.6299
320.7316
320.6751
320.6157
320.5642
320.4542
320.397
320.5335
320.4397
320.5785
320.5192
320.632
320.7029
320.6271
320.7077
320.5353
320.4206
320.4193
320.5365
320.6346
320.7115
320.7103
320.6358
320.574
320.4416
320.5241
320.405
320.5691
320.4467
320.529
320.6751
320.7455
320.6244
320.7039
320.6703
320.7502
320.6292
320.5767
320.4507
320.4078
320.5328
320.4495
320.5778
320.5316
320.6777
320.7539
320.7065
320.6329
320.7528
320.6788
320.6318
320.8214
320.8312
320.8166
320.836
320.8004
320.7652
320.7641
320.8015
320.824
320.8397
320.8386
320.8251
320.8398
320.7989
320.7889
320.7573
320.8351
320.8036
320.7937
320.8633
320.8732
320.8126
320.8321
320.8586
320.8779
320.8174
320.8423
320.8072
320.7599
320.7973
320.8061
320.8434
320.7962
320.8658
320.8815
320.8347
320.821
320.8804
320.8669
320.8199
320.8519
320.8479
320.8471
320.8527
320.852
320.8483
320.8472
320.8532
320.8545
320.8565
320.8553
320.8556
320.8915
320.8819
320.8412
320.8409
320.8867
320.8866
320.8459
320.894
320.8901
320.8437
320.8496
320.8892
320.8949
320.8485
320.894
320.8902
320.8435
320.8496
320.8891
320.8951
320.8485
320.8965
320.8985
320.8521
320.8522
320.8974
320.8976
320.8511
320.848
320.838
320.8431
320.8428
320.8535
320.8561
320.855
320.8546
320.8506
320.8466
320.8455
320.8517
320.8933
320.8899
320.8433
320.8494
320.8886
320.8947
320.8481
320.8906
320.8809
320.8406
320.8405
320.8858
320.8856
320.8454
320.8959
320.8983
320.852
320.8518
320.8972
320.897
320.8507
320.8931
320.8893
320.8431
320.8491
320.8882
320.8942
320.848
320.7982
320.7595
320.7934
320.7644
320.823
320.838
320.8369
320.8241
320.8009
320.7682
320.767
320.802
320.8637
320.8725
320.8137
320.8322
320.8589
320.8773
320.8185
320.8419
320.8037
320.7919
320.7633
320.8371
320.8085
320.7968
320.8662
320.881
320.8348
320.8223
320.8799
320.8673
320.8212
320.8445
320.8122
320.766
320.8005
320.8111
320.8456
320.7994
320.5499
320.433
320.5448
320.4383
320.6464
320.7182
320.7171
320.6475
320.5527
320.4424
320.4411
320.5539
320.6886
320.7541
320.6385
320.7138
320.6837
320.759
320.6435
320.5923
320.4632
320.5423
320.4259
320.5872
320.4684
320.5474
320.6913
320.7628
320.7164
320.6474
320.7616
320.6925
320.6462
320.5951
320.4725
320.4288
320.5514
320.4713
320.5963
320.5502
320.6346
320.7115
320.6358
320.7103
320.5325
320.4113
320.4165
320.5274
320.6319
320.7028
320.7077
320.627
320.5767
320.4506
320.5328
320.4077
320.5778
320.4494
320.5316
320.6777
320.7538
320.6329
320.7064
320.6788
320.7527
320.6318
320.574
320.4416
320.405
320.524
320.4466
320.569
320.5289
320.6751
320.7454
320.7039
320.6243
320.7501
320.6702
320.6291
320.8239
320.8397
320.8251
320.8385
320.7978
320.7566
320.7614
320.793
320.8213
320.8311
320.8359
320.8165
320.8423
320.8072
320.7973
320.7598
320.8434
320.8061
320.7962
320.8658
320.8815
320.821
320.8346
320.8669
320.8804
320.8199
320.8398
320.7988
320.7573
320.7889
320.8035
320.835
320.7936
320.8633
320.8731
320.8321
320.8125
320.8779
320.8585
320.8173
320.8544
320.8565
320.8556
320.8553
320.8494
320.8397
320.8446
320.8445
320.8518
320.8478
320.8527
320.847
320.894
320.8902
320.8496
320.8435
320.8951
320.8891
320.8485
320.8965
320.8985
320.8522
320.8521
320.8976
320.8974
320.8511
320.8914
320.8818
320.8409
320.8411
320.8865
320.8866
320.8459
320.8939
320.89
320.8495
320.8437
320.8948
320.8891
320.8485
320.8505
320.8466
320.8517
320.8454
320.8508
320.8475
320.8523
320.846
320.8479
320.8379
320.8428
320.843
320.8959
320.8983
320.8518
320.852
320.897
320.8972
320.8507
320.8931
320.8893
320.8491
320.8431
320.8942
320.8882
320.848
320.8933
320.8898
320.8493
320.8432
320.8946
320.8885
320.8481
320.8905
320.8808
320.8405
320.8405
320.8856
320.8857
320.8454
320.8008
320.7682
320.802
320.767
320.8203
320.8293
320.8342
320.8154
320.7982
320.7594
320.7643
320.7933
320.8662
320.881
320.8222
320.8348
320.8673
320.8798
320.8211
320.8445
320.8122
320.8005
320.7659
320.8456
320.8111
320.7994
320.8636
320.8724
320.8321
320.8136
320.8773
320.8588
320.8185
320.8419
320.8036
320.7633
320.7918
320.8084
320.837
320.7967
320.5526
320.4424
320.5539
320.4411
320.6435
320.7093
320.7143
320.6385
320.5498
320.4328
320.4381
320.5446
320.6912
320.7627
320.6473
320.7164
320.6924
320.7616
320.6461
320.595
320.4725
320.5514
320.4287
320.5962
320.4712
320.5501
320.6885
320.754
320.7137
320.6383
320.7589
320.6835
320.6434
320.5922
320.463
320.4258
320.5421
320.4683
320.5871
320.5473
320.6045
320.6944
320.6185
320.6804
320.4823
320.3314
320.3657
320.4481
320.5821
320.6237
320.6581
320.5478
320.5466
320.4329
320.5155
320.377
320.5606
320.4187
320.5015
320.6481
320.7371
320.6159
320.6769
320.6619
320.7233
320.6021
320.5245
320.3624
320.3547
320.4455
320.3964
320.4906
320.4794
320.626
320.6672
320.6548
320.546
320.7012
320.5921
320.58
320.7942
320.8228
320.8082
320.8088
320.7484
320.6775
320.712
320.7139
320.7719
320.7519
320.7865
320.7374
320.813
320.7905
320.7805
320.7304
320.8268
320.7768
320.7667
320.8365
320.8649
320.8042
320.8051
320.8503
320.8511
320.7904
320.7909
320.7205
320.7083
320.7103
320.7547
320.7567
320.7446
320.8144
320.7946
320.7828
320.7338
320.8289
320.7801
320.7682
320.8246
320.8394
320.8386
320.8254
320.7998
320.7605
320.795
320.7652
320.8021
320.7683
320.8029
320.7675
320.8645
320.8735
320.8327
320.8139
320.8783
320.8597
320.8188
320.867
320.8817
320.8353
320.8223
320.8808
320.8679
320.8214
320.8423
320.8032
320.7916
320.7621
320.8375
320.808
320.7965
320.8448
320.8112
320.8
320.7645
320.8456
320.8104
320.799
320.8205
320.8294
320.8346
320.8154
320.801
320.7678
320.8025
320.7663
320.798
320.758
320.7928
320.7632
320.8662
320.8815
320.8348
320.8221
320.8801
320.8676
320.8208
320.8634
320.8724
320.8321
320.8132
320.8773
320.8585
320.8181
320.8439
320.8109
320.7997
320.7638
320.8453
320.8095
320.7984
320.8411
320.8016
320.7907
320.761
320.8361
320.8066
320.7956
320.7706
320.7508
320.7848
320.7367
320.7702
320.7493
320.7842
320.7353
320.748
320.679
320.714
320.713
320.8364
320.8641
320.8051
320.8048
320.8504
320.8501
320.7911
320.8146
320.7951
320.7833
320.7357
320.8286
320.7811
320.7693
320.814
320.7931
320.7823
320.7338
320.8277
320.7793
320.7686
320.7921
320.7238
320.7131
320.7119
320.7586
320.7574
320.7467
320.5212
320.4237
320.5357
320.409
320.5926
320.6288
320.6637
320.5576
320.4983
320.3506
320.3858
320.4632
320.6607
320.7455
320.6297
320.686
320.6749
320.7314
320.6154
320.5639
320.454
320.5333
320.3967
320.5783
320.4393
320.5189
320.6381
320.6741
320.6634
320.5579
320.7088
320.6033
320.5927
320.5411
320.3812
320.3736
320.4612
320.4162
320.5063
320.496
320.4256
320.5727
320.4972
320.5003
320.2341
320.0296
320.1244
320.1261
320.3304
320.2888
320.404
320.2167
320.3708
320.3127
320.3958
320.2027
320.4409
320.2443
320.3259
320.4707
320.6167
320.4959
320.4985
320.5419
320.5448
320.4249
320.2758
320.0654
320.1164
320.117
320.1578
320.159
320.2312
320.3733
320.3189
320.4004
320.2052
320.4462
320.2478
320.3279
320.6132
320.7006
320.6861
320.6277
320.4927
320.3412
320.4567
320.3771
320.5162
320.4154
320.5308
320.4007
320.6334
320.6698
320.6593
320.5512
320.7058
320.5975
320.587
320.6567
320.7437
320.6828
320.625
320.7292
320.6712
320.6104
320.5341
320.3708
320.4526
320.3636
320.4984
320.4065
320.4883
320.5574
320.4446
320.5262
320.3871
320.5719
320.4299
320.5116
320.6434
320.7169
320.7162
320.6441
320.5443
320.4242
320.5395
320.4291
320.5466
320.4321
320.5473
320.4314
320.6845
320.7523
320.7109
320.6337
320.757
320.6797
320.6385
320.6868
320.7602
320.7134
320.6418
320.7594
320.6876
320.6409
320.5853
320.4533
320.5349
320.4155
320.5805
320.4582
320.5398
320.5877
320.4613
320.543
320.4179
320.5884
320.4605
320.5422
320.6386
320.7064
320.7117
320.6332
320.5449
320.4315
320.5467
320.4296
320.5416
320.4205
320.536
320.4262
320.6856
320.7598
320.7125
320.6414
320.7583
320.6872
320.6399
320.6826
320.7503
320.7096
320.6317
320.7554
320.6773
320.6369
320.5862
320.4607
320.5425
320.4165
320.5879
320.4589
320.5409
320.5831
320.45
320.5325
320.4132
320.5777
320.4556
320.5378
320.5877
320.6272
320.6612
320.5536
320.5125
320.4112
320.5269
320.3965
320.49
320.3396
320.4559
320.3738
320.6547
320.7417
320.6822
320.6231
320.7279
320.6687
320.6091
320.6327
320.6723
320.6603
320.5535
320.7059
320.599
320.5871
320.5547
320.4409
320.5236
320.3842
320.5688
320.4264
320.5095
320.5325
320.3701
320.4537
320.3617
320.4988
320.4039
320.4874
320.3395
320.2992
320.4118
320.228
320.3362
320.2899
320.4061
320.2211
320.2442
320.0397
320.1374
320.134
320.4794
320.6227
320.5066
320.5041
320.5521
320.5496
320.4341
320.3835
320.3302
320.4101
320.217
320.4553
320.2597
320.3384
320.3803
320.3208
320.4045
320.2109
320.4495
320.2529
320.3354
320.2862
320.0752
320.1282
320.1251
320.1705
320.167
320.2416
320.0923
320.264
320.1917
320.0897
320.2595
320.1897
320.3567
320.3541
320.2834
320.2754
320.391
320.3763
320.4099
320.5181
320.4461
320.4845
320.5419
320.4698
320.3067
320.4082
320.4074
320.4934
320.5707
320.4984
320.5018
320.5733
320.501
320.302
320.3976
320.403
320.5015
320.5725
320.5
320.4916
320.5695
320.4969
320.2501
320.318
320.3519
320.4827
320.5415
320.4686
320.4124
320.5192
320.4463
320.0124
320.0145
320.1095
320.3622
320.3645
320.2923
320.103
320.2731
320.2016
320.4049
320.5136
320.439
320.265
320.3802
320.3662
320.536
320.4754
320.4614
320.5937
320.6433
320.6284
320.5902
320.6409
320.6269
320.666
320.665
320.651
320.6253
320.6611
320.6601
320.6751
320.6943
320.6802
320.6839
320.697
320.6829
320.6217
320.6517
320.6567
320.6837
320.6966
320.6824
320.6746
320.6938
320.6796
320.5716
320.5727
320.6067
320.6659
320.6662
320.6519
320.5957
320.6439
320.6297
320.3247
320.2604
320.3598
320.5451
320.4889
320.4745
320.2837
320.3974
320.3829
320.484
320.5634
320.4889
320.2959
320.3978
320.3966
320.5661
320.4928
320.4916
320.6737
320.6936
320.6786
320.6203
320.6582
320.6571
320.6963
320.6824
320.6813
320.7058
320.7118
320.7107
320.7055
320.7118
320.7107
320.7145
320.7146
320.7134
320.7026
320.7026
320.7075
320.7144
320.7143
320.7131
320.7053
320.7114
320.7103
320.6528
320.6238
320.6577
320.6966
320.6839
320.6827
320.6266
320.6616
320.6605
320.4065
320.313
320.4117
320.5761
320.5069
320.5058
320.3159
320.4158
320.4146
320.4927
320.5661
320.4916
320.2931
320.3888
320.3938
320.5634
320.4839
320.4889
320.6824
320.6962
320.6812
320.6176
320.6495
320.6544
320.6935
320.6736
320.6785
320.7146
320.7145
320.7134
320.7027
320.703
320.7079
320.7118
320.7057
320.7107
320.7114
320.7053
320.7103
320.7116
320.7053
320.7103
320.7025
320.7025
320.7075
320.6616
320.6265
320.6605
320.6938
320.6749
320.6799
320.6238
320.6527
320.6577
320.4158
320.3159
320.4145
320.5733
320.4977
320.5028
320.3128
320.4063
320.4116
320.4752
320.5359
320.4612
320.2423
320.3094
320.3436
320.5134
320.4045
320.4388
320.6649
320.6658
320.6509
320.5675
320.5695
320.6042
320.6431
320.5934
320.6282
320.6969
320.6838
320.6827
320.6522
320.6223
320.6572
320.6609
320.6249
320.6599
320.6936
320.6744
320.6794
320.6607
320.6243
320.6593
320.6514
320.6214
320.6565
320.6438
320.5955
320.6295
320.6427
320.5935
320.6288
320.5725
320.5712
320.6065
320.3972
320.2834
320.3826
320.5219
320.416
320.4512
320.26
320.3243
320.3594
320.3536
320.356
320.2827
320.0029
320.0032
320.0987
320.2631
320.0911
320.1908
320.5415
320.4839
320.4691
320.3158
320.2506
320.3518
320.3901
320.2743
320.3754
320.5728
320.5012
320.5003
320.3991
320.3031
320.404
320.4074
320.3056
320.4065
320.569
320.491
320.4962
320.4069
320.3041
320.4053
320.3967
320.3008
320.4021
320.5187
320.4117
320.4456
320.3877
320.2715
320.3734
320.3171
320.2489
320.351
320.2725
320.1021
320.2008
320.2672
320.0968
320.1979
320.0135
320.0111
320.1085
)
;

boundaryField
{
    solid_to_air
    {
        type            compressible::turbulentTemperatureRadCoupledMixed;
        refValue        nonuniform List<scalar> 
1536
(
301.8064
302.0573
302.124
302.1367
302.1148
302.0462
301.8147
302.324
302.2363
302.1468
302.097
302.0806
301.8584
302.2912
302.1359
302.0503
301.9982
301.9891
301.8673
302.275
302.1155
302.0341
301.9807
301.9676
301.8498
302.3013
302.152
302.0636
302.0131
302.0069
301.7976
302.308
302.2729
302.1959
302.1473
302.1124
303.0317
303.0604
301.1897
301.2977
301.288
301.3525
301.3652
301.3787
301.3909
301.3733
301.3721
301.3318
301.2849
303.0977
301.2775
301.2047
302.0402
302.1941
302.2471
302.2173
302.0539
301.3855
301.3174
301.2614
302.1691
302.355
302.4194
302.382
302.1877
301.4446
301.3271
301.2716
302.188
302.3793
302.4453
302.4072
302.2083
301.4591
301.3088
301.2445
302.1271
302.3019
302.3619
302.3281
302.1446
301.4327
301.2645
301.1633
301.9493
302.0864
302.1327
302.1068
301.9604
301.3658
303.0313
301.2985
301.3537
301.3801
301.3747
301.3331
303.7395
301.4478
301.4544
301.5025
301.5177
301.5434
301.5476
301.5451
301.5376
301.4993
301.4794
303.676
303.7333
301.3773
302.0299
301.7982
302.2631
302.113
302.3084
302.2998
302.1374
302.2748
302.2165
302.1256
302.1975
302.159
302.0712
302.1478
302.1242
301.9517
302.1123
302.0916
303.8849
301.5687
301.3961
301.437
302.2937
301.8502
302.3132
302.267
302.3011
302.1909
302.1663
302.1531
302.0838
302.1075
302.0646
302.0253
302.083
302.0134
302.0014
302.0949
302.0069
302.0944
301.5905
301.6449
301.4476
301.46
302.3089
301.8675
302.3039
302.1716
302.2742
302.1517
302.0692
302.117
302.0534
302.0117
302.0362
301.9958
301.9843
301.9824
301.9641
302.0908
301.9688
302.0859
301.6588
301.6757
301.46
301.4473
302.3031
301.8584
302.309
302.1498
302.2892
302.173
302.0524
302.1366
302.0704
301.9953
302.0522
302.013
301.9635
302.0004
301.9859
302.0864
301.991
302.091
301.6758
301.6593
301.4367
301.3956
302.3121
301.8145
302.2937
302.1893
302.3215
302.2688
302.0836
302.2351
302.1684
302.026
302.1474
302.1101
302.0022
302.0985
302.0859
302.0953
302.0822
302.0958
301.6456
301.5915
301.3768
303.7305
302.2626
301.8065
302.0312
303.7388
301.4492
302.2981
302.0584
302.1147
301.4559
301.5042
302.2161
302.1254
302.1391
301.5195
301.5454
302.1599
302.1381
302.1272
301.5497
301.5473
302.1253
302.1162
302.0725
301.5396
301.5014
302.0928
302.0475
301.9524
301.5699
301.4813
303.8835
303.6754
301.2869
301.2383
301.2646
301.1627
301.8611
301.3394
301.3409
301.9477
302.0418
301.3746
301.3856
302.0845
302.1213
301.3788
301.3869
302.1309
302.1305
301.3458
301.3299
302.1049
302.0333
303.0079
301.251
301.9588
301.3649
301.3824
301.9413
301.3089
301.2443
302.0175
302.1444
302.1263
302.2458
302.2355
302.3011
302.3489
302.2457
302.3613
302.3603
302.1354
302.3274
302.2339
301.4444
302.1437
301.4321
301.5038
302.0529
301.3271
301.2716
302.0693
302.2948
302.1875
302.3171
302.4059
302.3788
302.4311
302.4171
302.4449
302.4434
302.282
302.4068
302.3046
301.5304
302.2078
301.459
301.5456
302.069
301.3173
301.2616
302.0538
302.3173
302.1692
302.2955
302.4316
302.3552
302.4065
302.4436
302.4196
302.418
302.3045
302.3822
302.2828
301.5459
302.1878
301.445
301.5307
302.0174
301.2774
301.2051
301.9429
302.2462
302.0412
302.1463
302.3494
302.1954
302.2374
302.3606
302.2484
302.2478
302.2341
302.2185
302.1371
301.5047
302.0548
301.3863
301.4454
301.8616
303.058
301.1901
301.2876
301.2396
302.0429
301.2896
301.3404
301.3427
302.1226
301.3672
301.3759
301.3875
302.1317
301.393
301.3802
301.3888
302.0341
301.3741
301.3471
301.3316
301.3839
301.2866
303.0957
303.0071
301.2519
301.9343
301.9863
301.8278
303.279
303.2797
301.9602
301.7817
302.155
302.0793
302.1264
301.671
301.6871
302.1792
302.1302
302.1824
301.7318
301.7411
302.1525
302.1352
302.1616
301.7553
301.7557
302.1101
302.1052
302.1231
301.7415
301.7317
302.004
302.024
302.0473
301.6815
301.6854
303.3984
302.0025
302.0454
302.0251
301.828
301.5643
301.5783
302.3015
302.3184
302.3226
302.1745
302.2109
302.2047
302.0957
302.1328
302.1123
302.0554
302.0919
302.0623
302.0377
302.0567
302.0542
301.7936
301.8059
302.0829
302.0797
301.8622
301.6124
301.6179
302.2405
302.2536
302.2845
302.0989
302.1103
302.1274
302.028
302.0373
302.0436
301.9818
301.9922
301.9905
301.9749
301.9838
301.9799
301.8307
301.8336
302.0858
302.0881
301.866
301.6238
301.622
302.2341
302.2328
302.2793
302.0943
302.0913
302.122
302.0249
302.0215
302.0401
301.9775
301.9738
301.9864
301.9692
301.9643
301.9737
301.8374
301.8366
302.0609
302.0719
301.8413
301.6023
301.5923
302.2833
302.2685
302.3128
302.1468
302.1261
302.176
302.0705
302.0508
302.0858
302.0291
302.008
302.0355
302.0184
301.9999
302.0291
301.8248
301.818
301.9532
301.9936
301.7946
301.5478
301.5668
302.2656
302.3225
302.2392
302.249
302.2541
302.2597
302.197
302.1839
302.2079
302.152
302.1414
302.161
302.0567
302.0768
302.1022
301.7804
301.7971
303.2796
301.9617
301.6724
301.6886
301.7335
301.7429
301.7573
301.7577
301.7435
301.7338
301.6834
301.6871
301.8923
301.2852
301.5748
301.2257
301.4913
301.9649
301.305
301.3113
301.9423
302.0521
301.3719
301.3615
302.0449
302.0816
301.392
301.3808
302.0794
302.052
301.3651
301.367
302.0597
301.9106
301.2777
301.3455
301.9497
301.9587
301.9421
301.2177
301.2888
302.1061
302.0765
302.0697
302.2433
302.2075
302.2307
302.2895
302.2519
302.2857
302.2407
302.2053
302.2549
302.0173
301.9906
302.0837
302.0232
302.0225
301.2653
301.3222
302.2162
302.2126
302.1737
302.3762
302.3714
302.361
302.4306
302.4253
302.4254
302.372
302.3668
302.3886
302.1165
302.1116
302.1927
302.0323
302.0333
301.2712
301.3257
302.2316
302.2324
302.1883
302.3953
302.3957
302.3796
302.4511
302.4514
302.4457
302.3908
302.3915
302.4076
302.1306
302.1304
302.208
301.9887
301.9957
301.2382
301.3006
302.1554
302.1684
302.1161
302.3017
302.3173
302.2877
302.3513
302.3677
302.3468
302.2983
302.3142
302.3134
302.0618
302.0724
302.1324
301.8496
301.8806
301.169
301.286
301.9281
301.9814
301.8994
302.0346
302.0976
302.0243
302.071
302.1367
302.0671
302.0346
302.0964
302.0437
301.863
301.9046
301.9107
301.6601
301.7018
303.7851
301.9311
302.0422
301.5395
301.5208
301.6181
301.719
301.7047
301.5459
301.4692
301.5618
301.5982
301.4877
301.582
301.7529
301.7482
301.6142
301.5284
301.6257
301.6412
301.5374
301.6351
301.7494
301.7535
301.6452
301.5494
301.6466
301.6409
301.5483
301.6449
301.7013
301.7175
301.6321
301.5286
301.6217
301.5881
301.5145
301.6056
303.2582
301.8577
301.5652
301.4938
301.577
303.7771
301.7607
301.8485
301.5484
301.5675
303.8142
301.7137
301.7814
301.4326
301.4043
301.4611
302.0094
302.0085
302.0791
301.9532
301.7948
301.9939
302.0851
302.1865
302.1538
302.1713
302.099
302.1807
302.2645
302.2399
302.3212
302.272
302.2725
302.3154
302.1737
302.1348
302.1689
302.2473
302.2615
302.2519
302.2334
302.2234
302.234
302.1422
302.1296
302.1338
302.1943
302.2093
302.1814
302.1809
302.1736
302.1692
302.0934
302.0878
302.0744
302.149
302.1616
302.1385
302.1356
302.124
302.1313
301.9719
302.0194
302.0669
302.0552
302.1024
302.0744
301.996
302.0761
302.0178
301.7795
301.7966
303.9467
301.9709
302.1001
301.691
301.6054
301.7283
301.6028
301.5928
301.4522
301.4107
301.4676
301.4959
301.4264
301.4848
302.2107
302.1905
302.3069
302.0609
301.8413
302.0721
302.2235
302.3121
302.2328
302.2677
302.2953
302.2366
302.2811
302.3127
302.2658
302.2437
302.2126
302.2279
302.1491
302.1879
302.1294
302.1447
302.1764
302.1233
302.1214
302.1048
302.1036
302.0801
302.1188
302.0707
302.0683
302.0856
302.0481
302.0536
302.0462
302.0358
302.0492
302.0863
302.0497
302.0267
302.0348
302.0051
302.0211
302.024
302.0009
302.0031
302.012
302.0985
302.0175
302.0288
301.9976
301.9918
302.0972
301.9791
301.8244
301.8178
301.7141
301.6102
301.7353
301.7715
301.6306
301.7567
301.6239
301.6222
301.5077
301.4536
301.5139
301.5209
301.4581
301.5189
302.2357
302.236
302.305
302.0855
301.8657
302.0879
302.2365
302.3041
302.2392
302.195
302.211
302.1586
302.232
302.2789
302.2293
302.1882
302.1554
302.1891
302.0772
302.0901
302.0587
302.093
302.1225
302.0888
302.0725
302.0571
302.072
302.0125
302.0239
302.0016
302.0239
302.0405
302.0198
302.0086
301.9997
302.0072
301.9729
301.9857
301.9724
301.9767
301.9865
301.9721
301.9677
301.9688
301.9651
301.9614
301.9687
302.0887
301.9694
301.9742
301.9628
301.9578
302.0881
301.9534
301.8375
301.8367
301.7852
301.667
301.7934
301.802
301.6732
301.7995
301.6121
301.6177
301.5208
301.4581
301.5189
301.5074
301.4534
301.5136
302.2365
302.2391
302.3026
302.0822
301.8618
302.079
302.2351
302.3053
302.2354
302.1887
302.1892
302.1521
302.2378
302.2827
302.2496
302.1943
302.1606
302.2109
302.0732
302.0728
302.0548
302.0977
302.1271
302.1078
302.0767
302.0606
302.0899
302.0092
302.008
301.998
302.0276
302.0439
302.036
302.0125
302.0036
302.0239
301.9679
301.9659
301.9668
301.9819
301.9911
301.9914
301.9738
301.975
301.986
301.957
301.9543
302.0874
301.976
301.9811
301.9832
301.9629
302.0899
301.9687
301.8312
301.834
301.802
301.6733
301.7996
301.7858
301.6675
301.794
301.5638
301.5777
301.4955
301.4261
301.4843
301.4516
301.4102
301.467
302.2233
302.2322
302.3106
302.0447
301.8275
302.0244
302.2103
302.3068
302.1901
302.2447
302.2281
302.2087
302.2991
302.3205
302.3147
302.2679
302.238
302.2962
302.123
302.105
302.1023
302.1732
302.2036
302.2076
302.1497
302.1314
302.1889
302.0554
302.0377
302.0448
302.0957
302.1124
302.1309
302.0815
302.0733
302.1201
302.0226
302.0029
302.0225
302.0562
302.0633
302.0908
302.0513
302.0527
302.0877
301.9918
301.9808
302.097
302.0393
302.0557
302.0564
302.0052
302.0998
302.0129
301.7947
301.8066
301.7722
301.6313
301.7574
301.7154
301.6112
301.7364
303.2776
301.7807
301.4319
301.4038
301.4603
303.8113
301.7125
301.78
302.0853
302.1535
302.1857
301.9344
301.8275
301.987
302.0099
302.0789
302.0097
301.6615
301.7032
303.7855
301.9331
302.0441
301.5411
301.5224
301.6199
302.2736
302.3161
302.2702
302.1554
302.1256
302.0807
302.1727
302.1805
302.1008
301.7207
301.7064
301.5475
301.4707
301.5635
301.6002
301.4894
301.5839
302.2363
302.2361
302.2211
302.1798
302.1813
302.132
302.1756
302.1691
302.1368
301.7549
301.7502
301.6162
301.5302
301.6277
301.6435
301.5394
301.6373
302.185
302.1719
302.1717
302.1535
302.161
302.137
302.1445
302.1347
302.1316
301.7514
301.7556
301.6474
301.5514
301.6489
301.6433
301.5504
301.6473
302.1392
302.1342
302.1228
302.1115
302.1233
302.1068
302.0958
302.0759
302.0896
301.7033
301.7196
301.6344
301.5307
301.624
301.5904
301.5166
301.608
301.9971
302.0199
302.0764
302.0054
302.0482
302.0252
301.9733
302.0678
302.0203
303.3966
303.2578
302.0028
301.8589
301.6923
301.6065
301.7296
301.5673
301.4955
301.5789
303.9442
303.7765
301.9717
301.7618
302.1014
301.8497
301.8514
301.2427
301.3257
301.8755
301.8487
301.1685
301.2862
301.8801
301.7892
301.8176
301.8255
301.9999
301.3318
301.3271
302.0112
301.9263
301.8984
301.98
301.969
301.9829
302.0264
302.0675
301.3833
301.3693
302.0712
302.0325
302.0229
302.0959
302.0516
302.0562
302.1164
302.0788
301.3898
301.3806
302.0785
302.0688
302.0657
302.135
302.0658
302.065
302.1315
302.0254
301.3447
301.3567
302.0068
302.0325
302.0421
302.0946
302.0009
301.9775
302.0599
301.9399
301.3172
301.5262
301.4
301.5963
301.8617
301.909
301.9031
301.9048
301.3717
301.3834
301.939
301.9218
301.9007
301.967
301.9885
301.238
301.3007
301.9952
301.9594
302.0077
301.9679
302.1593
302.1273
302.1788
302.1544
302.1153
302.1675
302.2111
302.2319
302.2254
302.267
302.2302
302.2735
302.3007
302.2866
302.3163
302.3265
302.3333
302.3425
302.2848
302.2473
302.2842
302.3502
302.3458
302.3668
302.3451
302.3442
302.3616
302.1998
302.166
302.1682
302.2971
302.3122
302.3132
302.2541
302.22
302.2692
302.035
302.012
301.4637
301.4026
302.0611
302.1313
302.0714
302.0717
301.4945
301.42
302.0804
302.0034
302.0013
302.0567
302.0325
301.2712
301.3258
302.0327
302.0155
302.0695
302.0155
302.2777
302.2734
302.3003
302.2315
302.1881
302.2317
302.2947
302.3175
302.2949
302.4044
302.3992
302.4116
302.3953
302.3794
302.3951
302.4245
302.4316
302.4241
302.4244
302.4189
302.4235
302.451
302.4456
302.4509
302.4447
302.4437
302.4446
302.3248
302.3197
302.2876
302.3905
302.4072
302.391
302.3423
302.3043
302.3429
302.1185
302.1136
301.5357
301.4515
302.1304
302.2075
302.1299
302.1298
301.545
301.4568
302.1294
302.015
302.0159
302.0692
302.0235
301.2655
301.3222
302.0221
302.0041
302.0572
302.0014
302.2945
302.2952
302.3174
302.2165
302.1737
302.2126
302.2782
302.3007
302.2737
302.4243
302.4246
302.4317
302.3766
302.361
302.3715
302.4048
302.412
302.3995
302.4446
302.4449
302.4438
302.4308
302.4254
302.4255
302.4247
302.424
302.4194
302.3423
302.343
302.3046
302.3723
302.3885
302.3669
302.3251
302.288
302.3202
302.1302
302.1296
301.5451
301.457
302.1169
302.1927
302.1115
302.1185
301.5362
301.4518
302.1139
301.9594
301.9684
302.008
301.9592
301.218
301.2888
301.9421
301.9228
301.9678
301.9012
302.2116
302.2259
302.2326
302.107
302.0699
302.0773
302.1604
302.1798
302.1284
302.3271
302.343
302.3341
302.2442
302.231
302.2087
302.2679
302.2744
302.2315
302.3458
302.3621
302.3451
302.2904
302.286
302.2533
302.2856
302.2852
302.2487
302.2547
302.2697
302.2208
302.2415
302.2551
302.2064
302.2008
302.1692
302.1674
302.0725
302.081
301.4952
301.4206
302.018
302.0843
301.9914
302.0355
301.4648
301.4033
302.013
301.7901
301.8259
301.8183
301.893
301.2262
301.4908
301.2859
301.5758
301.8524
301.8761
301.2437
301.3264
301.9705
302.0272
301.9841
301.9665
301.9426
301.3065
301.3122
302.0014
302.0123
301.3333
301.328
302.0533
302.1175
302.0576
302.0541
302.0457
301.3738
301.3626
302.0691
302.0726
301.385
301.3706
302.0676
302.1326
302.0664
302.0838
302.0802
301.3939
301.3821
302.0806
302.0799
301.3917
301.382
302.0027
302.0609
301.9789
302.0541
302.0607
301.3669
301.3684
302.0273
302.0084
301.3464
301.358
301.9063
301.94
301.3732
301.3843
301.9121
301.9509
301.279
301.3466
301.9412
301.4017
301.5969
301.3184
301.527
)
;
        refGradient     nonuniform List<scalar> 
1536
(
-0.08456383
-0.09156728
-0.09337772
-0.09402639
-0.09443344
-0.09322082
-0.08989956
-0.09931583
-0.1011997
-0.101919
-0.1024346
-0.1013024
-0.09108623
-0.1005422
-0.1024559
-0.1032087
-0.103762
-0.1026732
-0.09115458
-0.1006241
-0.1025534
-0.1033257
-0.1039006
-0.1028394
-0.09092499
-0.1004181
-0.1023521
-0.1031295
-0.1037131
-0.1026582
-0.08896338
-0.09840487
-0.1003265
-0.1010924
-0.1016617
-0.1005981
-0.10927
-0.07821344
-1.447337
-0.1313819
-1.460157
-0.1326316
-1.461718
-0.1327552
-1.461861
-0.1326549
-1.461486
-0.1309448
-1.459209
-0.1501511
-0.09209914
-1.450469
-1.46796
-1.469556
-1.46971
-1.469365
-1.467062
-0.1740829
-0.09313302
-1.451963
-1.469467
-1.47108
-1.471243
-1.470903
-1.4686
-0.176072
-0.09318673
-1.452133
-1.469628
-1.471244
-1.471408
-1.471068
-1.468767
-0.1766682
-0.09307648
-1.451794
-1.469299
-1.470909
-1.47107
-1.47073
-1.468426
-0.1766724
-0.09136508
-1.449512
-1.466959
-1.468545
-1.468696
-1.468347
-1.466049
-0.1746072
-0.1154834
-0.1375359
-0.1387834
-0.1389035
-0.1387988
-0.1370824
-0.09726766
-0.1149757
-0.1158682
-0.1170666
-0.1171961
-0.1173317
-0.1173466
-0.1173127
-0.1172268
-0.1162377
-0.1154455
-0.1143825
-0.07149826
-0.07599065
-0.09055401
-0.08906558
-0.09737294
-0.09312681
-0.09843496
-0.1000484
-0.09388469
-0.1003096
-0.1008588
-0.09438402
-0.1010186
-0.101444
-0.09386502
-0.1015201
-0.1010201
-0.08999463
-0.1003773
-0.09592784
-0.1302084
-0.1417404
-0.07679601
-0.07781007
-0.0982474
-0.09098058
-0.09936069
-0.1009363
-0.1004342
-0.102073
-0.1017561
-0.1023423
-0.1029185
-0.1023547
-0.1030882
-0.1035465
-0.1019443
-0.1036342
-0.1031686
-0.09685866
-0.1025354
-0.09816208
-0.1427945
-0.1444219
-0.07790266
-0.07796427
-0.0994683
-0.09116089
-0.09955093
-0.1021848
-0.1006258
-0.1022777
-0.1030374
-0.1025525
-0.1031458
-0.1036726
-0.1033214
-0.1037979
-0.1033033
-0.103892
-0.103449
-0.09832431
-0.1028257
-0.09852798
-0.1446775
-0.1451061
-0.07796281
-0.07789248
-0.09954846
-0.09104273
-0.09945107
-0.1022779
-0.1005292
-0.1021871
-0.1031494
-0.1024636
-0.1030633
-0.1038056
-0.1032413
-0.1037268
-0.1034615
-0.1038242
-0.1033907
-0.09855155
-0.1027696
-0.0984877
-0.1451859
-0.145231
-0.07779693
-0.0767729
-0.09933881
-0.08980891
-0.09821166
-0.1020758
-0.09928913
-0.1009408
-0.1029515
-0.1012152
-0.1018094
-0.1036156
-0.1019855
-0.1024662
-0.10328
-0.1025619
-0.102124
-0.09837079
-0.1015006
-0.09719574
-0.1451295
-0.143943
-0.07596333
-0.07312728
-0.0973325
-0.08447426
-0.09055296
-0.1033139
-0.1203513
-0.1000528
-0.09158375
-0.093201
-0.1212414
-0.1224306
-0.1009177
-0.09347298
-0.09404938
-0.1225566
-0.1226804
-0.1015679
-0.09421627
-0.09465616
-0.122691
-0.1226428
-0.1012203
-0.0947352
-0.09426271
-0.1225516
-0.1215446
-0.09630428
-0.0936528
-0.09053888
-0.1430266
-0.1207458
-0.132832
-0.1162822
-0.1305174
-1.459166
-0.09132246
-1.449521
-1.465937
-0.1325154
-1.461551
-1.466968
-1.468383
-0.1327426
-1.461871
-1.468553
-1.468711
-0.1327323
-1.461661
-1.468704
-1.468525
-0.1317151
-1.460151
-1.468355
-1.467028
-0.1251797
-1.460896
-1.466059
-0.1730001
-1.47068
-1.466922
-0.09305103
-1.451797
-1.468256
-1.469384
-1.469301
-1.470736
-1.469716
-1.470911
-1.471077
-1.469534
-1.471072
-1.470901
-1.468036
-1.470732
-1.469403
-1.471658
-1.468429
-0.1757897
-1.473032
-1.468421
-0.09318382
-1.452133
-1.468583
-1.470904
-1.469629
-1.471067
-1.471248
-1.471244
-1.471412
-1.471072
-1.471409
-1.471238
-1.469574
-1.471069
-1.469741
-1.473206
-1.468767
-0.1765688
-1.473385
-1.468583
-0.09315301
-1.451961
-1.46842
-1.471067
-1.469466
-1.470903
-1.471412
-1.471078
-1.471246
-1.471238
-1.471242
-1.47107
-1.469741
-1.470901
-1.469573
-1.473385
-1.468597
-0.1767623
-1.473203
-1.468254
-0.09213849
-1.450462
-1.466916
-1.470734
-1.467954
-1.469378
-1.471075
-1.46955
-1.46971
-1.470899
-1.469704
-1.469528
-1.469401
-1.469359
-1.468029
-1.473028
-1.467055
-0.1755173
-1.471648
-1.465928
-0.07953746
-1.448456
-0.1366714
-1.46092
-1.468374
-1.461911
-0.1386679
-1.463305
-1.468702
-1.463473
-0.1388919
-1.463626
-1.468516
-1.463615
-0.1388774
-1.463415
-1.467018
-1.46324
-0.1378545
-1.461904
-1.470667
-1.460962
-0.1533625
-0.1288814
-1.462014
-0.09041077
-0.08725685
-0.08631373
-0.0971888
-0.06854349
-0.09896379
-0.07119925
-0.09583921
-0.09228282
-0.0951106
-0.1026024
-0.1032314
-0.09715785
-0.09357162
-0.09695646
-0.1040563
-0.1041568
-0.09778685
-0.09416201
-0.09764024
-0.1043198
-0.1043538
-0.09807869
-0.09440011
-0.09809799
-0.1043053
-0.10416
-0.09593037
-0.09224738
-0.0969278
-0.102625
-0.1015679
-0.1149408
-0.113648
-0.09489866
-0.09434321
-0.09044588
-0.07498938
-0.07551404
-0.1006327
-0.1000611
-0.099885
-0.1019885
-0.101408
-0.1017782
-0.102669
-0.1020782
-0.1025072
-0.1030345
-0.1024315
-0.1030348
-0.1008955
-0.1002816
-0.1019139
-0.1172557
-0.1179556
-0.09560118
-0.09554856
-0.09113667
-0.07610325
-0.07614165
-0.1013481
-0.1012945
-0.1005953
-0.1027315
-0.1026723
-0.1025141
-0.1034427
-0.1033771
-0.1032732
-0.1038416
-0.1037692
-0.103833
-0.1017505
-0.1016672
-0.102753
-0.1189718
-0.1191225
-0.09561142
-0.09562555
-0.09113831
-0.07613947
-0.07612187
-0.1013687
-0.1013795
-0.100613
-0.1027662
-0.1027746
-0.1025449
-0.1034939
-0.1034994
-0.10332
-0.1039121
-0.1039138
-0.1038983
-0.1018455
-0.1018435
-0.1028407
-0.1193687
-0.1194038
-0.09519848
-0.0954049
-0.09071763
-0.07592072
-0.07572285
-0.1009711
-0.1011755
-0.1002141
-0.1023684
-0.1025742
-0.102147
-0.1030982
-0.103305
-0.1029232
-0.1035214
-0.1037287
-0.1035062
-0.101451
-0.101661
-0.1024497
-0.1192644
-0.1190527
-0.09217695
-0.09342542
-0.08776532
-0.07401032
-0.07282851
-0.09784324
-0.09915822
-0.09709451
-0.09922901
-0.1005462
-0.09900992
-0.09994138
-0.1012646
-0.09977146
-0.1003392
-0.1016737
-0.1003301
-0.09827717
-0.09960133
-0.0992645
-0.1171767
-0.1159411
-0.09906797
-0.09905391
-0.1028854
-0.1035499
-0.1044912
-0.104634
-0.1049344
-0.105018
-0.1051292
-0.1050409
-0.1036885
-0.1027097
-1.45707
-1.454635
-0.1248069
-1.44673
-0.08728432
-1.463995
-1.460831
-0.1319517
-1.463317
-1.464975
-1.461811
-0.132692
-1.464883
-1.464997
-1.461829
-0.1327632
-1.465027
-1.464397
-1.461216
-0.1324974
-1.464663
-1.461229
-1.458041
-0.1298947
-1.462382
-1.461875
-1.461235
-1.451109
-0.09259349
-1.469306
-1.468652
-1.468612
-1.470309
-1.46965
-1.470214
-1.470347
-1.469685
-1.470372
-1.469768
-1.469103
-1.470029
-1.466558
-1.465897
-1.467725
-1.462817
-1.462725
-1.452058
-0.09316705
-1.470254
-1.470164
-1.469558
-1.471268
-1.471176
-1.471171
-1.471312
-1.47122
-1.471335
-1.470735
-1.470642
-1.470995
-1.467529
-1.467434
-1.468693
-1.462868
-1.46289
-1.45211
-0.09318837
-1.470305
-1.470326
-1.469608
-1.471319
-1.47134
-1.471223
-1.471364
-1.471385
-1.471387
-1.470787
-1.470808
-1.471047
-1.467582
-1.467604
-1.468745
-1.462295
-1.462556
-1.451529
-0.09292066
-1.469733
-1.469995
-1.469038
-1.47074
-1.471004
-1.470645
-1.470781
-1.471047
-1.470805
-1.470202
-1.470469
-1.470464
-1.46699
-1.467259
-1.468158
-1.458951
-1.460263
-1.448239
-0.09016984
-1.466259
-1.467647
-1.465576
-1.467243
-1.468638
-1.467151
-1.46727
-1.468669
-1.467298
-1.466679
-1.468085
-1.466943
-1.463498
-1.464889
-1.464651
-0.1016736
-0.1003942
-0.09679133
-0.1098881
-0.108181
-0.1131052
-0.1135324
-0.1116615
-0.1038971
-0.1036408
-0.1140043
-0.1164639
-0.1146052
-0.115215
-0.1168413
-0.1149865
-0.1042775
-0.1042256
-0.1153468
-0.1172676
-0.1154204
-0.1154876
-0.1173078
-0.1154623
-0.1043652
-0.1043731
-0.1155034
-0.1173539
-0.1155111
-0.11547
-0.1173467
-0.1155042
-0.1033914
-0.1038763
-0.1153838
-0.1170563
-0.1152121
-0.1143896
-0.1167476
-0.1149018
-0.1025347
-0.1006953
-0.1135951
-0.1145177
-0.1126768
-0.1130312
-0.1149074
-0.1124447
-0.07417825
-0.07299109
-0.07121914
-0.07322701
-0.07199011
-0.07465446
-0.07483588
-0.07350382
-0.09261926
-0.08916232
-0.09407463
-0.09225
-0.08787827
-0.09349176
-0.09458243
-0.09607576
-0.0958597
-0.09634513
-0.09278048
-0.0966988
-0.09786366
-0.09712716
-0.09917721
-0.09837375
-0.09873043
-0.09969012
-0.09732995
-0.09373557
-0.0974883
-0.09919466
-0.09899048
-0.1005156
-0.09937004
-0.09953258
-0.1006935
-0.09792245
-0.09428533
-0.09803419
-0.09984095
-0.09968911
-0.1011744
-0.09998266
-0.1001016
-0.1013206
-0.09792415
-0.09423149
-0.09756817
-0.1001607
-0.1001728
-0.1015129
-0.1000128
-0.09966124
-0.1013694
-0.09453905
-0.09102352
-0.09278655
-0.09800632
-0.09901947
-0.09935711
-0.09655763
-0.09461556
-0.09789347
-0.116251
-0.1149131
-0.1281822
-0.1377376
-0.1302575
-0.1331918
-0.14027
-0.1318118
-0.07601212
-0.07583381
-0.07546018
-0.07731614
-0.0759801
-0.07647136
-0.07763295
-0.07629593
-0.09728549
-0.09672432
-0.09881342
-0.09524213
-0.09078503
-0.09544093
-0.09763079
-0.09916068
-0.09783018
-0.1011499
-0.1005762
-0.1015125
-0.1009831
-0.1002336
-0.1011853
-0.1015025
-0.1018675
-0.1017066
-0.102171
-0.1015884
-0.1023415
-0.1023472
-0.1021351
-0.1025565
-0.1025321
-0.1027053
-0.1027437
-0.1028213
-0.1022279
-0.1029515
-0.103037
-0.1028731
-0.1032543
-0.1031919
-0.103325
-0.1034116
-0.1028971
-0.1022913
-0.1025531
-0.1034127
-0.1034106
-0.1036388
-0.1032781
-0.1029374
-0.1035069
-0.09943611
-0.0988176
-0.09748931
-0.1012865
-0.102301
-0.101525
-0.09983402
-0.09790217
-0.1000797
-0.1187539
-0.1184335
-0.1342298
-0.1435405
-0.1349607
-0.1358142
-0.1440615
-0.1354673
-0.07614979
-0.07615278
-0.07656126
-0.07794426
-0.07659973
-0.07661204
-0.07796039
-0.07661225
-0.09799034
-0.09793772
-0.09952104
-0.09562362
-0.09115712
-0.09562963
-0.09801299
-0.09954392
-0.09801965
-0.1018717
-0.1018172
-0.102241
-0.1013719
-0.1006185
-0.1013803
-0.1018967
-0.1022676
-0.1019064
-0.1029215
-0.1028612
-0.1030997
-0.1027601
-0.1025417
-0.1027722
-0.1029516
-0.1031316
-0.1029653
-0.1036029
-0.1035362
-0.1037414
-0.1034767
-0.1033062
-0.1034933
-0.1036385
-0.1037789
-0.1036568
-0.1037134
-0.1036394
-0.10338
-0.1038817
-0.1038718
-0.1039033
-0.1037554
-0.1034243
-0.1037789
-0.100317
-0.1002283
-0.09842441
-0.1017996
-0.1027994
-0.101828
-0.1003708
-0.098488
-0.1004029
-0.1193111
-0.1192313
-0.1360568
-0.1448617
-0.1362297
-0.1364557
-0.1450003
-0.1363584
-0.07603176
-0.07609036
-0.07660587
-0.07795601
-0.07659381
-0.07651855
-0.07793699
-0.07656908
-0.09800363
-0.09801655
-0.09953645
-0.09558083
-0.09110539
-0.09552029
-0.09797467
-0.09950859
-0.09791597
-0.1018955
-0.1019061
-0.1022682
-0.101342
-0.1005859
-0.1012861
-0.1018693
-0.1022426
-0.101814
-0.1029601
-0.1029684
-0.1031423
-0.1027408
-0.1025194
-0.1026853
-0.1029353
-0.1031184
-0.1028805
-0.1036587
-0.1036638
-0.1038018
-0.1034706
-0.1032964
-0.1034161
-0.1036362
-0.1037804
-0.1035826
-0.1037893
-0.1037905
-0.1034615
-0.1038917
-0.1038775
-0.1038389
-0.1037697
-0.1034429
-0.1037177
-0.1004236
-0.1004206
-0.0985585
-0.1018269
-0.1028223
-0.1017733
-0.1004051
-0.09854174
-0.1003508
-0.1193714
-0.1194092
-0.1365283
-0.1452392
-0.1365758
-0.1365603
-0.1452588
-0.136591
-0.07484022
-0.07538386
-0.07641669
-0.07761675
-0.07622943
-0.07537011
-0.07729667
-0.07590183
-0.09759734
-0.09780257
-0.09913416
-0.0948474
-0.09036679
-0.09428442
-0.09724618
-0.09878228
-0.0966792
-0.1014981
-0.1017031
-0.1018706
-0.100618
-0.0998618
-0.1000442
-0.1011445
-0.1015165
-0.1005698
-0.1025626
-0.1027692
-0.1027449
-0.1020126
-0.101792
-0.1014352
-0.1022062
-0.1023883
-0.1016285
-0.1032642
-0.1034716
-0.1034084
-0.10274
-0.1025658
-0.1021588
-0.1029055
-0.1030495
-0.1023237
-0.1033997
-0.1036076
-0.1030719
-0.1031611
-0.1031467
-0.1025753
-0.1030391
-0.1027111
-0.1024528
-0.1000234
-0.1002363
-0.09815501
-0.1010878
-0.1020881
-0.1005003
-0.09965782
-0.09778514
-0.09906995
-0.118083
-0.1186806
-0.1364578
-0.1449201
-0.136248
-0.1352737
-0.1445463
-0.1358751
-0.06947652
-0.07123248
-0.07455241
-0.07483137
-0.07341939
-0.07278307
-0.0734832
-0.07218
-0.09452662
-0.09580878
-0.09603161
-0.0903383
-0.08619654
-0.08721531
-0.09256631
-0.09403515
-0.08914371
-0.1019227
-0.1006013
-0.1027613
-0.1163262
-0.1114584
-0.1142208
-0.119089
-0.1129608
-0.09836612
-0.0996827
-0.0987359
-0.09582696
-0.09508437
-0.09231766
-0.09634756
-0.09671641
-0.09283455
-0.1042915
-0.1039964
-0.1151292
-0.1218343
-0.1157396
-0.1163698
-0.1222087
-0.1161309
-0.09942001
-0.1007382
-0.09959814
-0.0972084
-0.09699006
-0.09368904
-0.09739826
-0.09757491
-0.09387613
-0.1048445
-0.1047468
-0.1165124
-0.1226244
-0.1165973
-0.1166886
-0.1226606
-0.116651
-0.1001017
-0.1014276
-0.100239
-0.09791296
-0.09774606
-0.09437824
-0.0980697
-0.09820318
-0.09452899
-0.105134
-0.1050886
-0.1167171
-0.1226937
-0.1167381
-0.1167247
-0.1226818
-0.1167448
-0.1002131
-0.1015498
-0.09988317
-0.09829425
-0.09828972
-0.09473274
-0.09816442
-0.09783387
-0.09459609
-0.1043922
-0.1048162
-0.1166529
-0.1223755
-0.1164961
-0.1157043
-0.1220609
-0.116201
-0.09686934
-0.09817515
-0.09503116
-0.09625121
-0.09721988
-0.0927157
-0.09490052
-0.09325229
-0.09153335
-0.116638
-0.1044765
-0.1148437
-0.1020227
-0.1343604
-0.1417095
-0.1331169
-0.1149255
-0.119594
-0.1138756
-0.1307101
-0.1150774
-0.1394937
-0.117996
-0.1318405
-0.1130829
-1.460737
-1.45767
-0.1290491
-1.462311
-1.458933
-1.448229
-0.09009818
-1.460272
-1.462904
-1.464531
-1.464289
-1.46444
-1.461275
-0.1323081
-1.464714
-1.466235
-1.465552
-1.467656
-1.466683
-1.466958
-1.468107
-1.465021
-1.461857
-0.1327241
-1.465036
-1.467219
-1.467127
-1.468646
-1.467266
-1.467282
-1.468694
-1.464936
-1.461765
-0.1327596
-1.464836
-1.467246
-1.467274
-1.468677
-1.467187
-1.46709
-1.46862
-1.463972
-1.46079
-0.1322046
-1.463335
-1.466655
-1.466919
-1.468093
-1.466231
-1.465591
-1.467669
-1.46102
-1.457489
-0.1285694
-1.4669
-0.1670573
-1.463477
-1.464629
-1.464899
-1.463376
-1.469283
-0.1713426
-1.464791
-1.465909
-1.465265
-1.46757
-1.462298
-1.451532
-0.0928901
-1.462559
-1.466333
-1.467996
-1.466593
-1.469762
-1.469106
-1.470041
-1.469736
-1.46904
-1.469997
-1.470194
-1.470473
-1.470456
-1.470358
-1.469699
-1.470377
-1.470743
-1.470648
-1.471006
-1.470794
-1.470813
-1.471057
-1.470291
-1.469629
-1.470198
-1.470783
-1.470808
-1.471048
-1.470728
-1.470635
-1.470993
-1.469343
-1.468679
-1.4687
-1.470205
-1.470467
-1.470471
-1.469781
-1.469137
-1.470047
-1.466439
-1.46578
-1.472319
-0.1748552
-1.466995
-1.468162
-1.467263
-1.466876
-1.472757
-0.1754034
-1.467147
-1.46685
-1.466759
-1.468512
-1.462868
-1.452111
-0.09317972
-1.46289
-1.466901
-1.468562
-1.466922
-1.470714
-1.470624
-1.470995
-1.470305
-1.469608
-1.470326
-1.470766
-1.471046
-1.470786
-1.47132
-1.471228
-1.471339
-1.47132
-1.471223
-1.47134
-1.471372
-1.471392
-1.471393
-1.471257
-1.471165
-1.471164
-1.471365
-1.471388
-1.471385
-1.47131
-1.471217
-1.47133
-1.47031
-1.470218
-1.469667
-1.470787
-1.471048
-1.470808
-1.470362
-1.46972
-1.470383
-1.467416
-1.46732
-1.473306
-0.1762804
-1.467583
-1.468746
-1.467604
-1.467471
-1.473362
-0.1764419
-1.467493
-1.4669
-1.466921
-1.468562
-1.462816
-1.452057
-0.09318146
-1.462723
-1.466849
-1.468511
-1.466757
-1.470765
-1.470786
-1.471046
-1.470254
-1.469557
-1.470163
-1.470713
-1.470994
-1.470622
-1.471371
-1.471392
-1.471391
-1.471267
-1.471171
-1.471175
-1.471319
-1.471338
-1.471227
-1.471309
-1.47133
-1.471216
-1.471311
-1.471334
-1.471218
-1.471256
-1.471164
-1.471163
-1.470362
-1.470383
-1.469719
-1.470734
-1.470994
-1.470641
-1.470309
-1.469666
-1.470216
-1.46747
-1.467493
-1.47336
-0.1767397
-1.467527
-1.468692
-1.467432
-1.467414
-1.473303
-0.1767755
-1.467317
-1.46633
-1.466591
-1.467993
-1.46187
-1.451104
-0.09262878
-1.461228
-1.465904
-1.467566
-1.465258
-1.470191
-1.470454
-1.470471
-1.469302
-1.468608
-1.468646
-1.469758
-1.470037
-1.469101
-1.470791
-1.471055
-1.47081
-1.470305
-1.47021
-1.469644
-1.470354
-1.470373
-1.469693
-1.470725
-1.470991
-1.470632
-1.470343
-1.470367
-1.469679
-1.470287
-1.470194
-1.469623
-1.469777
-1.470044
-1.469133
-1.469764
-1.470025
-1.469097
-1.469339
-1.468695
-1.468672
-1.466871
-1.467143
-1.472751
-0.1764748
-1.466552
-1.46772
-1.465889
-1.466433
-1.472311
-0.1761107
-1.465771
-1.462926
-1.46428
-1.464555
-1.457373
-1.446944
-0.08759585
-1.456311
-0.1309989
-1.46108
-1.462657
-1.459418
-0.1352076
-1.466707
-1.468099
-1.466982
-1.464342
-1.463664
-1.462585
-0.1381054
-1.464788
-1.465061
-1.46303
-0.1384612
-1.46729
-1.468686
-1.467306
-1.465322
-1.46523
-1.463566
-0.138843
-1.465368
-1.465383
-1.463612
-0.1388743
-1.467211
-1.468612
-1.467114
-1.465344
-1.465374
-1.463583
-0.1389106
-1.465283
-1.465182
-1.46352
-0.1389059
-1.466254
-1.46766
-1.465615
-1.464744
-1.46501
-1.462969
-0.13864
-1.464319
-1.463681
-1.462543
-0.1383457
-1.463392
-1.46478
-1.46929
-0.1731559
-1.46157
-1.462727
-1.459788
-0.1360262
-1.461321
-1.467111
-0.1693541
-1.459165
-0.1346613
)
;
        valueFraction   nonuniform List<scalar> 
1536
(
0.003259317
0.003074671
0.003036266
0.003043186
0.003073999
0.003147972
0.003136475
0.003277223
0.003444305
0.003549851
0.003596275
0.003572099
0.003090056
0.00335574
0.00358139
0.003680236
0.003726066
0.003694308
0.003081231
0.0033781
0.003607247
0.003701318
0.003746862
0.003718509
0.003096699
0.003338116
0.003559296
0.003661536
0.003706656
0.003672286
0.0031616
0.003258433
0.003378825
0.003474104
0.003520165
0.003515845
0.003766713
0.003755333
0.00341931
0.003633465
0.003285382
0.003575547
0.003228165
0.003562046
0.003217024
0.003583823
0.003241531
0.003664623
0.003327349
0.003748986
0.003651101
0.003309268
0.003465727
0.003372826
0.003355184
0.00339056
0.003529943
0.003576823
0.003596563
0.003253729
0.003371256
0.0032655
0.003242296
0.00328263
0.003437655
0.003511267
0.003585225
0.003244372
0.003364912
0.00325759
0.003239362
0.003278633
0.003433186
0.003497054
0.003606067
0.003268292
0.003413338
0.00331622
0.003299277
0.003334069
0.003479484
0.003522204
0.003680466
0.003347565
0.003549976
0.003467902
0.003451892
0.003482039
0.003608826
0.003609965
0.003762863
0.003626973
0.003568172
0.003554277
0.003575988
0.003657065
0.003856498
0.004085826
0.00404294
0.003978088
0.003963337
0.00394377
0.003942601
0.003956337
0.00396924
0.004031783
0.004073491
0.003802892
0.003839707
0.00411797
0.003100971
0.003161646
0.00325385
0.003038644
0.003259382
0.003345144
0.003038623
0.003379098
0.003456135
0.003063805
0.003475194
0.003516209
0.003121991
0.00352231
0.00352582
0.003233492
0.003518157
0.003099249
0.003820095
0.003991241
0.004077638
0.004017494
0.003251703
0.00309642
0.003273337
0.003402524
0.003337832
0.003516131
0.00352832
0.003559657
0.003644515
0.003589182
0.00366259
0.003702336
0.003588456
0.003708426
0.00369999
0.003090331
0.003673861
0.003081849
0.003944846
0.003876051
0.004004609
0.003989456
0.003284116
0.003081095
0.003297165
0.003537125
0.003377605
0.00356674
0.003661234
0.003607047
0.003685401
0.003717685
0.003701443
0.00374006
0.003718565
0.003747198
0.003743852
0.003084038
0.003718702
0.003085768
0.003860685
0.003842447
0.003989466
0.004004698
0.003297691
0.003090151
0.00328378
0.003564701
0.003355587
0.003538621
0.003683547
0.003580546
0.003662136
0.003738161
0.003678897
0.003717886
0.003742122
0.00372435
0.003718492
0.003085291
0.003692772
0.003083228
0.00384226
0.00385919
0.004017553
0.004077502
0.003273658
0.003136511
0.00325078
0.003513783
0.003276806
0.003403318
0.003641654
0.003443621
0.003528582
0.003698876
0.003548033
0.003588587
0.003696705
0.003593753
0.003587271
0.003080147
0.003569843
0.003088081
0.00387411
0.00394147
0.004117704
0.003837489
0.003253264
0.003257646
0.003097968
0.003853017
0.004079163
0.003343723
0.003071337
0.003034679
0.004035802
0.003970136
0.003453288
0.003032205
0.003034116
0.003955174
0.003935185
0.003512354
0.003038738
0.003058942
0.003933984
0.003947532
0.003522002
0.003069254
0.003116953
0.003960496
0.004023098
0.003096238
0.003143049
0.003228579
0.003987271
0.004064925
0.003813578
0.003795552
0.003666021
0.003328309
0.003681448
0.003349436
0.003631041
0.00358649
0.003244711
0.003553619
0.003505472
0.003562513
0.003217478
0.003471735
0.00345575
0.003573311
0.003225731
0.003456106
0.003453882
0.003632115
0.003285638
0.003486758
0.003540478
0.003742144
0.003397447
0.003613275
0.003613679
0.003286674
0.003553249
0.003606387
0.003269165
0.003508773
0.00341085
0.003415166
0.00335963
0.003352628
0.003317729
0.0032982
0.003352622
0.003300807
0.003295008
0.003450413
0.003335927
0.003398415
0.00323872
0.00348169
0.003524088
0.003194967
0.003471786
0.003585229
0.003244464
0.003467816
0.003309728
0.003365175
0.00330756
0.003240916
0.003257647
0.003237657
0.003245017
0.00323945
0.003232937
0.003348991
0.003278861
0.003345144
0.003174381
0.003433577
0.003497259
0.003164529
0.003467326
0.003596323
0.00325317
0.003471095
0.003306072
0.003370135
0.003309515
0.003235482
0.00326447
0.003240013
0.00323144
0.003240556
0.00324401
0.003344249
0.003280879
0.003347728
0.00316429
0.003436308
0.003509848
0.003173053
0.003507172
0.003650345
0.003307784
0.003550516
0.003357219
0.003463071
0.003408132
0.003295585
0.003369822
0.003349818
0.003292962
0.003352056
0.003349417
0.003396617
0.003387314
0.003447088
0.003193166
0.003526951
0.003573646
0.00323569
0.003628465
0.003752688
0.003415939
0.00365995
0.003323238
0.00350171
0.003279895
0.003579312
0.003238767
0.003451542
0.003222048
0.003554823
0.003211125
0.00344979
0.003210626
0.003565473
0.003219285
0.003536769
0.003235095
0.003624443
0.003279316
0.003283121
0.003321219
0.003742883
0.003735115
0.003391717
0.003467139
0.003214042
0.00324442
0.003651962
0.00363763
0.003596804
0.003603389
0.00328188
0.003056653
0.003292557
0.003420112
0.003397934
0.00330315
0.003034973
0.003292955
0.003361131
0.003356144
0.003346447
0.003048462
0.003335254
0.003355496
0.003359035
0.003389022
0.003086349
0.003377567
0.003384795
0.003398239
0.003472976
0.003187775
0.003436918
0.003475748
0.003525762
0.003632607
0.003548864
0.003335047
0.00335152
0.003118721
0.003454755
0.003433991
0.003347109
0.003316119
0.003298077
0.003526667
0.003478429
0.00349299
0.003616331
0.003567586
0.003600513
0.003648323
0.003599876
0.003646236
0.003592889
0.003561387
0.003613076
0.003386429
0.003366839
0.003310575
0.003312706
0.003085439
0.003396971
0.003391055
0.003437351
0.003423786
0.003369104
0.00362711
0.003615439
0.003596648
0.003706729
0.003696603
0.003693335
0.00374147
0.003730395
0.003738672
0.003675269
0.003663966
0.003707672
0.003338296
0.003334412
0.003309137
0.003307527
0.00308264
0.003385476
0.003387212
0.003446346
0.003450444
0.003376854
0.003634478
0.003640169
0.003604684
0.003712103
0.003717327
0.00369898
0.003747
0.003751802
0.003743952
0.00368218
0.003686488
0.003714893
0.003330412
0.003331191
0.00332457
0.003316806
0.003106047
0.003406339
0.003417642
0.003379255
0.003401873
0.003322019
0.003566417
0.003593899
0.003533585
0.003652553
0.003677949
0.003637766
0.003684437
0.00371015
0.003682443
0.003621527
0.003643429
0.003647693
0.003342781
0.003351255
0.003423625
0.003377324
0.003200345
0.003487063
0.003534568
0.003277638
0.003278159
0.003273676
0.0033579
0.003407231
0.003337175
0.003428653
0.003490508
0.003414705
0.003467029
0.00352474
0.003459978
0.003502597
0.00351908
0.00348322
0.003413363
0.003463798
0.003649331
0.003593222
0.003415062
0.003392606
0.003355195
0.003350005
0.003349057
0.003352438
0.003378105
0.003391472
0.003469029
0.003519057
0.003788976
0.003423945
0.003767958
0.003438604
0.003769214
0.00364073
0.003271582
0.003614327
0.003649492
0.003580589
0.003224591
0.00356942
0.00358108
0.003565057
0.003216922
0.00356343
0.003567741
0.003599042
0.003248475
0.003594874
0.003595175
0.003737847
0.003363754
0.003706132
0.003701019
0.003642262
0.003648927
0.003295261
0.003632696
0.003446256
0.003453327
0.003455526
0.003361629
0.00336884
0.003362804
0.003336201
0.003344658
0.003345192
0.003381727
0.003390748
0.003378726
0.003566152
0.00357487
0.00351985
0.003588136
0.003584414
0.003250709
0.003591044
0.003368033
0.00335898
0.003377309
0.003272856
0.003259471
0.003273191
0.003243038
0.003235891
0.003255247
0.00329461
0.003281453
0.00329298
0.00349487
0.003487879
0.003445644
0.003577524
0.003579552
0.003244411
0.003586754
0.003350591
0.003354596
0.003359992
0.003250376
0.003256737
0.003250645
0.003220311
0.00322481
0.003230708
0.003272203
0.003277386
0.003271053
0.003478047
0.003482436
0.003427789
0.003610053
0.003610872
0.003273991
0.003616191
0.003398461
0.003402043
0.003409233
0.00330674
0.003313379
0.003308772
0.003278928
0.003286286
0.003289326
0.00332916
0.003333482
0.003325709
0.00352311
0.00352621
0.003474171
0.003736651
0.003708775
0.003380833
0.00371992
0.003571086
0.003539966
0.003581147
0.00349928
0.003465968
0.003500963
0.003480107
0.003443928
0.003486271
0.003519533
0.003482659
0.003517378
0.00367857
0.003648959
0.003638765
0.003455881
0.003510391
0.003828024
0.004206654
0.004133339
0.003986476
0.004143693
0.004050918
0.003369367
0.003380757
0.003940648
0.004016601
0.003912403
0.003872017
0.00399353
0.003888236
0.00335329
0.003353768
0.003857446
0.003954173
0.003848323
0.003838796
0.003947115
0.003841813
0.003373113
0.003365466
0.003838444
0.003944006
0.003840568
0.003854732
0.003948996
0.003846547
0.00344077
0.003417567
0.003868589
0.003983679
0.003884275
0.003935994
0.00400587
0.003908085
0.003625074
0.003593011
0.003980308
0.004127175
0.004038935
0.003759191
0.004169493
0.00409381
0.003487008
0.003534716
0.003803199
0.004212382
0.004150704
0.004043049
0.004170422
0.004098614
0.003379157
0.003147615
0.003318734
0.003424412
0.003200656
0.00337766
0.003341804
0.003286274
0.003298477
0.003281317
0.003046269
0.00328415
0.003279947
0.003274543
0.003280973
0.003295797
0.003312331
0.003315321
0.003314616
0.003036518
0.003324178
0.003359744
0.003337053
0.00340923
0.003381284
0.003397284
0.003436162
0.003358005
0.003055802
0.00336749
0.003430042
0.00341502
0.003492776
0.003443749
0.003453735
0.003507552
0.0034022
0.003102163
0.003417027
0.003469044
0.003462015
0.003527484
0.003475096
0.003480403
0.003528735
0.003490831
0.003227921
0.003178353
0.003504778
0.003485397
0.003521326
0.003485723
0.003131781
0.003477666
0.003416651
0.003467505
0.003788831
0.004116205
0.00402453
0.00387261
0.004049467
0.003937594
0.003406002
0.003417394
0.004001927
0.004052747
0.00397624
0.00393994
0.004031159
0.003954046
0.00327458
0.0032816
0.00325661
0.003324766
0.003105872
0.003316702
0.00327293
0.003265278
0.003271701
0.003401947
0.003363957
0.003448283
0.003379048
0.003322055
0.003402491
0.003439036
0.003489037
0.003467358
0.003554858
0.003507235
0.003579134
0.003566241
0.00353347
0.003594233
0.003594399
0.003619047
0.003622856
0.003629379
0.003581695
0.003639297
0.003653171
0.003638345
0.003678995
0.003667122
0.00367767
0.003693725
0.003644459
0.003597721
0.003634826
0.003685599
0.003683932
0.003711726
0.003683595
0.003673542
0.003710602
0.003509531
0.003495421
0.003082594
0.003622279
0.003648838
0.003644688
0.003528223
0.00308302
0.003541566
0.003344422
0.003353182
0.00382436
0.003916947
0.003794827
0.003753721
0.003892145
0.003769855
0.003385345
0.003387144
0.003926898
0.003997135
0.003918902
0.00391105
0.003991593
0.00391299
0.003278098
0.003274666
0.003292
0.003309443
0.003082556
0.003307692
0.003279818
0.003295791
0.003278636
0.003502001
0.003489023
0.003552807
0.003446138
0.003376866
0.003450138
0.0035114
0.003563178
0.003517795
0.003651164
0.003640998
0.003674141
0.003633862
0.003604322
0.003639009
0.003658442
0.00368208
0.003665017
0.003718796
0.003709651
0.003729557
0.003711895
0.003698872
0.003716508
0.003725126
0.003736745
0.003731008
0.003739848
0.003729106
0.003731662
0.003746975
0.003744329
0.00375121
0.003747497
0.003739861
0.003752491
0.003561448
0.003555083
0.003084232
0.003681883
0.003715194
0.003686057
0.003567727
0.003085516
0.00357054
0.003330618
0.003331705
0.003739402
0.003851874
0.003730871
0.003722099
0.003845166
0.003724617
0.003397121
0.003391283
0.003911367
0.003991646
0.00391334
0.003926921
0.00399722
0.003918933
0.003279702
0.003278631
0.003296796
0.003311145
0.003085577
0.003313188
0.003278374
0.003291495
0.003274818
0.00351079
0.003516479
0.003561395
0.003437565
0.003369598
0.00342329
0.003502627
0.003554383
0.003489087
0.003657426
0.003663993
0.00368
0.003626286
0.003596263
0.003613487
0.003651577
0.003675256
0.003640705
0.003723662
0.003729977
0.003734367
0.003705432
0.003692324
0.003694172
0.003718763
0.00373007
0.003708716
0.003745722
0.003751521
0.003738112
0.003739655
0.003737288
0.003727746
0.003739751
0.00373162
0.003727847
0.00356636
0.003570594
0.00308477
0.003673395
0.003706484
0.003661977
0.003561264
0.003083747
0.003553493
0.003337043
0.0033335
0.003721916
0.003844509
0.003724063
0.003737923
0.003850801
0.003729774
0.003454846
0.003434256
0.003940483
0.004031172
0.003954564
0.004001936
0.004052804
0.003976481
0.003272652
0.003271747
0.003265871
0.003335288
0.003118838
0.003351671
0.003274235
0.003255883
0.003281074
0.003438114
0.003465
0.003487404
0.003347229
0.003298868
0.003314581
0.003401653
0.003449074
0.003361864
0.003592675
0.003620308
0.003616573
0.00352561
0.003493407
0.003476092
0.003554447
0.003579388
0.003505041
0.003664426
0.003690668
0.003674417
0.003614375
0.00359967
0.003564559
0.00362832
0.003638564
0.003579111
0.003680383
0.003707533
0.00367093
0.003645479
0.003644485
0.003596391
0.003642868
0.003633535
0.003594691
0.003525717
0.003540038
0.003081092
0.003590243
0.003611588
0.003558819
0.003507953
0.003080775
0.003492854
0.003383637
0.003364463
0.003751845
0.003889656
0.003767519
0.003821005
0.003913984
0.00379194
0.003636062
0.003602834
0.004043215
0.004169819
0.004098489
0.003801279
0.004211393
0.004150088
0.003340591
0.003297842
0.003285675
0.00346592
0.003243749
0.003211774
0.003377308
0.003317153
0.003144827
0.003451189
0.003506077
0.003825106
0.004201435
0.004128616
0.00398023
0.004137526
0.004045153
0.00329303
0.003312065
0.00331246
0.003279651
0.003291183
0.003052943
0.003278255
0.003282324
0.003042359
0.003363556
0.003375092
0.003933999
0.004009245
0.003905451
0.003864507
0.003985824
0.00388092
0.003377031
0.003432257
0.003396266
0.003300535
0.003291634
0.003030682
0.00331091
0.003321757
0.003032004
0.003346868
0.003347389
0.003849781
0.003945924
0.003840524
0.003830655
0.003938683
0.003833743
0.003440052
0.003503415
0.003450878
0.003343358
0.003333345
0.003043867
0.003353861
0.003364201
0.003050958
0.003366377
0.00335871
0.003830306
0.003935364
0.003832376
0.00384634
0.003940261
0.003838158
0.003471052
0.00352481
0.003477394
0.003385367
0.003374762
0.003081534
0.003397737
0.003413129
0.00309717
0.003434003
0.003410746
0.00386028
0.003974966
0.003875962
0.003927649
0.003997144
0.003899691
0.003482199
0.003475085
0.003128318
0.003469021
0.003433425
0.003182916
0.003486582
0.003174339
0.003222993
0.003626969
0.003618553
0.003544324
0.003586298
0.00386874
0.00404474
0.003933034
0.003972072
0.004118669
0.004030713
0.003782718
0.003752029
0.004110609
0.00416107
0.004019143
0.004085648
0.003738809
0.003361987
0.003708951
0.003712283
0.003739862
0.00338311
0.003721214
0.003710968
0.003685133
0.003659429
0.003653386
0.00361086
0.003250579
0.003597256
0.003608304
0.00357522
0.003584974
0.00354331
0.00353962
0.003537356
0.003505869
0.003570214
0.003217849
0.003564472
0.003569098
0.003503783
0.003505057
0.003469557
0.00349207
0.003490036
0.003456861
0.003574493
0.003222703
0.003567647
0.003570584
0.003484755
0.003490192
0.003447587
0.003497921
0.003490939
0.003460565
0.003628939
0.003269446
0.003612256
0.003642027
0.003524052
0.003521651
0.003486832
0.003559156
0.00357399
0.003523417
0.003784294
0.003420365
0.003755308
0.003390303
0.003723418
0.003683308
0.003643232
0.003653321
0.003728245
0.003321625
0.003658949
0.003698929
0.003570093
0.003577841
0.003544671
0.003611351
0.003275028
0.003616647
0.003612172
0.003530793
0.003504233
0.003533218
0.003404697
0.003412707
0.003402056
0.003399891
0.003410737
0.003403791
0.003356502
0.00335297
0.003359826
0.003348069
0.003355694
0.003343511
0.003308026
0.003310699
0.003314861
0.003294272
0.003288726
0.003301013
0.003352676
0.003361039
0.00334074
0.003280525
0.003291109
0.003287516
0.003300145
0.0032871
0.003306285
0.003422446
0.003431225
0.003439891
0.00333067
0.003328129
0.003335402
0.003373723
0.003392847
0.003378134
0.003622233
0.003631768
0.00322481
0.003555756
0.003524966
0.003476563
0.003528498
0.003587251
0.003200252
0.003536066
0.003588224
0.003502576
0.003497212
0.003477142
0.003578091
0.003244636
0.003586854
0.003579899
0.003488462
0.003463276
0.003491648
0.003320207
0.003310735
0.003319477
0.003350458
0.003360169
0.003354891
0.003301165
0.003300768
0.003305584
0.003256091
0.00324334
0.003252105
0.003249741
0.003251091
0.003256968
0.003232476
0.003228604
0.003239903
0.003263142
0.003249182
0.003248502
0.003220699
0.003230425
0.003224754
0.003240296
0.003230296
0.003246684
0.003338772
0.003326967
0.003358647
0.003271709
0.003271243
0.003278025
0.003318242
0.003339009
0.003324138
0.003558902
0.003555249
0.003172538
0.003504792
0.003478186
0.003428172
0.003483066
0.003545739
0.003164236
0.00349924
0.003548988
0.003487987
0.003490999
0.003462585
0.003588201
0.003250208
0.003590919
0.003584168
0.003502093
0.003476965
0.003496447
0.003300533
0.003304532
0.003299775
0.003366926
0.003376405
0.003357916
0.003320097
0.00331931
0.003309892
0.003232015
0.003238322
0.003227581
0.003271492
0.003272071
0.003258298
0.003256239
0.003251992
0.003242442
0.003239343
0.003245436
0.003229611
0.003241813
0.003254243
0.003234726
0.00326358
0.003248281
0.003248133
0.003317984
0.003323369
0.003338276
0.003292993
0.003292281
0.003280547
0.00333832
0.003357896
0.003325678
0.003545493
0.003548747
0.003163758
0.003498631
0.003493542
0.003444864
0.003487055
0.003557911
0.003171394
0.003503752
0.003553766
0.003529205
0.00353135
0.003502699
0.003641143
0.003293958
0.003632134
0.003647768
0.003567851
0.003542893
0.003575568
0.003354255
0.003357715
0.003350835
0.003443408
0.003453491
0.003450813
0.003402055
0.003399645
0.003410025
0.003291706
0.003298759
0.003286549
0.003358283
0.003360218
0.003366094
0.003345112
0.003341095
0.003353
0.003297063
0.003304323
0.003284913
0.003332866
0.003342795
0.003341709
0.003349697
0.003338259
0.003357962
0.003371149
0.003376323
0.003390906
0.00337816
0.00337637
0.003388363
0.003418939
0.003437076
0.00342787
0.003585242
0.003586479
0.003198148
0.00353375
0.00356285
0.003517382
0.003572386
0.003618945
0.003221992
0.003552957
0.003628248
0.003681447
0.003650855
0.003656265
0.003785663
0.003435947
0.003767473
0.003419994
0.00376301
0.003734165
0.003708442
0.003357384
0.003703349
0.003534902
0.003502372
0.003533315
0.003635967
0.003645674
0.003266174
0.003607631
0.003605308
0.00360353
0.003244818
0.003590295
0.003486942
0.003453064
0.003485941
0.003575096
0.003576538
0.003218575
0.00356196
0.003564094
0.003564024
0.003211664
0.00355688
0.003492379
0.003456593
0.003487165
0.003559276
0.003563026
0.0032107
0.003555661
0.003567845
0.003565174
0.003216329
0.003559808
0.003553903
0.003519507
0.003570119
0.003592973
0.003590319
0.003242331
0.00358711
0.003622133
0.003636275
0.003263216
0.00360451
0.003723781
0.003695452
0.003317363
0.003654583
0.003732134
0.003696356
0.00335774
0.003698642
0.003778423
0.003385238
0.003718336
0.003414454
0.003747928
)
;
        source          uniform 0;
        value           nonuniform List<scalar> 
1536
(
320.0185
320.3332
320.4168
320.424
320.4032
320.2807
320.3212
320.6649
320.7443
320.7494
320.7299
320.6102
320.4015
320.7419
320.8202
320.8258
320.8067
320.6876
320.4108
320.7499
320.8281
320.8339
320.8148
320.6958
320.3925
320.7339
320.8122
320.8177
320.7986
320.6794
320.2704
320.6137
320.6941
320.6993
320.6796
320.5592
319.901
319.9022
319.8634
320.193
320.1596
320.2772
320.2439
320.2853
320.252
320.2652
320.2317
320.1432
320.1095
319.9086
320.1864
320.1518
320.4645
320.5507
320.5595
320.5408
320.4174
320.2023
320.2668
320.2322
320.5459
320.6331
320.6425
320.624
320.5004
320.2857
320.2761
320.2415
320.5546
320.642
320.6514
320.6329
320.5095
320.2955
320.2577
320.223
320.5363
320.6233
320.6324
320.614
320.4905
320.2761
320.1355
320.1006
320.4109
320.4965
320.505
320.4861
320.3631
320.1495
319.8996
320.1917
320.276
320.2841
320.2639
320.1419
320.0105
320.246
320.2984
320.3733
320.3824
320.3909
320.3905
320.3797
320.3704
320.2988
320.249
320.0198
320.0115
320.241
320.2804
320.2709
320.5606
320.408
320.6141
320.6867
320.4247
320.6945
320.7006
320.4126
320.6997
320.6889
320.3309
320.68
320.6097
320.0295
320.5597
320.2907
320.0198
320.258
320.2911
320.3623
320.6115
320.3927
320.6814
320.7366
320.734
320.8047
320.7503
320.8124
320.8185
320.7387
320.8178
320.8074
320.66
320.7987
320.729
320.3421
320.6795
320.4149
320.3098
320.3835
320.3712
320.3805
320.6896
320.4108
320.6979
320.8126
320.75
320.8204
320.8265
320.8282
320.8346
320.8154
320.8339
320.8235
320.7371
320.8148
320.7452
320.4238
320.6958
320.4331
320.3927
320.4025
320.3805
320.3711
320.6979
320.4014
320.6895
320.8204
320.7418
320.8125
320.8346
320.8202
320.8265
320.8236
320.8257
320.8153
320.7452
320.8066
320.737
320.4331
320.6875
320.4236
320.4024
320.3925
320.3622
320.2907
320.6813
320.3208
320.6112
320.8046
320.6645
320.7363
320.8185
320.744
320.75
320.8073
320.7491
320.7384
320.7289
320.7296
320.6596
320.4147
320.6098
320.3416
320.3832
320.3092
320.2405
320.0103
320.5602
320.0176
320.2797
320.0091
320.2447
320.6863
320.3325
320.4073
320.2972
320.3722
320.7002
320.4161
320.4239
320.3812
320.3898
320.6885
320.4232
320.4118
320.3893
320.3785
320.6092
320.4024
320.33
320.3693
320.2976
320.2901
320.2798
320.0285
320.2574
320.2477
320.0185
320.0186
320.1402
320.1065
320.136
320.101
320.3561
320.2681
320.2347
320.4113
320.4872
320.2858
320.2524
320.4968
320.5057
320.2745
320.2412
320.5054
320.4959
320.1933
320.16
320.4865
320.4153
319.9092
319.8719
320.3635
320.1502
320.1175
320.4088
320.2579
320.2231
320.4802
320.5409
320.5364
320.6133
320.5598
320.6233
320.6327
320.5502
320.6325
320.6235
320.4694
320.6141
320.5428
320.17
320.4906
320.2763
320.2439
320.4896
320.2761
320.2415
320.4983
320.623
320.5546
320.6318
320.6426
320.642
320.6515
320.6334
320.6514
320.6425
320.5526
320.6329
320.5616
320.2535
320.5095
320.2955
320.2632
320.4983
320.2667
320.2322
320.4895
320.6318
320.5458
320.6229
320.6516
320.6331
320.6426
320.6425
320.6424
320.6333
320.5617
320.6239
320.5526
320.2632
320.5003
320.2855
320.2533
320.4802
320.1861
320.1515
320.4085
320.6132
320.4642
320.5406
320.6326
320.5505
320.5595
320.6235
320.5593
320.55
320.5427
320.5405
320.4691
320.2437
320.417
320.2018
320.1695
320.3557
319.901
319.8621
320.1389
320.1054
320.4868
320.1585
320.2669
320.2336
320.5053
320.2429
320.2846
320.2514
320.4956
320.2509
320.2733
320.2401
320.4149
320.2306
320.1921
320.1588
320.1169
320.1083
319.9074
319.9079
319.8707
320.2184
320.116
320.1131
320.0162
320.0173
320.1083
320.1067
320.4803
320.3694
320.4441
320.325
320.3613
320.5313
320.4217
320.5267
320.4089
320.4139
320.531
320.422
320.5331
320.4164
320.4145
320.4979
320.3883
320.5125
320.3956
320.3808
320.3204
320.2114
320.3908
320.2729
320.2035
320.0266
320.1203
320.468
320.4337
320.3556
320.3147
320.3491
320.7341
320.7004
320.6988
320.7817
320.7483
320.7777
320.781
320.7474
320.7828
320.7496
320.7159
320.7636
320.5735
320.5393
320.6441
320.3348
320.3701
320.5184
320.5134
320.4067
320.3952
320.4004
320.7814
320.7769
320.7465
320.8288
320.8243
320.8247
320.8286
320.8239
320.8303
320.7973
320.7927
320.8113
320.6222
320.6175
320.6923
320.4173
320.4227
320.5211
320.5224
320.4095
320.4046
320.4033
320.7837
320.7848
320.7488
320.8312
320.8323
320.8271
320.831
320.8321
320.8328
320.7998
320.8008
320.8137
320.6247
320.6258
320.6947
320.4269
320.4255
320.4904
320.5046
320.3781
320.3862
320.3717
320.7555
320.7689
320.7203
320.803
320.8163
320.7989
320.8024
320.8158
320.8042
320.7711
320.7846
320.7851
320.5953
320.6091
320.6657
320.408
320.3932
320.3113
320.3826
320.2006
320.2638
320.1939
320.5767
320.6496
320.5406
320.6264
320.6982
320.622
320.6256
320.6973
320.6276
320.5931
320.6654
320.6075
320.4156
320.4882
320.4865
320.2824
320.2104
320.0152
320.1075
320.3242
320.3605
320.4082
320.4132
320.4156
320.4137
320.3949
320.38
320.2721
320.2026
320.0287
319.9467
319.9808
319.9459
319.9811
320.2826
320.1958
320.2292
320.2465
320.336
320.249
320.2823
320.331
320.3376
320.2503
320.2836
320.3392
320.3052
320.2172
320.2505
320.3195
320.1275
320.0407
320.0743
320.1972
320.2738
320.2397
320.1861
320.2208
320.536
320.5013
320.4992
320.5908
320.5559
320.5857
320.5935
320.5584
320.5946
320.5621
320.5268
320.5761
320.3812
320.346
320.4526
320.3248
320.3199
320.2374
320.272
320.5876
320.5829
320.5506
320.6431
320.6384
320.6379
320.6462
320.6414
320.6472
320.6148
320.6101
320.6287
320.434
320.429
320.5053
320.3277
320.3288
320.2403
320.2749
320.5906
320.5916
320.5536
320.6462
320.6472
320.641
320.6493
320.6504
320.6504
320.618
320.619
320.6319
320.4371
320.4382
320.5084
320.2965
320.3105
320.2087
320.2433
320.5593
320.5733
320.5224
320.6145
320.6285
320.6093
320.6173
320.6314
320.6184
320.5859
320.6001
320.5999
320.4048
320.4191
320.4763
320.1174
320.1877
320.0313
320.0661
320.3747
320.4474
320.3384
320.4285
320.5015
320.4235
320.4305
320.5038
320.4319
320.3984
320.4721
320.4126
320.2193
320.292
320.2898
320.2721
320.1994
320.0509
320.0874
320.1309
320.2908
320.1746
320.2191
320.4
320.3851
320.3434
320.3345
320.3795
320.4182
320.3584
320.4033
320.417
320.4163
320.4272
320.3875
320.4323
320.4356
320.3901
320.4348
320.4051
320.4109
320.4351
320.3887
320.4332
320.4241
320.3854
320.4298
320.3232
320.3577
320.4148
320.3558
320.4001
320.3429
320.333
320.3772
320.0266
320.116
320.2929
320.1805
320.2243
320.0613
320.0953
320.1388
320.2642
320.1945
320.0523
320.0869
320.1296
320.2842
320.1721
320.2152
320.3162
320.2076
320.3909
320.3119
320.2012
320.3831
320.4118
320.4877
320.4841
320.5037
320.3932
320.5182
320.5772
320.5412
320.65
320.6003
320.6146
320.6728
320.5334
320.424
320.5339
320.6269
320.6226
320.6986
320.6288
320.6291
320.7003
320.5275
320.4184
320.5218
320.6262
320.6282
320.6977
320.6227
320.6171
320.6943
320.4752
320.3653
320.4409
320.5937
320.6081
320.6658
320.5713
320.5372
320.6435
320.2282
320.1237
320.1281
320.4163
320.4872
320.4887
320.3232
320.2192
320.3954
320.283
320.2112
320.061
320.0992
320.1438
320.3037
320.1872
320.2326
320.3863
320.3719
320.3343
320.3254
320.3686
320.4056
320.348
320.3913
320.5692
320.535
320.6457
320.4905
320.3783
320.5047
320.5915
320.6677
320.6055
320.7565
320.7229
320.77
320.7557
320.7205
320.769
320.7779
320.7915
320.7912
320.7834
320.75
320.7837
320.8031
320.7991
320.8164
320.8049
320.8052
320.8182
320.7777
320.7441
320.7723
320.8025
320.8044
320.8159
320.7993
320.7939
320.8127
320.7275
320.6937
320.6938
320.7712
320.7852
320.7847
320.7492
320.7156
320.7626
320.4808
320.4462
320.3773
320.5955
320.666
320.6092
320.5032
320.4003
320.5173
320.4082
320.3935
320.3554
320.3451
320.3908
320.429
320.3686
320.4142
320.4046
320.4033
320.4145
320.3764
320.4197
320.4238
320.3792
320.4226
320.6187
320.6138
320.6943
320.5211
320.4096
320.5224
320.6213
320.6968
320.6225
320.8035
320.799
320.817
320.7837
320.7489
320.7848
320.8059
320.8194
320.8069
320.8307
320.8262
320.8311
320.8313
320.8271
320.8323
320.8332
320.8335
320.8342
320.8253
320.8207
320.82
320.8311
320.8328
320.8321
320.8278
320.8225
320.8288
320.7753
320.7707
320.7417
320.7998
320.8138
320.8008
320.7777
320.7442
320.7788
320.5308
320.5258
320.429
320.6248
320.6948
320.6259
320.5334
320.4319
320.5346
320.4269
320.4256
320.4382
320.3982
320.4436
320.4478
320.4012
320.4466
320.3951
320.4004
320.4238
320.3792
320.4225
320.4144
320.3763
320.4196
320.6213
320.6225
320.6967
320.5183
320.4066
320.5133
320.6186
320.6942
320.6138
320.8059
320.8069
320.8194
320.7813
320.7464
320.7768
320.8034
320.8169
320.799
320.8332
320.8342
320.8335
320.8288
320.8247
320.8242
320.8307
320.831
320.8261
320.8278
320.8289
320.8225
320.8285
320.8303
320.8239
320.8253
320.82
320.8207
320.7777
320.7788
320.7441
320.7973
320.8112
320.7926
320.7752
320.7416
320.7706
320.5334
320.5345
320.4318
320.6222
320.6922
320.6173
320.5306
320.4289
320.5256
320.4172
320.4225
320.4478
320.4011
320.4465
320.438
320.398
320.4434
320.3143
320.3489
320.4055
320.3478
320.3911
320.334
320.3251
320.3684
320.5913
320.6053
320.6675
320.4678
320.3553
320.4333
320.569
320.6455
320.5346
320.7778
320.7911
320.7913
320.7339
320.6985
320.7001
320.7563
320.7698
320.7226
320.8048
320.8181
320.8051
320.7815
320.7774
320.748
320.7832
320.7835
320.7497
320.7992
320.8126
320.7938
320.7807
320.7826
320.7472
320.7775
320.7721
320.7438
320.7491
320.7626
320.7154
320.7493
320.7634
320.7156
320.7273
320.6936
320.6934
320.503
320.5171
320.4
320.5732
320.6438
320.5389
320.4804
320.3769
320.4458
320.3343
320.3698
320.4287
320.3683
320.4139
320.3549
320.3447
320.3903
320.0163
320.1059
320.2837
320.1714
320.2145
320.0511
320.086
320.1287
320.4112
320.4837
320.4871
320.2176
320.1123
320.1151
320.3154
320.3902
320.2068
320.2713
320.1986
320.0496
320.086
320.1298
320.2899
320.1734
320.2182
320.5998
320.6724
320.614
320.4796
320.4434
320.3687
320.5031
320.5176
320.3924
320.3993
320.3844
320.3425
320.3334
320.3786
320.4174
320.3572
320.4025
320.6283
320.7
320.6285
320.5306
320.526
320.4209
320.5327
320.5332
320.4233
320.4163
320.4156
320.4264
320.3863
320.4315
320.4347
320.3889
320.434
320.6222
320.694
320.6166
320.5303
320.5323
320.4212
320.5268
320.521
320.4177
320.4043
320.4102
320.4342
320.3876
320.4324
320.4232
320.3842
320.429
320.5707
320.6431
320.5366
320.4972
320.5118
320.3875
320.4745
320.4401
320.3645
320.3224
320.3569
320.4139
320.3546
320.3992
320.342
320.3318
320.3763
320.3225
320.3948
320.2184
320.3195
320.39
320.2105
320.2273
320.1272
320.1227
320.0255
320.0255
320.1193
320.115
320.303
320.1863
320.2317
320.292
320.1792
320.2233
320.0598
320.0602
320.0982
320.0941
320.1428
320.1378
320.12
320.0349
320.0685
320.1926
320.1181
320.0319
320.0668
320.1882
320.2107
320.2843
320.2819
320.3068
320.2198
320.2531
320.3215
320.3753
320.339
320.4478
320.3997
320.4145
320.4724
320.3387
320.2516
320.2849
320.3395
320.4291
320.4241
320.5019
320.4318
320.4328
320.5047
320.3343
320.2469
320.2802
320.329
320.431
320.4324
320.5041
320.4277
320.4226
320.5009
320.2822
320.1942
320.2276
320.2482
320.399
320.4131
320.4725
320.376
320.3419
320.4495
320.0387
319.9548
319.9887
319.9575
319.9904
320.2199
320.2904
320.2925
320.1302
320.0463
320.0789
320.2021
320.3684
320.3341
320.4432
320.2967
320.2089
320.2435
320.3106
320.3915
320.4664
320.4053
320.5608
320.526
320.5758
320.5595
320.5225
320.5734
320.5844
320.5994
320.5983
320.5938
320.5588
320.5949
320.6146
320.6094
320.6286
320.6176
320.6187
320.6316
320.5903
320.5552
320.5855
320.6175
320.6185
320.6315
320.6142
320.6095
320.6283
320.5391
320.5038
320.5048
320.586
320.6
320.6002
320.563
320.5286
320.5771
320.2902
320.255
320.2054
320.2378
320.405
320.4764
320.4193
320.3139
320.2291
320.2614
320.3284
320.4195
320.4147
320.4944
320.3277
320.2403
320.2749
320.3288
320.4225
320.4973
320.4235
320.6127
320.608
320.6277
320.5906
320.5536
320.5916
320.6157
320.6308
320.6168
320.6462
320.6415
320.6474
320.6463
320.641
320.6472
320.6494
320.6506
320.6504
320.643
320.6383
320.6383
320.6494
320.6504
320.6504
320.6462
320.6414
320.6472
320.5917
320.587
320.5575
320.618
320.6319
320.619
320.5949
320.5606
320.5959
320.3432
320.3381
320.2589
320.2912
320.4371
320.5084
320.4382
320.3464
320.262
320.2942
320.3475
320.4224
320.4235
320.4973
320.3247
320.2373
320.272
320.3198
320.4194
320.4943
320.4146
320.6157
320.6168
320.6308
320.5876
320.5506
320.5828
320.6126
320.6277
320.6079
320.6494
320.6504
320.6506
320.6431
320.6379
320.6384
320.6462
320.6473
320.6415
320.6462
320.6472
320.6414
320.6462
320.6472
320.6413
320.6429
320.6382
320.6382
320.5949
320.5959
320.5606
320.6148
320.6287
320.61
320.5917
320.5574
320.5869
320.3463
320.3475
320.2619
320.2941
320.4339
320.5052
320.4289
320.3431
320.2588
320.291
320.338
320.3913
320.4053
320.4663
320.2735
320.1858
320.2205
320.2393
320.3682
320.443
320.3338
320.5843
320.5983
320.5993
320.5358
320.499
320.501
320.5607
320.5756
320.5258
320.6175
320.6315
320.6186
320.5906
320.5855
320.5556
320.5936
320.5947
320.5585
320.6141
320.6282
320.6094
320.5933
320.5945
320.5581
320.5901
320.5853
320.5549
320.5628
320.577
320.5285
320.5619
320.5759
320.5265
320.5389
320.5046
320.5035
320.3137
320.3282
320.2288
320.2611
320.3809
320.4524
320.3456
320.2899
320.205
320.2374
320.2546
320.2101
320.2814
320.2837
320.0278
319.945
319.9801
319.9455
319.9794
320.1191
320.1918
320.0337
320.0672
320.3992
320.472
320.4139
320.2818
320.2457
320.1946
320.2279
320.306
320.3207
320.2187
320.2519
320.4313
320.5044
320.4322
320.3352
320.3302
320.2479
320.2811
320.3379
320.3387
320.2506
320.2837
320.4272
320.5006
320.422
320.3368
320.3383
320.2492
320.2823
320.3335
320.3281
320.2457
320.279
320.3755
320.4491
320.3413
320.3044
320.3186
320.216
320.2493
320.2814
320.2473
320.1931
320.2264
320.1294
320.2015
320.0456
320.0781
320.1265
320.1963
320.0395
320.073
320.0377
319.9565
319.9894
319.9536
319.9873
)
;
        qrNbr           qr;
        logInterval     -1;
        writePrecision  7;
        updateHeader    1;
        writeToFile     0;
        useUserTime     1;
        kappaMethod     solidThermo;
        kappa           none;
    }
}


// ************************************************************************* //
