/*--------------------------------*- C++ -*----------------------------------*\
| =========                 |                                                 |
| \\      /  F ield         | OpenFOAM: The Open Source CFD Toolbox           |
|  \\    /   O peration     | Version:  2506                                  |
|   \\  /    A nd           | Website:  www.openfoam.com                      |
|    \\/     M anipulation  |                                                 |
\*---------------------------------------------------------------------------*/
FoamFile
{
    version     2.0;
    format      ascii;
    arch        "LSB;label=32;scalar=64";
    class       volScalarField;
    location    "0/air";
    object      viewFactorField;
}
// * * * * * * * * * * * * * * * * * * * * * * * * * * * * * * * * * * * * * //

dimensions      [0 0 0 0 0 0 0];

internalField   uniform 0;

boundaryField
{
    maxY
    {
        type            calculated;
        value           uniform 0;
    }
    minX
    {
        type            calculated;
        value           uniform 0;
    }
    maxX
    {
        type            calculated;
        value           uniform 0;
    }
    minY
    {
        type            calculated;
        value           uniform 0;
    }
    maxZ
    {
        type            calculated;
        value           uniform 0;
    }
    air_to_solid
    {
        type            calculated;
        value           nonuniform List<scalar> 
1536
(
0.6310237
0.6356589
0.6383751
0.6391103
0.6378837
0.6346633
0.6356589
0.6842709
0.6872008
0.6879939
0.6866706
0.6831971
0.6383751
0.6872008
0.6901456
0.6909428
0.6896127
0.6861215
0.6391103
0.6879939
0.6909428
0.6917411
0.6904092
0.6869131
0.6378837
0.6866706
0.6896127
0.6904092
0.6890803
0.6855923
0.6346633
0.6831971
0.6861215
0.6869131
0.6855923
0.6821253
0.05847608
0.05847608
0
0.04104128
0
0.04123666
0
0.04128973
0
0.04120123
0
0.04096994
0
0.05847608
0.04104128
0
0
0
0
0
0
0.04104128
0.04123666
0
0
0
0
0
0
0.04123666
0.04128973
0
0
0
0
0
0
0.04128973
0.04120123
0
0
0
0
0
0
0.04120123
0.04096994
0
0
0
0
0
0
0.04096994
0.05847608
0.04104128
0.04123666
0.04128973
0.04120123
0.04096994
0.1146316
0.1076878
0.107869
0.1082748
0.1083646
0.1084991
0.1084991
0.1083646
0.1082748
0.107869
0.1076878
0.1146316
0.1146316
0.1076878
0.6346633
0.6346633
0.6821253
0.6378837
0.6831971
0.6855923
0.6391103
0.6861215
0.6869131
0.6383751
0.6869131
0.6861215
0.6356589
0.6855923
0.6831971
0.6310237
0.6821253
0.6346633
0.1146316
0.1076878
0.107869
0.1082748
0.6831971
0.6378837
0.6855923
0.6866706
0.6866706
0.6890803
0.6879939
0.6896127
0.6904092
0.6872008
0.6904092
0.6896127
0.6842709
0.6890803
0.6866706
0.6356589
0.6855923
0.6378837
0.107869
0.1082748
0.1083646
0.1084991
0.6861215
0.6391103
0.6869131
0.6896127
0.6879939
0.6904092
0.6909428
0.6909428
0.6917411
0.6901456
0.6917411
0.6909428
0.6872008
0.6904092
0.6879939
0.6383751
0.6869131
0.6391103
0.1083646
0.1084991
0.1084991
0.1083646
0.6869131
0.6383751
0.6861215
0.6904092
0.6872008
0.6896127
0.6917411
0.6901456
0.6909428
0.6909428
0.6909428
0.6901456
0.6879939
0.6896127
0.6872008
0.6391103
0.6861215
0.6383751
0.1084991
0.1083646
0.1082748
0.107869
0.6855923
0.6356589
0.6831971
0.6890803
0.6842709
0.6866706
0.6904092
0.6872008
0.6879939
0.6896127
0.6879939
0.6872008
0.6866706
0.6866706
0.6842709
0.6378837
0.6831971
0.6356589
0.1082748
0.107869
0.1076878
0.1146316
0.6821253
0.6310237
0.6346633
0.1146316
0.1076878
0.6855923
0.6356589
0.6378837
0.107869
0.1082748
0.6869131
0.6383751
0.6391103
0.1083646
0.1084991
0.6861215
0.6391103
0.6383751
0.1084991
0.1083646
0.6831971
0.6378837
0.6356589
0.1082748
0.107869
0.6346633
0.6346633
0.6310237
0.1076878
0.1076878
0.1146316
0.1146316
0.04096994
0
0.04096994
0
0
0.04120123
0
0
0
0.04128973
0
0
0
0.04123666
0
0
0
0.04104128
0
0
0
0.05847608
0
0
0.04096994
0
0
0.04120123
0
0
0
0
0
0
0
0
0
0
0
0
0
0
0
0
0.04120123
0
0
0.04128973
0
0
0
0
0
0
0
0
0
0
0
0
0
0
0
0
0.04128973
0
0
0.04123666
0
0
0
0
0
0
0
0
0
0
0
0
0
0
0
0
0.04123666
0
0
0.04104128
0
0
0
0
0
0
0
0
0
0
0
0
0
0
0
0
0.04104128
0
0
0.05847608
0
0.04096994
0
0
0
0.04120123
0
0
0
0.04128973
0
0
0
0.04123666
0
0
0
0.04104128
0
0
0
0.05847608
0.05847608
0
0.6698121
0.6329068
0.6329068
0.2088059
0.2088059
0.2476955
0.2476955
0.6773303
0.6365267
0.6764061
0.2559503
0.2563059
0.6796911
0.638743
0.6792992
0.2570635
0.2572144
0.679952
0.638988
0.6800823
0.257365
0.2573148
0.6781198
0.6372679
0.6787757
0.2568621
0.2566096
0.6739558
0.6335831
0.6753457
0.2555425
0.2545557
0.2088059
0.2476955
0.6773303
0.6764061
0.6365267
0.2559503
0.2563059
0.6861443
0.6852068
0.6852068
0.688539
0.6875977
0.6881415
0.6888037
0.6878619
0.6889359
0.6869451
0.6860063
0.6876105
0.6826276
0.6816958
0.6841313
0.2559503
0.2563059
0.6796911
0.6792992
0.638743
0.2570635
0.2572144
0.688539
0.6881415
0.6875977
0.6909437
0.6905445
0.6905445
0.6912095
0.6908101
0.6913423
0.6893431
0.688945
0.6900113
0.6850079
0.6846127
0.6865176
0.2570635
0.2572144
0.679952
0.6800823
0.638988
0.257365
0.2573148
0.6888037
0.6889359
0.6878619
0.6912095
0.6913423
0.6908101
0.6914754
0.6916083
0.6916083
0.6896082
0.6897406
0.6902766
0.6852709
0.6854024
0.6867814
0.257365
0.2573148
0.6781198
0.6787757
0.6372679
0.2568621
0.2566096
0.6869451
0.6876105
0.6860063
0.6893431
0.6900113
0.688945
0.6896082
0.6902766
0.6897406
0.687747
0.6884133
0.6884133
0.6834235
0.6840849
0.6849293
0.2568621
0.2566096
0.6739558
0.6753457
0.6335831
0.2555425
0.2545557
0.6826276
0.6841313
0.6816958
0.6850079
0.6865176
0.6846127
0.6852709
0.6867814
0.6854024
0.6834235
0.6849293
0.6840849
0.679144
0.6806266
0.6806266
0.2555425
0.2545557
0.2088059
0.2476955
0.2559503
0.2563059
0.2570635
0.2572144
0.257365
0.2573148
0.2568621
0.2566096
0.2555425
0.2545557
0
0
0.04290527
0
0.04290527
0
0
0.04110358
0
0
0
0.0412632
0
0
0
0.04128089
0
0
0
0.04115688
0
0
0
0.04104223
0
0
0
0
0.04110358
0
0
0
0
0
0
0
0
0
0
0
0
0
0
0
0
0
0
0.0412632
0
0
0
0
0
0
0
0
0
0
0
0
0
0
0
0
0
0
0.04128089
0
0
0
0
0
0
0
0
0
0
0
0
0
0
0
0
0
0
0.04115688
0
0
0
0
0
0
0
0
0
0
0
0
0
0
0
0
0
0
0.04104223
0
0
0
0
0
0
0
0
0
0
0
0
0
0
0
0.2555425
0.2545557
0.127596
0.1083668
0.1453219
0.1495578
0.1075448
0.1489891
0.2568621
0.2566096
0.1498044
0.1080272
0.1500194
0.150356
0.1081624
0.1502032
0.257365
0.2573148
0.150478
0.1084319
0.1505694
0.1506606
0.1084767
0.1506302
0.2570635
0.2572144
0.1506606
0.1084767
0.1506302
0.150478
0.1084319
0.1505694
0.2559503
0.2563059
0.150356
0.1081624
0.1502032
0.1498044
0.1080272
0.1500194
0.2088059
0.2476955
0.1495578
0.1075448
0.1489891
0.127596
0.1083668
0.1453219
0.2555425
0.2545557
0.127596
0.1083668
0.1453219
0.1495578
0.1075448
0.1489891
0.6739558
0.6335831
0.6753457
0.6739558
0.6335831
0.6753457
0.679144
0.6806266
0.6806266
0.6781198
0.6372679
0.6787757
0.6826276
0.6816958
0.6841313
0.6834235
0.6840849
0.6849293
0.679952
0.638988
0.6800823
0.6850079
0.6846127
0.6865176
0.6852709
0.6854024
0.6867814
0.6796911
0.638743
0.6792992
0.6852709
0.6854024
0.6867814
0.6850079
0.6846127
0.6865176
0.6773303
0.6365267
0.6764061
0.6834235
0.6840849
0.6849293
0.6826276
0.6816958
0.6841313
0.6698121
0.6329068
0.6329068
0.679144
0.6806266
0.6806266
0.6739558
0.6335831
0.6753457
0.2555425
0.2545557
0.127596
0.1083668
0.1453219
0.1495578
0.1075448
0.1489891
0.2568621
0.2566096
0.1498044
0.1080272
0.1500194
0.150356
0.1081624
0.1502032
0.6826276
0.6816958
0.6841313
0.6781198
0.6372679
0.6787757
0.6834235
0.6849293
0.6840849
0.6869451
0.6860063
0.6876105
0.6869451
0.6860063
0.6876105
0.687747
0.6884133
0.6884133
0.6888037
0.6878619
0.6889359
0.6893431
0.688945
0.6900113
0.6896082
0.6897406
0.6902766
0.688539
0.6875977
0.6881415
0.6896082
0.6897406
0.6902766
0.6893431
0.688945
0.6900113
0.6861443
0.6852068
0.6852068
0.687747
0.6884133
0.6884133
0.6869451
0.6860063
0.6876105
0.6773303
0.6764061
0.6365267
0.6834235
0.6849293
0.6840849
0.6781198
0.6372679
0.6787757
0.2568621
0.2566096
0.1498044
0.1080272
0.1500194
0.150356
0.1081624
0.1502032
0.257365
0.2573148
0.150478
0.1084319
0.1505694
0.1506606
0.1084767
0.1506302
0.6850079
0.6846127
0.6865176
0.679952
0.638988
0.6800823
0.6852709
0.6867814
0.6854024
0.6893431
0.688945
0.6900113
0.6888037
0.6878619
0.6889359
0.6896082
0.6902766
0.6897406
0.6912095
0.6908101
0.6913423
0.6912095
0.6908101
0.6913423
0.6914754
0.6916083
0.6916083
0.6909437
0.6905445
0.6905445
0.6914754
0.6916083
0.6916083
0.6912095
0.6908101
0.6913423
0.688539
0.6881415
0.6875977
0.6896082
0.6902766
0.6897406
0.6888037
0.6878619
0.6889359
0.6796911
0.6792992
0.638743
0.6852709
0.6867814
0.6854024
0.679952
0.638988
0.6800823
0.257365
0.2573148
0.150478
0.1084319
0.1505694
0.1506606
0.1084767
0.1506302
0.2570635
0.2572144
0.1506606
0.1084767
0.1506302
0.150478
0.1084319
0.1505694
0.6852709
0.6854024
0.6867814
0.6796911
0.638743
0.6792992
0.6850079
0.6865176
0.6846127
0.6896082
0.6897406
0.6902766
0.688539
0.6875977
0.6881415
0.6893431
0.6900113
0.688945
0.6914754
0.6916083
0.6916083
0.6909437
0.6905445
0.6905445
0.6912095
0.6913423
0.6908101
0.6912095
0.6913423
0.6908101
0.6912095
0.6913423
0.6908101
0.6909437
0.6905445
0.6905445
0.6888037
0.6889359
0.6878619
0.6893431
0.6900113
0.688945
0.688539
0.6875977
0.6881415
0.679952
0.6800823
0.638988
0.6850079
0.6865176
0.6846127
0.6796911
0.638743
0.6792992
0.2570635
0.2572144
0.1506606
0.1084767
0.1506302
0.150478
0.1084319
0.1505694
0.2559503
0.2563059
0.150356
0.1081624
0.1502032
0.1498044
0.1080272
0.1500194
0.6834235
0.6840849
0.6849293
0.6773303
0.6365267
0.6764061
0.6826276
0.6841313
0.6816958
0.687747
0.6884133
0.6884133
0.6861443
0.6852068
0.6852068
0.6869451
0.6876105
0.6860063
0.6896082
0.6902766
0.6897406
0.688539
0.6881415
0.6875977
0.6888037
0.6889359
0.6878619
0.6893431
0.6900113
0.688945
0.6888037
0.6889359
0.6878619
0.688539
0.6881415
0.6875977
0.6869451
0.6876105
0.6860063
0.6869451
0.6876105
0.6860063
0.6861443
0.6852068
0.6852068
0.6781198
0.6787757
0.6372679
0.6826276
0.6841313
0.6816958
0.6773303
0.6365267
0.6764061
0.2559503
0.2563059
0.150356
0.1081624
0.1502032
0.1498044
0.1080272
0.1500194
0.2088059
0.2476955
0.1495578
0.1075448
0.1489891
0.127596
0.1083668
0.1453219
0.679144
0.6806266
0.6806266
0.6698121
0.6329068
0.6329068
0.6739558
0.6753457
0.6335831
0.2555425
0.2545557
0.127596
0.1083668
0.1453219
0.1495578
0.1075448
0.1489891
0.6834235
0.6849293
0.6840849
0.6773303
0.6764061
0.6365267
0.6781198
0.6787757
0.6372679
0.2568621
0.2566096
0.1498044
0.1080272
0.1500194
0.150356
0.1081624
0.1502032
0.6852709
0.6867814
0.6854024
0.6796911
0.6792992
0.638743
0.679952
0.6800823
0.638988
0.257365
0.2573148
0.150478
0.1084319
0.1505694
0.1506606
0.1084767
0.1506302
0.6850079
0.6865176
0.6846127
0.679952
0.6800823
0.638988
0.6796911
0.6792992
0.638743
0.2570635
0.2572144
0.1506606
0.1084767
0.1506302
0.150478
0.1084319
0.1505694
0.6826276
0.6841313
0.6816958
0.6781198
0.6787757
0.6372679
0.6773303
0.6764061
0.6365267
0.2559503
0.2563059
0.150356
0.1081624
0.1502032
0.1498044
0.1080272
0.1500194
0.6739558
0.6753457
0.6335831
0.6739558
0.6753457
0.6335831
0.6698121
0.6329068
0.6329068
0.2088059
0.2088059
0.2476955
0.2476955
0.1495578
0.1075448
0.1489891
0.1495578
0.1075448
0.1489891
0.127596
0.127596
0.1083668
0.1083668
0.1453219
0.1453219
0
0
0.04104223
0
0
0
0.04104223
0
0
0
0
0
0
0.04115688
0
0
0
0
0
0
0
0
0
0.04128089
0
0
0
0
0
0
0
0
0
0.0412632
0
0
0
0
0
0
0
0
0
0.04110358
0
0
0
0
0
0
0
0
0
0.04290527
0
0.04290527
0
0
0
0
0
0.04104223
0
0
0
0
0
0
0.04115688
0
0
0
0
0
0
0
0
0
0
0
0
0
0
0
0
0
0
0
0
0
0
0
0
0
0
0
0
0
0
0
0
0
0
0
0
0
0
0
0
0
0
0
0.04110358
0
0
0
0
0
0.04115688
0
0
0
0
0
0
0.04128089
0
0
0
0
0
0
0
0
0
0
0
0
0
0
0
0
0
0
0
0
0
0
0
0
0
0
0
0
0
0
0
0
0
0
0
0
0
0
0
0
0
0
0
0.0412632
0
0
0
0
0
0.04128089
0
0
0
0
0
0
0.0412632
0
0
0
0
0
0
0
0
0
0
0
0
0
0
0
0
0
0
0
0
0
0
0
0
0
0
0
0
0
0
0
0
0
0
0
0
0
0
0
0
0
0
0
0.04128089
0
0
0
0
0
0.0412632
0
0
0
0
0
0
0.04110358
0
0
0
0
0
0
0
0
0
0
0
0
0
0
0
0
0
0
0
0
0
0
0
0
0
0
0
0
0
0
0
0
0
0
0
0
0
0
0
0
0
0
0
0.04115688
0
0
0
0
0
0.04110358
0
0
0
0
0
0
0.04290527
0
0.04290527
0
0
0
0.04104223
0
0
0
0
0
0
0.04110358
0
0
0
0.04115688
0
0
0
0
0
0
0.0412632
0
0
0
0.04128089
0
0
0
0
0
0
0.04128089
0
0
0
0.0412632
0
0
0
0
0
0
0.04115688
0
0
0
0.04110358
0
0
0
0.04104223
0
0
0
0.04104223
0
0
0.04290527
0
0.04290527
)
;
    }
    air_to_floor
    {
        type            calculated;
        value           nonuniform List<scalar> 
900
(
0.006403887
0.007042959
0.007726945
0.008451154
0.009208022
0.009986652
0.01077293
0.01154952
0.01231069
0.01302694
0.01366156
0.01419612
0.01462764
0.01493364
0.01509493
0.01509493
0.01493364
0.01462764
0.01419612
0.01366156
0.01302694
0.01231069
0.01154952
0.01077293
0.009986652
0.009208022
0.008451154
0.007726945
0.007042959
0.006403887
0.007042959
0.00778804
0.008592265
0.009451222
0.01035691
0.01129702
0.01225479
0.01320873
0.01415138
0.01504521
0.01584349
0.01652102
0.01706996
0.01745992
0.01766476
0.01766476
0.01745992
0.01706996
0.01652102
0.01584349
0.01504521
0.01415138
0.01320873
0.01225479
0.01129702
0.01035691
0.009451222
0.008592265
0.00778804
0.007042959
0.007726945
0.008592265
0.009534402
0.01054969
0.01163003
0.01276187
0.01392559
0.01509487
0.01626026
0.01737401
0.01837702
0.01923502
0.01993272
0.02042956
0.02069049
0.02069049
0.02042956
0.01993272
0.01923502
0.01837702
0.01737401
0.01626026
0.01509487
0.01392559
0.01276187
0.01163003
0.01054969
0.009534403
0.008592265
0.007726944
0.008451154
0.009451222
0.01054969
0.01174426
0.0130273
0.01438433
0.0157928
0.01722125
0.018657
0.02004071
0.02129756
0.0223812
0.02326602
0.02389786
0.02422992
0.02422992
0.02389786
0.02326602
0.0223812
0.02129756
0.02004071
0.018657
0.01722125
0.0157928
0.01438433
0.0130273
0.01174426
0.01054969
0.009451222
0.008451153
0.009208022
0.01035691
0.01163003
0.0130273
0.01454231
0.0161602
0.01785564
0.01959184
0.02135161
0.02306259
0.02463028
0.02599271
0.02711011
0.02791074
0.02833255
0.02833255
0.02791074
0.02711011
0.02599271
0.02463028
0.02306259
0.02135161
0.01959184
0.01785564
0.0161602
0.01454231
0.0130273
0.01163003
0.01035691
0.009208022
0.009986652
0.01129702
0.01276187
0.01438433
0.0161602
0.01807509
0.0201014
0.02219664
0.02433837
0.0264396
0.0283817
0.03008299
0.03148487
0.0324933
0.03302632
0.03302632
0.0324933
0.03148487
0.03008299
0.0283817
0.0264396
0.02433837
0.02219664
0.0201014
0.01807509
0.0161602
0.01438433
0.01276188
0.01129702
0.009986651
0.01077293
0.01225479
0.01392559
0.0157928
0.01785564
0.0201014
0.02250101
0.02500608
0.02758912
0.03014534
0.03252957
0.03463329
0.03637583
0.03763422
0.03830213
0.03830213
0.03763422
0.03637583
0.03463329
0.03252957
0.03014534
0.02758912
0.02500608
0.02250101
0.0201014
0.01785564
0.0157928
0.01392559
0.01225479
0.01077293
0.01154952
0.01320873
0.01509487
0.01722125
0.01959184
0.02219664
0.02500608
0.02796637
0.03104546
0.03411745
0.03700885
0.03957811
0.04171764
0.04326942
0.04409459
0.04409459
0.04326942
0.04171764
0.03957811
0.03700885
0.03411745
0.03104546
0.02796637
0.02500608
0.02219664
0.01959184
0.01722125
0.01509487
0.01320873
0.01154952
0.01231069
0.01415138
0.01626026
0.018657
0.02135161
0.02433837
0.02758912
0.03104546
0.03467158
0.03831716
0.04177802
0.04487389
0.04746506
0.04935337
0.05035663
0.05035663
0.04935337
0.04746506
0.04487389
0.04177802
0.03831716
0.03467158
0.03104546
0.02758912
0.02433837
0.02135161
0.018657
0.01626026
0.01415138
0.01231069
0.01302694
0.01504521
0.01737401
0.02004071
0.02306259
0.0264396
0.03014534
0.03411745
0.03831716
0.04256997
0.04663904
0.05030458
0.05338729
0.05564558
0.05684408
0.05684408
0.05564558
0.05338729
0.05030458
0.04663904
0.04256997
0.03831716
0.03411745
0.03014534
0.0264396
0.02306259
0.02004071
0.01737401
0.01504521
0.01302694
0.01366156
0.01584349
0.01837702
0.02129756
0.02463028
0.0283817
0.03252957
0.03700885
0.04177802
0.04663904
0.05132065
0.0555596
0.0591401
0.0617732
0.06317111
0.06317111
0.0617732
0.0591401
0.0555596
0.05132065
0.04663904
0.04177802
0.03700885
0.03252957
0.0283817
0.02463028
0.02129756
0.01837702
0.01584349
0.01366156
0.01419612
0.01652102
0.01923502
0.0223812
0.02599271
0.03008299
0.03463329
0.03957811
0.04487389
0.05030458
0.0555596
0.06034491
0.06440321
0.06739392
0.06898096
0.06898096
0.06739392
0.06440321
0.06034491
0.0555596
0.05030458
0.04487389
0.03957811
0.03463329
0.03008299
0.02599271
0.0223812
0.01923502
0.01652102
0.01419611
0.01462764
0.01706996
0.01993272
0.02326602
0.02711011
0.03148487
0.03637583
0.04171764
0.04746506
0.05338729
0.0591401
0.06440321
0.06888652
0.07219399
0.07394951
0.07394951
0.07219399
0.06888652
0.06440321
0.0591401
0.05338729
0.04746506
0.04171764
0.03637583
0.03148487
0.02711011
0.02326602
0.01993272
0.01706996
0.01462764
0.01493364
0.01745992
0.02042956
0.02389786
0.02791074
0.0324933
0.03763422
0.04326942
0.04935337
0.05564558
0.0617732
0.06739392
0.07219399
0.07573704
0.07761803
0.07761803
0.07573704
0.07219399
0.06739392
0.0617732
0.05564558
0.04935337
0.04326942
0.03763422
0.0324933
0.02791074
0.02389786
0.02042956
0.01745992
0.01493364
0.01509493
0.01766476
0.02069049
0.02422992
0.02833255
0.03302632
0.03830213
0.04409459
0.05035663
0.05684408
0.06317111
0.06898096
0.07394951
0.07761803
0.07956589
0.07956589
0.07761803
0.07394951
0.06898096
0.06317111
0.05684408
0.05035663
0.04409459
0.03830213
0.03302632
0.02833255
0.02422992
0.02069049
0.01766476
0.01509493
0.01509493
0.01766476
0.02069049
0.02422992
0.02833255
0.03302632
0.03830213
0.04409459
0.05035663
0.05684408
0.06317111
0.06898096
0.07394951
0.07761803
0.07956589
0.07956589
0.07761803
0.07394951
0.06898096
0.06317111
0.05684408
0.05035663
0.04409459
0.03830213
0.03302632
0.02833255
0.02422992
0.02069049
0.01766476
0.01509493
0.01493364
0.01745992
0.02042956
0.02389786
0.02791074
0.0324933
0.03763422
0.04326942
0.04935337
0.05564558
0.0617732
0.06739392
0.07219399
0.07573704
0.07761803
0.07761803
0.07573704
0.07219399
0.06739392
0.0617732
0.05564558
0.04935337
0.04326942
0.03763422
0.0324933
0.02791074
0.02389786
0.02042956
0.01745992
0.01493364
0.01462764
0.01706996
0.01993272
0.02326602
0.02711011
0.03148487
0.03637583
0.04171764
0.04746506
0.05338729
0.0591401
0.06440321
0.06888652
0.07219399
0.07394951
0.07394951
0.07219399
0.06888652
0.06440321
0.0591401
0.05338729
0.04746506
0.04171764
0.03637583
0.03148487
0.02711011
0.02326602
0.01993272
0.01706996
0.01462764
0.01419612
0.01652102
0.01923502
0.0223812
0.02599271
0.03008299
0.03463329
0.03957811
0.04487389
0.05030458
0.0555596
0.06034491
0.06440321
0.06739392
0.06898096
0.06898096
0.06739392
0.06440321
0.06034491
0.0555596
0.05030458
0.04487389
0.03957811
0.03463329
0.03008299
0.02599271
0.0223812
0.01923502
0.01652102
0.01419611
0.01366156
0.01584349
0.01837702
0.02129756
0.02463028
0.0283817
0.03252957
0.03700885
0.04177802
0.04663904
0.05132065
0.0555596
0.0591401
0.0617732
0.06317111
0.06317111
0.0617732
0.0591401
0.0555596
0.05132065
0.04663904
0.04177802
0.03700885
0.03252957
0.0283817
0.02463028
0.02129756
0.01837702
0.01584349
0.01366156
0.01302694
0.01504521
0.01737401
0.02004071
0.02306259
0.0264396
0.03014534
0.03411745
0.03831716
0.04256997
0.04663904
0.05030458
0.05338729
0.05564558
0.05684408
0.05684408
0.05564558
0.05338729
0.05030458
0.04663904
0.04256997
0.03831716
0.03411745
0.03014534
0.0264396
0.02306259
0.02004071
0.01737401
0.01504521
0.01302694
0.01231069
0.01415138
0.01626026
0.018657
0.02135161
0.02433837
0.02758912
0.03104546
0.03467158
0.03831716
0.04177802
0.04487389
0.04746506
0.04935337
0.05035663
0.05035663
0.04935337
0.04746506
0.04487389
0.04177802
0.03831716
0.03467158
0.03104546
0.02758912
0.02433837
0.02135161
0.018657
0.01626026
0.01415138
0.01231069
0.01154952
0.01320873
0.01509487
0.01722125
0.01959184
0.02219664
0.02500608
0.02796637
0.03104546
0.03411745
0.03700885
0.03957811
0.04171764
0.04326942
0.04409459
0.04409459
0.04326942
0.04171764
0.03957811
0.03700885
0.03411745
0.03104546
0.02796637
0.02500608
0.02219664
0.01959184
0.01722125
0.01509487
0.01320873
0.01154952
0.01077293
0.01225479
0.01392559
0.0157928
0.01785564
0.0201014
0.02250101
0.02500608
0.02758912
0.03014534
0.03252957
0.03463329
0.03637583
0.03763422
0.03830213
0.03830213
0.03763422
0.03637583
0.03463329
0.03252957
0.03014534
0.02758912
0.02500608
0.02250101
0.0201014
0.01785564
0.0157928
0.01392559
0.01225479
0.01077293
0.009986652
0.01129702
0.01276187
0.01438433
0.0161602
0.01807509
0.0201014
0.02219664
0.02433837
0.0264396
0.0283817
0.03008299
0.03148487
0.0324933
0.03302632
0.03302632
0.0324933
0.03148487
0.03008299
0.0283817
0.0264396
0.02433837
0.02219664
0.0201014
0.01807509
0.0161602
0.01438433
0.01276188
0.01129702
0.009986651
0.009208022
0.01035691
0.01163003
0.0130273
0.01454231
0.0161602
0.01785564
0.01959184
0.02135161
0.02306259
0.02463028
0.02599271
0.02711011
0.02791074
0.02833255
0.02833255
0.02791074
0.02711011
0.02599271
0.02463028
0.02306259
0.02135161
0.01959184
0.01785564
0.0161602
0.01454231
0.0130273
0.01163003
0.01035691
0.009208022
0.008451154
0.009451222
0.01054969
0.01174426
0.0130273
0.01438433
0.0157928
0.01722125
0.018657
0.02004071
0.02129756
0.0223812
0.02326602
0.02389786
0.02422992
0.02422992
0.02389786
0.02326602
0.0223812
0.02129756
0.02004071
0.018657
0.01722125
0.0157928
0.01438433
0.0130273
0.01174426
0.01054969
0.009451222
0.008451153
0.007726945
0.008592265
0.009534403
0.01054969
0.01163003
0.01276188
0.01392559
0.01509487
0.01626026
0.01737401
0.01837702
0.01923502
0.01993272
0.02042956
0.02069049
0.02069049
0.02042956
0.01993272
0.01923502
0.01837702
0.01737401
0.01626026
0.01509487
0.01392559
0.01276188
0.01163003
0.01054969
0.009534403
0.008592265
0.007726945
0.007042959
0.00778804
0.008592265
0.009451222
0.01035691
0.01129702
0.01225479
0.01320873
0.01415138
0.01504521
0.01584349
0.01652102
0.01706996
0.01745992
0.01766476
0.01766476
0.01745992
0.01706996
0.01652102
0.01584349
0.01504521
0.01415138
0.01320873
0.01225479
0.01129702
0.01035691
0.009451222
0.008592265
0.00778804
0.007042959
0.006403887
0.007042959
0.007726944
0.008451153
0.009208022
0.009986651
0.01077293
0.01154952
0.01231069
0.01302694
0.01366156
0.01419611
0.01462764
0.01493364
0.01509493
0.01509493
0.01493364
0.01462764
0.01419611
0.01366156
0.01302694
0.01231069
0.01154952
0.01077293
0.009986651
0.009208022
0.008451153
0.007726945
0.007042959
0.006403887
)
;
    }
}


// ************************************************************************* //
