/*--------------------------------*- C++ -*----------------------------------*\
| =========                 |                                                 |
| \\      /  F ield         | OpenFOAM: The Open Source CFD Toolbox           |
|  \\    /   O peration     | Version:  2506                                  |
|   \\  /    A nd           | Website:  www.openfoam.com                      |
|    \\/     M anipulation  |                                                 |
\*---------------------------------------------------------------------------*/
FoamFile
{
    version     2.0;
    format      ascii;
    arch        "LSB;label=32;scalar=64";
    class       regIOobject;
    location    "constant/polyMesh";
    object      faceZones;
    meta
    {
        names           1 ( air_to_solid );
    }
}
// * * * * * * * * * * * * * * * * * * * * * * * * * * * * * * * * * * * * * //

1
(air_to_solid
{
    type            faceZone;
    faceLabels      List<label> 
1536
(
34275
34281
34287
34293
34299
34305
34397
34403
34409
34415
34421
34427
34519
34525
34531
34537
34543
34549
34641
34647
34653
34659
34665
34671
34763
34769
34775
34781
34787
34793
34885
34891
34897
34903
34909
34915
37239
37240
37243
37246
37249
37252
37255
37258
37261
37264
37267
37270
37273
37275
37362
37365
37371
37377
37383
37389
37395
37397
37484
37487
37493
37499
37505
37511
37517
37519
37606
37609
37615
37621
37627
37633
37639
37641
37728
37731
37737
37743
37749
37755
37761
37763
37850
37853
37859
37865
37871
37877
37883
37885
37968
37974
37980
37986
37992
37998
96893
96900
96932
96938
96970
96976
97008
97014
97046
97052
97084
97089
97118
97130
97138
97141
97146
97168
97171
97176
97198
97201
97206
97228
97231
97236
97258
97261
97266
97288
97291
97296
97300
97310
97378
97389
97397
97400
97405
97427
97430
97435
97457
97460
97465
97487
97490
97495
97517
97520
97525
97547
97550
97555
97559
97569
97634
97645
97653
97656
97661
97683
97686
97691
97713
97716
97721
97743
97746
97751
97773
97776
97781
97803
97806
97811
97815
97825
97890
97901
97909
97912
97917
97939
97942
97947
97969
97972
97977
97999
98002
98007
98029
98032
98037
98059
98062
98067
98071
98081
98146
98157
98165
98168
98173
98195
98198
98203
98225
98228
98233
98255
98258
98263
98285
98288
98293
98315
98318
98323
98327
98337
98402
98413
98421
98424
98429
98438
98444
98451
98454
98459
98468
98474
98481
98484
98489
98498
98504
98511
98514
98519
98528
98534
98541
98544
98549
98558
98564
98571
98574
98579
98583
98588
98593
98594
98868
98871
98872
98875
98880
98909
98912
98915
98920
98947
98950
98953
98958
98985
98988
98991
98996
99023
99026
99029
99034
99061
99064
99067
99069
99072
99101
99102
99105
99110
99139
99142
99147
99174
99177
99182
99209
99212
99217
99244
99247
99252
99279
99282
99284
99287
99314
99315
99318
99323
99352
99355
99360
99387
99390
99395
99422
99425
99430
99457
99460
99465
99492
99495
99497
99500
99527
99528
99531
99536
99565
99568
99573
99600
99603
99608
99635
99638
99643
99670
99673
99678
99705
99708
99710
99713
99740
99741
99744
99749
99778
99781
99786
99813
99816
99821
99848
99851
99856
99883
99886
99891
99918
99921
99923
99926
99953
99954
99957
99959
99962
99991
99994
99996
99999
100026
100029
100031
100034
100061
100064
100066
100069
100096
100099
100101
100104
100131
100134
100135
100136
100139
100776
100783
100788
100794
100795
100800
100803
100806
100813
100818
100824
100830
100836
100843
100848
100854
100860
100866
100873
100878
100884
100890
100896
100903
100908
100914
100920
100926
100933
100938
100944
100950
100969
100973
100976
100983
100988
100995
101003
101006
101013
101018
101036
101043
101048
101066
101073
101078
101096
101103
101108
101126
101133
101138
101171
101176
101179
101186
101191
101198
101206
101209
101216
101221
101239
101246
101251
101269
101276
101281
101299
101306
101311
101329
101336
101341
101374
101379
101382
101389
101394
101401
101409
101412
101419
101424
101442
101449
101454
101472
101479
101484
101502
101509
101514
101532
101539
101544
101577
101582
101585
101592
101597
101604
101612
101615
101622
101627
101645
101652
101657
101675
101682
101687
101705
101712
101717
101735
101742
101747
101780
101785
101788
101795
101800
101807
101815
101818
101825
101830
101848
101855
101860
101878
101885
101890
101908
101915
101920
101938
101945
101950
101983
101988
102028
102031
102049
102053
102072
102076
102095
102099
102118
102122
102141
102145
102356
102362
102365
102367
102370
102382
102388
102391
102393
102408
102414
102417
102419
102434
102440
102443
102445
102460
102466
102469
102471
102486
102492
102495
102497
102570
102576
102581
102584
102596
102602
102607
102622
102628
102633
102648
102654
102659
102674
102680
102685
102700
102706
102711
102781
102787
102792
102795
102807
102813
102818
102833
102839
102844
102859
102865
102870
102885
102891
102896
102911
102917
102922
102992
102998
103003
103006
103018
103024
103029
103044
103050
103055
103070
103076
103081
103096
103102
103107
103122
103128
103133
103203
103209
103214
103217
103229
103235
103240
103255
103261
103266
103281
103287
103292
103307
103313
103318
103333
103339
103344
103414
103420
103425
103428
103440
103446
103451
103466
103472
103477
103492
103498
103503
103518
103524
103529
103544
103550
103555
106363
106367
106374
106381
106384
106393
106400
106403
106436
106440
106447
106454
106457
106466
106473
106476
106509
106513
106520
106527
106530
106539
106546
106549
106582
106586
106593
106600
106603
106612
106619
106622
106655
106659
106666
106673
106676
106685
106692
106695
106726
106729
106736
106743
106746
106754
106760
106762
106794
106797
106806
106813
106816
106824
106828
106834
106837
106843
106845
106854
106860
106862
106871
106876
106879
106963
106969
106971
106980
106986
106988
106997
107002
107005
107089
107095
107097
107106
107112
107114
107123
107128
107131
107215
107221
107223
107232
107238
107240
107249
107254
107257
107341
107347
107349
107358
107364
107366
107375
107380
107383
107467
107473
107475
107484
107490
107492
107501
107506
107509
107514
107517
107543
107550
107553
107580
107584
107590
107667
107670
107679
107686
107689
107697
107701
107707
107710
107716
107718
107727
107733
107735
107744
107749
107752
107836
107842
107844
107853
107859
107861
107870
107875
107878
107962
107968
107970
107979
107985
107987
107996
108001
108004
108088
108094
108096
108105
108111
108113
108122
108127
108130
108214
108220
108222
108231
108237
108239
108248
108253
108256
108340
108346
108348
108357
108363
108365
108374
108379
108382
108387
108390
108416
108423
108426
108453
108457
108463
108540
108543
108552
108559
108562
108570
108574
108580
108583
108589
108591
108600
108606
108608
108617
108622
108625
108709
108715
108717
108726
108732
108734
108743
108748
108751
108835
108841
108843
108852
108858
108860
108869
108874
108877
108961
108967
108969
108978
108984
108986
108995
109000
109003
109087
109093
109095
109104
109110
109112
109121
109126
109129
109213
109219
109221
109230
109236
109238
109247
109252
109255
109260
109263
109289
109296
109299
109326
109330
109336
109413
109416
109425
109432
109435
109443
109447
109453
109456
109462
109464
109473
109479
109481
109490
109495
109498
109582
109588
109590
109599
109605
109607
109616
109621
109624
109708
109714
109716
109725
109731
109733
109742
109747
109750
109834
109840
109842
109851
109857
109859
109868
109873
109876
109960
109966
109968
109977
109983
109985
109994
109999
110002
110086
110092
110094
110103
110109
110111
110120
110125
110128
110133
110136
110162
110169
110172
110199
110203
110209
110286
110289
110298
110305
110308
110316
110320
110326
110329
110335
110337
110346
110352
110354
110363
110368
110371
110455
110461
110463
110472
110478
110480
110489
110494
110497
110581
110587
110589
110598
110604
110606
110615
110620
110623
110707
110713
110715
110724
110730
110732
110741
110746
110749
110833
110839
110841
110850
110856
110858
110867
110872
110875
110959
110965
110967
110976
110982
110984
110993
110998
111001
111006
111009
111035
111042
111045
111072
111076
111082
111158
111160
111168
111175
111178
111186
111189
111194
111196
111202
111204
111213
111219
111221
111230
111235
111238
111244
111248
111291
111298
111301
111310
111317
111320
111322
111328
111330
111339
111345
111347
111356
111361
111364
111370
111374
111417
111424
111427
111436
111443
111446
111448
111454
111456
111465
111471
111473
111482
111487
111490
111496
111500
111543
111550
111553
111562
111569
111572
111574
111580
111582
111591
111597
111599
111608
111613
111616
111622
111626
111669
111676
111679
111688
111695
111698
111700
111706
111708
111717
111723
111725
111734
111739
111742
111748
111752
111795
111802
111805
111814
111821
111824
111826
111832
111834
111843
111849
111851
111860
111865
111868
111873
111874
111876
111878
111902
111909
111912
111921
111928
111931
111939
111940
111943
111947
111949
111950
112254
112259
112260
112262
112270
112275
112276
112278
112286
112290
112293
112301
112306
112307
112309
112317
112322
112324
112330
112334
112337
112345
112350
112351
112353
112361
112366
112368
112374
112378
112381
112389
112394
112395
112397
112405
112410
112412
112418
112422
112425
112433
112438
112439
112441
112449
112454
112456
112462
112466
112469
112477
112482
112483
112485
112487
112496
112501
112503
112509
112513
112514
112516
112524
112529
112531
112537
112542
112543
112545
112553
112557
112560
112568
112573
112575
112581
112586
112588
112594
112598
112601
112609
112614
112616
112622
112627
112629
112635
112639
112642
112650
112655
112657
112663
112668
112670
112676
112680
112683
112691
112696
112698
112704
112709
112711
112717
112721
112724
112732
112737
112739
112741
112748
112753
112755
112761
112765
112766
112768
112776
112781
112783
112789
112794
112795
112797
112805
112809
112812
112820
112825
112827
112833
112838
112840
112846
112850
112853
112861
112866
112868
112874
112879
112881
112887
112891
112894
112902
112907
112909
112915
112920
112922
112928
112932
112935
112943
112948
112950
112956
112961
112963
112969
112973
112976
112984
112989
112991
112993
113000
113005
113007
113013
113017
113018
113020
113028
113033
113035
113041
113046
113047
113049
113057
113061
113064
113072
113077
113079
113085
113090
113092
113098
113102
113105
113113
113118
113120
113126
113131
113133
113139
113143
113146
113154
113159
113161
113167
113172
113174
113180
113184
113187
113195
113200
113202
113208
113213
113215
113221
113225
113228
113236
113241
113243
113245
113252
113257
113259
113265
113269
113270
113272
113280
113285
113287
113293
113298
113299
113301
113309
113313
113316
113324
113329
113331
113337
113342
113344
113350
113354
113357
113365
113370
113372
113378
113383
113385
113391
113395
113398
113406
113411
113413
113419
113424
113426
113432
113436
113439
113447
113452
113454
113460
113465
113467
113473
113477
113480
113488
113493
113495
113497
113504
113509
113511
113517
113521
113522
113524
113532
113537
113539
113545
113550
113551
113553
113555
113564
113568
113571
113572
113579
113584
113586
113592
113597
113599
113601
113608
113612
113615
113616
113623
113628
113630
113636
113641
113643
113645
113652
113656
113659
113660
113667
113672
113674
113680
113685
113687
113689
113696
113700
113703
113704
113711
113716
113718
113724
113729
113731
113733
113740
113744
113747
113748
113755
113760
113762
113764
113771
113776
113778
113780
113787
113791
113792
113794
113795
)
;
    flipMap         List<bool> 
1536
(
0
0
0
0
0
0
0
0
0
0
0
0
0
0
0
0
0
0
0
0
0
0
0
0
0
0
0
0
0
0
0
0
0
0
0
0
1
1
1
1
1
1
1
1
1
1
1
1
1
0
1
1
1
1
1
1
1
0
1
1
1
1
1
1
1
0
1
1
1
1
1
1
1
0
1
1
1
1
1
1
1
0
1
1
1
1
1
1
1
0
0
0
0
0
0
0
0
0
0
0
0
0
0
0
0
0
0
0
0
0
0
0
0
0
0
0
0
0
0
0
0
0
0
0
0
0
0
0
1
1
0
0
0
0
0
0
0
0
0
0
0
0
0
0
0
0
0
0
0
0
1
1
0
0
0
0
0
0
0
0
0
0
0
0
0
0
0
0
0
0
0
0
1
1
0
0
0
0
0
0
0
0
0
0
0
0
0
0
0
0
0
0
0
0
1
1
0
0
0
0
0
0
0
0
0
0
0
0
0
0
0
0
0
0
0
0
1
1
0
0
0
0
0
1
1
0
0
0
1
1
0
0
0
1
1
0
0
0
1
1
0
0
0
1
1
0
0
0
1
1
1
1
1
1
1
1
1
1
1
1
1
1
1
1
1
1
1
1
1
1
1
1
1
1
1
1
1
1
1
1
1
1
1
1
1
1
1
1
1
1
1
1
1
1
1
1
1
1
1
1
1
1
1
1
1
1
1
1
1
1
1
1
1
1
1
1
1
1
1
1
1
1
1
1
1
1
1
1
1
1
1
1
1
1
1
1
1
1
1
1
1
1
1
1
1
1
1
1
1
1
1
1
1
1
1
1
1
1
1
1
1
1
1
1
1
1
1
1
1
1
1
1
1
1
1
1
1
1
1
1
1
1
1
1
1
0
0
1
1
1
1
1
0
0
1
1
1
0
0
1
1
1
0
0
1
1
1
0
0
1
1
1
0
0
1
1
0
0
1
0
0
1
1
1
0
0
1
0
0
1
0
0
1
0
0
1
0
0
0
0
1
0
0
1
1
1
0
0
1
0
0
1
0
0
1
0
0
1
0
0
0
0
1
0
0
1
1
1
0
0
1
0
0
1
0
0
1
0
0
1
0
0
0
0
1
0
0
1
1
1
0
0
1
0
0
1
0
0
1
0
0
1
0
0
0
0
1
0
0
1
1
1
0
0
1
0
0
1
0
0
1
0
0
1
0
0
0
0
0
0
0
0
0
0
0
0
0
0
0
0
0
1
1
1
1
0
1
1
1
0
1
1
1
0
1
1
1
0
1
1
1
0
1
1
1
0
1
1
1
0
1
1
0
1
1
0
1
1
0
1
1
0
1
1
0
1
1
1
0
1
1
0
1
1
0
1
1
0
1
1
0
1
1
0
1
1
1
0
1
1
0
1
1
0
1
1
0
1
1
0
1
1
0
1
1
1
0
1
1
0
1
1
0
1
1
0
1
1
0
1
1
0
1
1
1
0
1
1
0
1
1
0
1
1
0
1
1
0
1
1
0
0
0
0
0
0
0
0
0
0
0
0
0
0
0
0
0
0
0
0
0
0
0
0
0
0
0
0
0
0
0
0
0
0
0
0
0
0
0
0
0
0
0
0
0
0
0
0
0
0
0
0
0
0
0
0
1
0
0
1
0
0
1
0
0
1
0
0
1
0
0
1
0
0
1
0
0
1
0
0
1
0
0
1
0
0
1
0
0
1
0
0
1
0
0
1
0
0
1
0
0
1
0
0
1
0
0
1
0
0
1
1
1
1
1
1
1
1
0
0
0
0
0
0
0
0
1
0
0
1
0
0
1
0
0
1
0
0
1
0
0
1
0
0
1
0
0
1
0
0
1
0
0
1
0
0
1
0
0
1
0
0
1
0
0
1
0
0
1
0
0
1
0
0
1
0
0
1
0
0
1
1
1
1
1
1
1
1
0
0
0
0
0
0
0
0
1
0
0
1
0
0
1
0
0
1
0
0
1
0
0
1
0
0
1
0
0
1
0
0
1
0
0
1
0
0
1
0
0
1
0
0
1
0
0
1
0
0
1
0
0
1
0
0
1
0
0
1
0
0
1
1
1
1
1
1
1
1
0
0
0
0
0
0
0
0
1
0
0
1
0
0
1
0
0
1
0
0
1
0
0
1
0
0
1
0
0
1
0
0
1
0
0
1
0
0
1
0
0
1
0
0
1
0
0
1
0
0
1
0
0
1
0
0
1
0
0
1
0
0
1
1
1
1
1
1
1
1
0
0
0
0
0
0
0
0
1
0
0
1
0
0
1
0
0
1
0
0
1
0
0
1
0
0
1
0
0
1
0
0
1
0
0
1
0
0
1
0
0
1
0
0
1
0
0
1
0
0
1
0
0
1
0
0
1
0
0
1
0
0
1
1
1
1
1
1
1
1
0
0
0
0
0
0
0
0
1
0
0
1
0
0
1
0
0
1
1
1
1
1
1
1
1
1
0
0
1
0
0
1
0
0
1
1
1
1
1
1
1
1
1
0
0
1
0
0
1
0
0
1
1
1
1
1
1
1
1
1
0
0
1
0
0
1
0
0
1
1
1
1
1
1
1
1
1
0
0
1
0
0
1
0
0
1
1
1
1
1
1
1
1
1
0
0
1
0
0
1
0
0
1
1
1
1
1
1
1
1
1
1
1
1
1
1
1
1
0
1
1
1
0
1
1
1
0
1
1
0
1
1
1
0
1
1
0
1
1
0
1
1
1
0
1
1
0
1
1
0
1
1
1
0
1
1
0
1
1
0
1
1
1
0
1
1
0
1
1
0
1
1
1
1
0
1
1
0
1
1
1
0
1
1
0
1
1
1
0
1
1
0
1
1
0
1
1
0
1
1
0
1
1
0
1
1
0
1
1
0
1
1
0
1
1
0
1
1
0
1
1
0
1
1
0
1
1
0
1
1
1
0
1
1
0
1
1
1
0
1
1
0
1
1
1
0
1
1
0
1
1
0
1
1
0
1
1
0
1
1
0
1
1
0
1
1
0
1
1
0
1
1
0
1
1
0
1
1
0
1
1
0
1
1
0
1
1
1
0
1
1
0
1
1
1
0
1
1
0
1
1
1
0
1
1
0
1
1
0
1
1
0
1
1
0
1
1
0
1
1
0
1
1
0
1
1
0
1
1
0
1
1
0
1
1
0
1
1
0
1
1
0
1
1
1
0
1
1
0
1
1
1
0
1
1
0
1
1
1
0
1
1
0
1
1
0
1
1
0
1
1
0
1
1
0
1
1
0
1
1
0
1
1
0
1
1
0
1
1
0
1
1
0
1
1
0
1
1
0
1
1
1
0
1
1
0
1
1
1
0
1
1
0
1
1
1
1
0
1
1
1
0
1
1
0
1
1
1
0
1
1
1
0
1
1
0
1
1
1
0
1
1
1
0
1
1
0
1
1
1
0
1
1
1
0
1
1
0
1
1
1
0
1
1
1
0
1
1
1
0
1
1
1
0
1
1
1
1
)
;
}
)

// ************************************************************************* //
