/*--------------------------------*- C++ -*----------------------------------*\
| =========                 |                                                 |
| \\      /  F ield         | OpenFOAM: The Open Source CFD Toolbox           |
|  \\    /   O peration     | Version:  2506                                  |
|   \\  /    A nd           | Website:  www.openfoam.com                      |
|    \\/     M anipulation  |                                                 |
\*---------------------------------------------------------------------------*/
FoamFile
{
    version     2.0;
    format      ascii;
    arch        "LSB;label=32;scalar=64";
    class       volScalarField;
    location    "2500/floor";
    object      damage;
}
// * * * * * * * * * * * * * * * * * * * * * * * * * * * * * * * * * * * * * //

dimensions      [0 0 0 0 0 0 0];

internalField   nonuniform List<scalar> 
2700
(
0.02043805
0.02045226
0.02046793
0.02048234
0.02049524
0.02050667
0.02051669
0.02052542
0.02053297
0.02053935
0.0205445
0.0205485
0.0205515
0.02055355
0.0205546
0.0205546
0.02055358
0.02055154
0.02054845
0.02054426
0.02053891
0.02053231
0.02052445
0.02051529
0.02050477
0.02049282
0.02047939
0.02046446
0.02044841
0.02043416
0.02045226
0.02046634
0.02048182
0.02049601
0.02050866
0.02051982
0.02052956
0.02053799
0.02054524
0.02055133
0.02055624
0.02056007
0.02056296
0.02056492
0.02056593
0.02056593
0.02056494
0.02056298
0.02055998
0.02055593
0.02055074
0.02054434
0.02053669
0.02052777
0.0205175
0.0205058
0.02049263
0.02047797
0.02046217
0.02044812
0.02046822
0.02048208
0.02049727
0.02051114
0.02052344
0.02053425
0.02054365
0.02055174
0.02055867
0.02056447
0.02056913
0.02057277
0.02057552
0.02057739
0.02057834
0.02057834
0.0205774
0.02057552
0.02057266
0.02056877
0.02056377
0.02055761
0.02055024
0.0205416
0.02053164
0.02052027
0.02050743
0.02049309
0.02047761
0.02046381
0.02048304
0.02049663
0.02051149
0.020525
0.02053694
0.02054739
0.02055644
0.0205642
0.02057082
0.02057634
0.02058077
0.02058423
0.02058683
0.0205886
0.0205895
0.0205895
0.02058861
0.02058683
0.0205841
0.02058037
0.02057558
0.02056967
0.02056257
0.02055422
0.02054457
0.02053354
0.02052104
0.02050706
0.02049191
0.02047837
0.02049635
0.02050967
0.02052419
0.02053734
0.02054891
0.020559
0.02056771
0.02057515
0.02058147
0.02058672
0.02059094
0.02059421
0.02059668
0.02059835
0.0205992
0.0205992
0.02059837
0.02059667
0.02059407
0.0205905
0.02058592
0.02058025
0.02057341
0.02056536
0.02055602
0.02054532
0.02053317
0.02051953
0.02050471
0.02049144
0.02050816
0.02052122
0.02053541
0.02054821
0.02055943
0.02056917
0.02057754
0.02058468
0.02059071
0.02059571
0.02059971
0.02060282
0.02060515
0.02060674
0.02060754
0.02060755
0.02060676
0.02060515
0.02060267
0.02059926
0.02059487
0.02058943
0.02058285
0.02057508
0.02056604
0.02055566
0.02054384
0.02053053
0.02051604
0.02050303
0.02051854
0.02053135
0.02054522
0.02055768
0.02056856
0.02057798
0.02058604
0.02059289
0.02059865
0.02060341
0.02060722
0.02061017
0.02061238
0.02061388
0.02061465
0.02061466
0.02061391
0.02061239
0.02061003
0.02060676
0.02060255
0.02059732
0.02059099
0.02058348
0.02057472
0.02056464
0.02055313
0.02054014
0.02052596
0.02051321
0.02052757
0.02054014
0.02055371
0.02056585
0.02057642
0.02058554
0.02059331
0.02059989
0.02060541
0.02060995
0.02061357
0.02061638
0.02061848
0.02061991
0.02062065
0.02062066
0.02061995
0.02061851
0.02061626
0.02061313
0.02060908
0.02060405
0.02059793
0.02059066
0.02058216
0.02057235
0.02056114
0.02054845
0.02053456
0.02052205
0.02053537
0.0205477
0.02056098
0.02057283
0.02058311
0.02059195
0.02059946
0.02060579
0.02061108
0.02061542
0.02061888
0.02062155
0.02062356
0.02062493
0.02062563
0.02062565
0.02062499
0.02062362
0.02062146
0.02061845
0.02061455
0.0206097
0.02060379
0.02059673
0.02058847
0.02057892
0.02056798
0.02055556
0.02054195
0.02052965
0.02054238
0.02055413
0.02056708
0.02057866
0.02058869
0.02059727
0.02060455
0.02061066
0.02061575
0.02061992
0.02062323
0.02062579
0.02062771
0.02062903
0.0206297
0.02062973
0.0206291
0.0206278
0.02062573
0.02062283
0.02061906
0.02061437
0.02060863
0.02060174
0.02059369
0.02058436
0.02057365
0.02056148
0.02054812
0.02053604
0.02055238
0.02056012
0.02057211
0.02058339
0.02059319
0.02060156
0.02060864
0.02061457
0.0206195
0.02062352
0.02062671
0.02062918
0.02063103
0.0206323
0.02063296
0.02063299
0.0206324
0.02063115
0.02062915
0.02062634
0.02062269
0.02061811
0.02061245
0.02060553
0.02059755
0.0205884
0.02057788
0.02056593
0.02055282
0.02054106
0.02058375
0.02056848
0.02057641
0.02058711
0.02059671
0.02060491
0.02061183
0.02061761
0.02062241
0.02062631
0.0206294
0.02063179
0.02063359
0.02063483
0.02063547
0.02063551
0.02063495
0.02063374
0.02063181
0.02062907
0.02062549
0.02062092
0.02061482
0.02060618
0.0205974
0.02058821
0.02057782
0.02056611
0.02055362
0.02054349
0.02058094
0.02057221
0.02057958
0.0205899
0.02059932
0.02060738
0.02061418
0.02061985
0.02062454
0.02062835
0.02063137
0.0206337
0.02063546
0.02063667
0.02063731
0.02063735
0.02063681
0.02063565
0.02063376
0.02063107
0.02062749
0.02062245
0.02061296
0.02059157
0.02057549
0.02056505
0.02055432
0.02054312
0.02053356
0.02053337
0.02066278
0.02059035
0.02058359
0.02059193
0.02060106
0.02060902
0.02061573
0.02062132
0.02062594
0.02062969
0.02063265
0.02063495
0.02063668
0.02063787
0.0206385
0.02063856
0.02063803
0.02063689
0.02063503
0.02063236
0.02062864
0.02062187
0.02059998
0.02052572
0.02047467
0.02045819
0.02044325
0.02043294
0.02043198
0.02046753
0.02068211
0.02059566
0.02058517
0.0205929
0.02060192
0.02060983
0.0206165
0.02062204
0.02062663
0.02063035
0.02063329
0.02063556
0.02063728
0.02063846
0.02063909
0.02063915
0.02063863
0.0206375
0.02063566
0.02063301
0.02062924
0.02062195
0.02059661
0.02050954
0.02045113
0.02043331
0.02041776
0.02040624
0.02039679
0.02039672
0.02068436
0.02059624
0.02058525
0.02059291
0.02060192
0.02060982
0.02061649
0.02062204
0.02062662
0.02063035
0.02063332
0.02063556
0.02063727
0.02063846
0.02063908
0.02063914
0.02063862
0.02063749
0.02063565
0.020633
0.02062922
0.02062184
0.02059595
0.02050705
0.0204477
0.02042969
0.02041406
0.02040208
0.02038983
0.02037991
0.02068101
0.02059463
0.02058419
0.02059197
0.02060104
0.020609
0.02061571
0.0206213
0.02062593
0.02062978
0.02063316
0.02063504
0.02063667
0.02063785
0.02063848
0.02063853
0.02063801
0.02063686
0.020635
0.02063233
0.02062853
0.02062112
0.0205952
0.02050627
0.02044688
0.02042883
0.02041314
0.02040104
0.02038827
0.02037682
0.02066019
0.02058822
0.02058163
0.02059007
0.0205993
0.02060735
0.02061415
0.02061982
0.02062462
0.02062936
0.0206366
0.02063471
0.02063554
0.02063664
0.02063727
0.02063731
0.02063677
0.0206356
0.02063371
0.020631
0.02062716
0.02061979
0.02059436
0.02050719
0.02044866
0.02043071
0.02041498
0.02040278
0.02038987
0.02037818
0.02057287
0.02056829
0.02057656
0.0205871
0.02059666
0.02060486
0.02061178
0.0206176
0.02062288
0.02063152
0.02065957
0.020637
0.02063406
0.0206348
0.02063541
0.02063544
0.02063488
0.02063368
0.02063174
0.02062897
0.02062514
0.02061823
0.0205962
0.02052178
0.02047055
0.02045386
0.02043852
0.02042625
0.02041322
0.02040141
0.02054992
0.02055983
0.02057204
0.02058332
0.02059311
0.02060148
0.02060856
0.02061449
0.02061953
0.02062447
0.02063188
0.02063012
0.02063104
0.02063221
0.02063286
0.02063288
0.02063229
0.02063104
0.02062904
0.02062623
0.0206225
0.02061728
0.02060758
0.02058597
0.02056965
0.02055894
0.02054788
0.02053591
0.02052288
0.02051082
0.02054204
0.020554
0.02056697
0.02057855
0.02058857
0.02059715
0.02060442
0.02061053
0.02061564
0.0206199
0.02062362
0.02062576
0.02062758
0.02062888
0.02062956
0.02062958
0.02062895
0.02062765
0.02062557
0.02062267
0.0206189
0.0206141
0.02060774
0.02059882
0.02058973
0.02058022
0.02056955
0.02055786
0.02054589
0.02053248
0.02053521
0.02054755
0.02056083
0.02057268
0.02058295
0.02059178
0.02059929
0.02060561
0.02061091
0.02061525
0.02061873
0.02062137
0.02062337
0.02062473
0.02062543
0.02062545
0.02062479
0.02062342
0.02062126
0.02061825
0.02061435
0.02060949
0.02060351
0.02059624
0.0205879
0.02057839
0.02056795
0.02055877
0.020556
0.02053343
0.02052738
0.02053995
0.02055351
0.02056565
0.02057622
0.02058532
0.0205931
0.02059966
0.02060518
0.02060972
0.02061333
0.02061613
0.02061823
0.02061966
0.02062039
0.0206204
0.0206197
0.02061826
0.020616
0.02061287
0.02060883
0.0206038
0.02059768
0.02059039
0.02058191
0.02057229
0.02056284
0.02056279
0.02060003
0.02053835
0.02051831
0.02053111
0.02054497
0.02055742
0.0205683
0.02057771
0.02058577
0.0205926
0.02059836
0.02060311
0.02060691
0.02060986
0.02061206
0.02061357
0.02061433
0.02061434
0.02061359
0.02061207
0.02060971
0.02060645
0.02060224
0.02059701
0.02059069
0.02058318
0.02057443
0.02056441
0.02055342
0.02054367
0.02054034
0.02051732
0.02050788
0.02052093
0.02053511
0.0205479
0.02055911
0.02056884
0.02057721
0.02058433
0.02059036
0.02059535
0.02059934
0.02060244
0.02060477
0.02060635
0.02060716
0.02060716
0.02060637
0.02060476
0.02060229
0.02059888
0.02059449
0.02058905
0.02058249
0.02057472
0.02056569
0.02055533
0.0205436
0.02053078
0.0205177
0.02050339
0.02049601
0.02050933
0.02052384
0.02053698
0.02054854
0.02055862
0.02056731
0.02057474
0.02058106
0.0205863
0.0205905
0.02059377
0.02059623
0.0205979
0.02059875
0.02059875
0.02059791
0.02059622
0.02059362
0.02059006
0.02058548
0.02057981
0.02057299
0.02056495
0.02055562
0.02054493
0.0205328
0.02051922
0.02050455
0.02049116
0.02048266
0.02049624
0.02051109
0.02052459
0.02053651
0.02054695
0.02055598
0.02056373
0.02057035
0.02057585
0.02058028
0.02058373
0.02058632
0.02058809
0.02058899
0.02058898
0.0205881
0.02058632
0.02058359
0.02057986
0.02057508
0.02056918
0.02056208
0.02055375
0.02054412
0.02053309
0.02052061
0.02050664
0.02049152
0.02047798
0.02046779
0.02048164
0.02049682
0.02051067
0.02052296
0.02053375
0.02054314
0.02055122
0.02055814
0.02056393
0.02056858
0.02057222
0.02057495
0.02057682
0.02057776
0.02057776
0.02057683
0.02057495
0.02057209
0.02056821
0.02056322
0.02055707
0.0205497
0.02054108
0.02053113
0.02051977
0.02050695
0.02049263
0.02047716
0.02046337
0.02045179
0.02046586
0.02048132
0.0204955
0.02050813
0.02051928
0.02052901
0.02053743
0.02054466
0.02055075
0.02055565
0.02055946
0.02056234
0.0205643
0.0205653
0.0205653
0.02056432
0.02056235
0.02055937
0.02055532
0.02055014
0.02054375
0.02053611
0.0205272
0.02051694
0.02050526
0.02049211
0.02047746
0.02046168
0.02044764
0.02043755
0.02045177
0.02046738
0.0204818
0.02049467
0.0205061
0.02051611
0.02052483
0.02053236
0.02053877
0.02054388
0.02054785
0.02055084
0.02055289
0.02055393
0.02055393
0.02055291
0.02055087
0.02054778
0.02054361
0.02053826
0.02053168
0.02052383
0.02051469
0.02050418
0.02049224
0.02047883
0.02046391
0.02044788
0.02043365
0.008144411
0.008182653
0.008223244
0.008260312
0.008293488
0.008322845
0.008348564
0.008370959
0.008390294
0.008406634
0.008419808
0.008430003
0.008437692
0.008442936
0.008445602
0.008445568
0.008442893
0.00843761
0.008429623
0.008418842
0.008405046
0.008388056
0.008367806
0.008344242
0.008317165
0.008286418
0.008251852
0.008213411
0.008171772
0.00813332
0.008182777
0.008220632
0.008260693
0.00829715
0.008329617
0.008358241
0.008383224
0.008404818
0.008423387
0.008438967
0.008451517
0.008461284
0.008468658
0.008473683
0.008476226
0.008476186
0.008473618
0.008468532
0.00846082
0.008450383
0.008437021
0.008420555
0.00840089
0.008377949
0.008351538
0.008321484
0.008287627
0.008249892
0.008208924
0.008171016
0.00822422
0.008261443
0.008300717
0.008336317
0.008367883
0.008395602
0.008419699
0.008440428
0.008458186
0.008473022
0.008484951
0.008494241
0.008501249
0.008506017
0.008508422
0.008508379
0.008505935
0.008501084
0.0084937
0.008483677
0.008470833
0.008454991
0.008436022
0.008413826
0.008388212
0.008358994
0.008325996
0.008289118
0.008248974
0.008211737
0.008262394
0.008298909
0.008337313
0.008371987
0.008402608
0.008429395
0.008452593
0.008472472
0.008489438
0.008503564
0.008514899
0.008523719
0.00853036
0.008534872
0.008537142
0.008537101
0.008534782
0.008530171
0.008523123
0.008513523
0.008501207
0.008485998
0.00846774
0.008446302
0.008421503
0.008393146
0.008361035
0.008325048
0.008285765
0.008249239
0.008296656
0.008332449
0.008369964
0.008403704
0.008433385
0.00845925
0.008481566
0.008500618
0.008516813
0.008530254
0.008541017
0.00854938
0.008555664
0.008559931
0.008562077
0.008562037
0.008559843
0.008555468
0.008548751
0.008539568
0.008527769
0.00851318
0.008495617
0.008474923
0.008450928
0.008423421
0.008392191
0.008357096
0.008318678
0.008282871
0.008327077
0.00836216
0.008398804
0.008431632
0.008460401
0.008485375
0.008506843
0.008525103
0.00854056
0.008553348
0.008563565
0.008571491
0.008577439
0.008581477
0.00858351
0.008583475
0.008581403
0.008577253
0.008570853
0.008562069
0.008550765
0.008536767
0.008519869
0.008499888
0.008476664
0.008449978
0.008419601
0.008385372
0.0083478
0.008312698
0.008353808
0.008388215
0.008424025
0.008455987
0.00848389
0.008508023
0.008528692
0.008546208
0.008560974
0.00857315
0.008582859
0.008590379
0.008596014
0.008599843
0.008601775
0.008601745
0.008599791
0.008595853
0.00858975
0.008581339
0.008570496
0.00855705
0.008540771
0.008521456
0.008498956
0.008473043
0.008443474
0.008410067
0.008373303
0.00833888
0.008377045
0.008410814
0.008445843
0.008476997
0.008504096
0.00852745
0.00854738
0.00856421
0.008578343
0.008589957
0.0085992
0.008606349
0.008611702
0.008615345
0.008617188
0.008617166
0.008615322
0.008611581
0.00860575
0.00859768
0.008587257
0.008574314
0.0085586
0.008539896
0.008518062
0.008492863
0.008464042
0.008431401
0.008395395
0.008361608
0.008397144
0.00843026
0.008464551
0.00849495
0.008521302
0.008543933
0.008563181
0.008579378
0.008592932
0.008604032
0.008612852
0.008619665
0.008624766
0.008628245
0.008630009
0.008629998
0.008628258
0.0086247
0.008619118
0.00861136
0.008601322
0.008588836
0.008573638
0.008555492
0.008534272
0.008509735
0.00848161
0.008449683
0.008414381
0.00838119
0.008415177
0.008446788
0.00848024
0.008509947
0.008535633
0.008557623
0.008576265
0.008591902
0.008604945
0.008615593
0.008624041
0.008630561
0.008635445
0.008638786
0.008640484
0.008640488
0.008638841
0.008635447
0.008630086
0.008622601
0.008612899
0.008600813
0.008586059
0.008568378
0.008547687
0.008523731
0.008496221
0.008464928
0.008430261
0.008397624
0.008442633
0.00846217
0.008493143
0.008522097
0.008547213
0.008568666
0.008586802
0.008601972
0.008614587
0.00862486
0.008632998
0.008639276
0.008643984
0.008647213
0.008648859
0.008648879
0.008647314
0.00864406
0.008638885
0.008631627
0.0086222
0.008610424
0.008595939
0.008578324
0.008557908
0.008534401
0.008507394
0.00847664
0.008442583
0.008410666
0.008556581
0.008485018
0.008504137
0.008531652
0.008556252
0.00857727
0.008594997
0.008609791
0.008622063
0.008632038
0.008639927
0.008646016
0.008650584
0.008653724
0.008655335
0.008655375
0.008653879
0.008650739
0.008645714
0.008638634
0.008629405
0.008617737
0.008602596
0.008581878
0.00855988
0.008536395
0.008509677
0.008479457
0.008446621
0.008417816
0.00850874
0.00849012
0.008511778
0.008538756
0.008562956
0.00858363
0.008601039
0.008615542
0.008627549
0.008637294
0.008644993
0.008650934
0.0086554
0.008658477
0.008660063
0.00866012
0.008658679
0.008655627
0.008650719
0.00864377
0.008634605
0.008622195
0.008600835
0.008553486
0.008514197
0.008487923
0.008459432
0.008430041
0.008402751
0.008395119
0.008749469
0.00853199
0.008520799
0.008543811
0.008567423
0.008587836
0.008605023
0.008619324
0.008631149
0.008640738
0.008648307
0.008654146
0.008658543
0.008661577
0.008663148
0.008663219
0.008661816
0.008658826
0.008653997
0.008647117
0.008637742
0.00862218
0.008575075
0.008389773
0.008245242
0.008202791
0.008148776
0.008119928
0.008111205
0.008203429
0.00879342
0.008543043
0.008524382
0.008546264
0.008569647
0.008589931
0.008607005
0.008621201
0.008632931
0.008642439
0.008649943
0.008655727
0.008660087
0.008663099
0.008664664
0.008664743
0.00866336
0.008660401
0.008655613
0.008648773
0.008639355
0.008622925
0.008569456
0.008357363
0.008195362
0.008149908
0.008093612
0.008062407
0.008035369
0.00802804
0.008797815
0.008544075
0.00852452
0.008546266
0.008569634
0.008589917
0.008606991
0.008621187
0.008632918
0.008642442
0.008650013
0.008655728
0.008660072
0.008663081
0.008664645
0.008664723
0.008663339
0.00866038
0.008655591
0.008648748
0.008639312
0.008622731
0.008568323
0.008352834
0.008188909
0.008143086
0.008086577
0.00805459
0.008022319
0.007994095
0.008790586
0.008540383
0.008521865
0.00854388
0.008567389
0.008587794
0.008604981
0.008619283
0.008631134
0.008640958
0.008649586
0.008654363
0.008658521
0.008661525
0.008663091
0.00866316
0.008661755
0.008658763
0.008653931
0.008647039
0.008637542
0.008620888
0.008566399
0.008350824
0.008186799
0.008140867
0.008084226
0.008051985
0.008018781
0.007987683
0.008742793
0.008526523
0.00851577
0.008539051
0.008562909
0.008583556
0.008600963
0.008615483
0.008627734
0.008639828
0.008659797
0.008653465
0.008655577
0.008658403
0.008659967
0.00866002
0.008658575
0.008655521
0.008650607
0.008643618
0.008634022
0.00861738
0.008563677
0.00835133
0.008189041
0.00814326
0.008086525
0.008054051
0.008020526
0.007988948
0.008486113
0.008480013
0.008504045
0.008531573
0.008556135
0.008577146
0.008594875
0.008609752
0.008623258
0.008646789
0.00874567
0.008660764
0.008651768
0.008653666
0.008655187
0.008655218
0.008653717
0.008650574
0.008645543
0.008638423
0.008628762
0.008612862
0.008565379
0.008379667
0.008234672
0.008191688
0.008136813
0.008104283
0.008070453
0.00803856
0.008432832
0.008460916
0.00849291
0.008521905
0.008547014
0.008568462
0.008586594
0.008601778
0.008614635
0.008627253
0.008647657
0.008641661
0.008644014
0.008646992
0.008648615
0.00864863
0.008647061
0.008643804
0.008638624
0.008631352
0.008621803
0.008608934
0.008587057
0.008539145
0.008499231
0.008472272
0.008442977
0.008412082
0.008378171
0.00834572
0.008414132
0.008446417
0.008479958
0.008509663
0.008535342
0.008557325
0.008575959
0.008591591
0.008604654
0.008615532
0.008625035
0.008630487
0.008635128
0.008638437
0.008640127
0.008640127
0.008638477
0.00863508
0.008629717
0.008622228
0.008612506
0.008600251
0.008584449
0.008563011
0.008540221
0.008515891
0.008488388
0.008457953
0.008426119
0.008390787
0.008396745
0.008429893
0.008464181
0.00849457
0.008520912
0.008543533
0.00856277
0.008578957
0.008592503
0.008603611
0.008612493
0.008619226
0.008624303
0.008627774
0.008629532
0.008629518
0.008627775
0.008624214
0.008618632
0.008610874
0.008600835
0.008588334
0.008573028
0.008554524
0.008533138
0.008508671
0.008481465
0.008456005
0.008446317
0.00838855
0.008376587
0.008410348
0.008445365
0.008476505
0.008503591
0.008526931
0.008546846
0.008563662
0.008577782
0.008589384
0.00859862
0.008605754
0.008611098
0.008614734
0.008616571
0.008616545
0.008614699
0.008610957
0.008605127
0.00859706
0.008586642
0.008573703
0.008557988
0.008539266
0.008517457
0.008492596
0.008467275
0.008463812
0.008584686
0.008397875
0.008353229
0.008387624
0.008423418
0.008455362
0.008483247
0.008507362
0.008528012
0.008545509
0.008560259
0.008572419
0.008582113
0.008589619
0.008595244
0.008599065
0.008600992
0.008600959
0.008599003
0.008595066
0.008588966
0.008580561
0.008569725
0.008556289
0.008540022
0.00852072
0.008498244
0.008472446
0.008443812
0.008416882
0.008405742
0.008346751
0.008326377
0.008361443
0.008398065
0.008430872
0.008459618
0.008484569
0.008506014
0.008524252
0.008539688
0.008552457
0.008562656
0.008570567
0.008576502
0.008580532
0.008582559
0.008582521
0.008580449
0.008576301
0.008569907
0.008561131
0.008549838
0.008535854
0.008518972
0.008499009
0.008475807
0.00844916
0.008418946
0.008385607
0.008350894
0.008313136
0.008295835
0.008331607
0.008369097
0.008402811
0.008432465
0.008458303
0.008480592
0.008499619
0.00851579
0.008529209
0.008539951
0.008548296
0.008554566
0.008558825
0.008560964
0.008560922
0.008558728
0.008554356
0.008547647
0.008538475
0.00852669
0.008512118
0.008494575
0.008473903
0.008449933
0.008422455
0.008391269
0.008356289
0.008318152
0.008282135
0.008261452
0.008297946
0.008336321
0.008370965
0.008401556
0.008428313
0.008451481
0.008471331
0.00848827
0.008502373
0.008513685
0.008522485
0.00852911
0.008533612
0.008535876
0.008535832
0.008533515
0.008528908
0.00852187
0.008512284
0.008499984
0.008484795
0.008466559
0.008445147
0.008420377
0.00839205
0.008359972
0.008324025
0.008284794
0.008248278
0.008223163
0.008260365
0.008299605
0.008335174
0.008366705
0.008394393
0.008418458
0.008439155
0.008456885
0.008471698
0.0084836
0.008492867
0.008499858
0.008504614
0.008507013
0.008506968
0.008504525
0.008499681
0.008492308
0.0084823
0.008469475
0.008453655
0.008434711
0.008412544
0.008386961
0.008357777
0.008324814
0.008287972
0.008247865
0.008210658
0.008181626
0.008219468
0.008259465
0.008295901
0.008328321
0.008356923
0.00838187
0.008403431
0.008421966
0.008437543
0.008450051
0.008459785
0.008467139
0.008472151
0.008474688
0.008474645
0.00847208
0.008467001
0.0084593
0.00844888
0.00843554
0.008419098
0.00839946
0.00837655
0.008350173
0.008320155
0.008286336
0.00824864
0.008207711
0.008169836
0.008143203
0.00818148
0.008221905
0.008259007
0.008292089
0.008321463
0.008347136
0.008369502
0.008388788
0.008405205
0.008418281
0.008428419
0.00843608
0.00844131
0.008443969
0.008443932
0.00844126
0.008435984
0.008428009
0.008417246
0.008403474
0.00838651
0.008366289
0.008342756
0.008315715
0.008285007
0.008250482
0.008212081
0.008170483
0.00813207
0.005012826
0.005123642
0.005235339
0.005336638
0.005427231
0.005507356
0.005577492
0.005638488
0.00569115
0.005735635
0.005771419
0.005799059
0.005819954
0.005834209
0.005841415
0.005841198
0.005833764
0.005819224
0.005797302
0.005767781
0.005730013
0.005683495
0.005628076
0.005563641
0.005489608
0.005405551
0.005311063
0.005205898
0.005091073
0.004979283
0.005124374
0.005233958
0.005344036
0.005443517
0.005532032
0.005610035
0.005678068
0.005736786
0.005787305
0.005829658
0.005863695
0.00589014
0.005910137
0.00592376
0.005930608
0.005930375
0.005923255
0.005909286
0.005888156
0.005859622
0.005823106
0.005778104
0.005724373
0.005661734
0.00558962
0.005507562
0.005415117
0.005311982
0.005199096
0.005088933
0.005238715
0.005346413
0.005454258
0.005551335
0.005637348
0.005712853
0.005778457
0.005834821
0.005883145
0.005923491
0.005955855
0.005981011
0.006000002
0.006012918
0.006019382
0.006019144
0.006012365
0.005999046
0.005978821
0.00595142
0.005916328
0.005873048
0.005821239
0.005760649
0.00569073
0.005610976
0.005520895
0.005420122
0.00530951
0.005201288
0.005343224
0.005448861
0.005554284
0.005648808
0.00573223
0.005805183
0.005868332
0.005922384
0.005968547
0.006006961
0.006037714
0.006061591
0.006079578
0.006091795
0.006097885
0.006097651
0.006091214
0.006078552
0.006059246
0.006032997
0.005999346
0.005957804
0.005907942
0.005849422
0.005781735
0.005704337
0.005616684
0.005518351
0.005410109
0.005303932
0.00543696
0.005540503
0.005643467
0.005735428
0.005816275
0.005886707
0.005947443
0.005999244
0.006043299
0.006079841
0.006109031
0.006131664
0.006148677
0.006160222
0.006165969
0.006165739
0.006159641
0.006147621
0.006129217
0.0061041
0.006071859
0.006032014
0.005984057
0.005927567
0.005862077
0.005787007
0.005701765
0.005605869
0.00550001
0.005395903
0.005520202
0.005621688
0.005722241
0.005811703
0.005890052
0.005958049
0.006016468
0.006066108
0.006108144
0.0061429
0.006170601
0.006192047
0.006208137
0.006219054
0.006224491
0.006224267
0.006218501
0.006207094
0.006189552
0.006165518
0.006134623
0.006096396
0.006050257
0.005995709
0.005932328
0.005859503
0.005776595
0.00568307
0.005579541
0.00547747
0.005593361
0.005692885
0.005791135
0.00587822
0.005954202
0.006019901
0.006076138
0.006123748
0.006163897
0.006196981
0.006223297
0.006243632
0.006258869
0.006269211
0.006274372
0.006274157
0.006268707
0.006257874
0.006241136
0.006218112
0.006188469
0.006151747
0.0061073
0.006054568
0.005993165
0.005922454
0.005841756
0.005750484
0.005649181
0.005549063
0.005656947
0.005754626
0.005850722
0.005935594
0.006009382
0.006072955
0.006127178
0.006172917
0.006211341
0.00624289
0.006267941
0.006287266
0.006301736
0.006311568
0.006316482
0.006316282
0.006311127
0.006300823
0.006284817
0.006262711
0.006234208
0.006198855
0.006155947
0.006104875
0.00604529
0.005976527
0.005897871
0.005808694
0.005709477
0.005611196
0.005711937
0.005807786
0.005901852
0.005984656
0.006056395
0.00611799
0.006170348
0.006214364
0.006251207
0.006281351
0.006305249
0.00632366
0.006337441
0.006346826
0.00635152
0.006351344
0.006346467
0.006336653
0.006321319
0.006300051
0.006272589
0.006238482
0.006196982
0.006147434
0.006089529
0.006022581
0.005945834
0.005858614
0.005761338
0.005664777
0.00576057
0.005852805
0.005944712
0.006025638
0.006095556
0.006155397
0.006206099
0.006248587
0.006284032
0.006312943
0.006335829
0.006353445
0.006366634
0.006375645
0.006380154
0.00638001
0.006375382
0.006366005
0.00635126
0.006330725
0.006304172
0.006271153
0.006230879
0.006182637
0.006126194
0.00606084
0.005985779
0.005900298
0.005804767
0.005709775
0.005832927
0.005893473
0.005979781
0.006058809
0.006127185
0.006185561
0.006234885
0.006276104
0.006310386
0.006338274
0.006360321
0.006377285
0.006389996
0.006398701
0.006403063
0.006402957
0.006398541
0.006389539
0.006375287
0.006355355
0.006329543
0.006297388
0.006257975
0.006210318
0.006154815
0.006090725
0.006017042
0.005933017
0.005839049
0.00574575
0.006279198
0.005953533
0.006009079
0.006084834
0.006151869
0.006209064
0.006257278
0.006297475
0.006330826
0.006357907
0.006379279
0.006395733
0.006408063
0.006416525
0.006420785
0.006420727
0.006416491
0.006407789
0.00639394
0.006374483
0.006349221
0.006317545
0.006277491
0.006225116
0.006167138
0.006103471
0.006030562
0.005947814
0.005856201
0.005768433
0.005980618
0.005959858
0.006029164
0.006104156
0.006170182
0.006226449
0.006273796
0.0063132
0.006345828
0.006372289
0.006393146
0.0064092
0.006421255
0.006429541
0.006433733
0.006433717
0.006429621
0.00642115
0.006407609
0.006388515
0.006363548
0.00633099
0.00628104
0.006178312
0.006084095
0.006015259
0.005935597
0.005851892
0.005769752
0.00572339
0.006769729
0.006051074
0.006049721
0.006117542
0.006182359
0.006237946
0.006284689
0.006323545
0.006355678
0.006381716
0.00640222
0.006417995
0.006429864
0.006438035
0.006442184
0.006442202
0.006438205
0.006429894
0.006416564
0.006397686
0.00637254
0.006335018
0.006236451
0.005748599
0.005326588
0.005219129
0.004991543
0.004904893
0.004859638
0.005121905
0.006862624
0.006072852
0.006058233
0.006124114
0.006188432
0.006243677
0.006290112
0.006328683
0.006360555
0.006386374
0.006406699
0.006422324
0.006434098
0.006442211
0.00644634
0.006446378
0.006442433
0.006434203
0.006420981
0.006402217
0.006377085
0.006338339
0.006229483
0.005690851
0.005232124
0.00511894
0.004883607
0.004792899
0.004711448
0.004665985
0.006870213
0.006074466
0.006058422
0.006124102
0.006188399
0.006243642
0.006290076
0.006328646
0.006360521
0.006386367
0.006406818
0.006422315
0.006434057
0.006442165
0.006446291
0.006446327
0.00644238
0.006434148
0.006420924
0.006402156
0.006376998
0.006338033
0.006227755
0.005683576
0.005221428
0.005107614
0.004871808
0.0047799
0.004689836
0.004603777
0.006854915
0.006065589
0.006051354
0.006117599
0.006182264
0.006237839
0.006284581
0.006323439
0.006355619
0.006382097
0.00640479
0.006418368
0.006429788
0.006437903
0.006442041
0.006442053
0.006438051
0.006429735
0.006416399
0.0063975
0.006372177
0.006333015
0.006222517
0.005678099
0.005215682
0.005101565
0.004865417
0.004772982
0.004681347
0.004590437
0.006752261
0.006036313
0.006036005
0.006104546
0.006170034
0.00622626
0.006273604
0.006313038
0.006346125
0.006377394
0.006428253
0.006414299
0.006421531
0.006429346
0.006433494
0.006433466
0.006429362
0.006420884
0.006407331
0.006388175
0.006362562
0.006323243
0.006213747
0.005674423
0.005214909
0.00510084
0.004864427
0.004771381
0.004678976
0.004587064
0.005924127
0.005933666
0.006008229
0.006084565
0.006151568
0.006208753
0.00625697
0.006297321
0.006333185
0.006392881
0.006748956
0.006430707
0.0064104
0.006416327
0.006420415
0.006420337
0.00641609
0.006407379
0.006393516
0.006373995
0.006348086
0.006309648
0.006210053
0.005721091
0.005297814
0.005188923
0.004959387
0.004868475
0.004775226
0.004682455
0.005804165
0.00589011
0.005979144
0.006058313
0.00612668
0.006185046
0.00623436
0.0062756
0.006310332
0.00634302
0.006395058
0.006382013
0.0063899
0.006398131
0.006402447
0.006402328
0.006397903
0.006388892
0.006374629
0.006354672
0.006328681
0.006294884
0.006243532
0.006139274
0.00604335
0.005972648
0.005890913
0.005806363
0.00571264
0.005618521
0.005758017
0.005851871
0.005943989
0.006024912
0.006094813
0.006154636
0.006205319
0.006247793
0.00628327
0.006312607
0.00633767
0.006353077
0.006365807
0.006374756
0.006379247
0.006379093
0.006374455
0.006365072
0.006350321
0.006329778
0.006303195
0.006269932
0.006228082
0.006173751
0.006113609
0.006047616
0.00597241
0.005888285
0.005797775
0.005697989
0.005710936
0.005806851
0.005900907
0.005983686
0.0060554
0.006116969
0.006169299
0.006213289
0.00625011
0.006280262
0.006304272
0.006322528
0.006336261
0.006345628
0.006350308
0.00635012
0.006345237
0.006335417
0.00632008
0.006298811
0.00627135
0.006237223
0.006195573
0.006145492
0.006087324
0.006020486
0.005945196
0.005869289
0.005826701
0.005677114
0.00565578
0.005753436
0.0058495
0.005934338
0.006008091
0.006071628
0.006125814
0.006171517
0.006209907
0.006241427
0.006266456
0.006285747
0.006300193
0.006310009
0.006314909
0.006314699
0.006309539
0.006299233
0.006283229
0.006261129
0.006232636
0.006197296
0.006154395
0.006103309
0.006043771
0.005975553
0.005902973
0.005874672
0.006295156
0.005683853
0.005591876
0.00569137
0.005789578
0.005876617
0.005952552
0.006018204
0.006074393
0.006121955
0.00616206
0.006195104
0.006221383
0.006241684
0.006256895
0.006267218
0.006272365
0.006272141
0.006266688
0.006255856
0.006239126
0.006216116
0.006186493
0.006149795
0.006105377
0.006052681
0.005991331
0.005920809
0.005841608
0.005761674
0.005715082
0.005561962
0.005518408
0.005619846
0.005720344
0.005809749
0.00588804
0.005955979
0.006014338
0.00606392
0.006105903
0.006140611
0.006168266
0.006189671
0.006205731
0.006216627
0.00622205
0.006221818
0.006216051
0.006204649
0.006187121
0.006163109
0.006132242
0.006094048
0.006047949
0.005993449
0.005930124
0.005857379
0.005774739
0.00568265
0.0055842
0.005477406
0.005434857
0.00553834
0.005641238
0.005733132
0.005813909
0.005884272
0.005944939
0.005996673
0.006040666
0.006077152
0.00610629
0.006128877
0.006145855
0.006157377
0.006163109
0.006162872
0.006156775
0.006144765
0.00612638
0.006101291
0.006069086
0.006029284
0.005981376
0.005924943
0.005859517
0.005784518
0.005699369
0.005603678
0.005498296
0.00539388
0.005340806
0.005446384
0.005551733
0.005646181
0.005729524
0.005802399
0.00586547
0.005919447
0.005965542
0.006003894
0.006034587
0.006058414
0.006076362
0.006088553
0.006094629
0.006094388
0.006087954
0.006075305
0.006056023
0.006029808
0.0059962
0.005954709
0.005904903
0.00584645
0.005778836
0.005701516
0.005613945
0.005515706
0.005407577
0.005301449
0.005236
0.005343641
0.005451399
0.005548394
0.005634316
0.00570974
0.00577526
0.005831542
0.005879791
0.005920075
0.005952372
0.00597747
0.005996418
0.006009307
0.006015755
0.006015511
0.006008736
0.005995433
0.005975236
0.005947874
0.005912832
0.005869609
0.005817864
0.005757347
0.005687509
0.005607842
0.00551785
0.00541717
0.005306652
0.005198512
0.00512141
0.005230952
0.005340875
0.005440297
0.00552869
0.00560663
0.005674571
0.005733203
0.005783635
0.005825969
0.005859905
0.005886272
0.005906219
0.005919811
0.005926642
0.005926404
0.005919288
0.005905339
0.005884239
0.005855749
0.005819288
0.005774349
0.005720688
0.005658128
0.005586101
0.005504137
0.005411789
0.005308754
0.005195968
0.005085896
0.005009687
0.005120618
0.005231838
0.005333265
0.005423583
0.005503771
0.005573775
0.005634701
0.005687214
0.005731921
0.005767432
0.00579494
0.005815771
0.005829991
0.005837179
0.005836957
0.005829529
0.005815009
0.005793117
0.005763643
0.005725937
0.005679487
0.005624142
0.005559786
0.005485845
0.005401891
0.005307505
0.005202445
0.005087725
0.004976035
)
;

boundaryField
{
    fmaxY
    {
        type            calculated;
        value           nonuniform List<scalar> 
90
(
0.02043755
0.008143203
0.005009687
0.02045177
0.00818148
0.005120618
0.02046738
0.008221905
0.005231838
0.0204818
0.008259007
0.005333265
0.02049467
0.008292089
0.005423583
0.0205061
0.008321463
0.005503771
0.02051611
0.008347136
0.005573775
0.02052483
0.008369502
0.005634701
0.02053236
0.008388788
0.005687214
0.02053877
0.008405205
0.005731921
0.02054388
0.008418281
0.005767432
0.02054785
0.008428419
0.00579494
0.02055084
0.00843608
0.005815771
0.02055289
0.00844131
0.005829991
0.02055393
0.008443969
0.005837179
0.02055393
0.008443932
0.005836957
0.02055291
0.00844126
0.005829529
0.02055087
0.008435984
0.005815009
0.02054778
0.008428009
0.005793117
0.02054361
0.008417246
0.005763643
0.02053826
0.008403474
0.005725937
0.02053168
0.00838651
0.005679487
0.02052383
0.008366289
0.005624142
0.02051469
0.008342756
0.005559786
0.02050418
0.008315715
0.005485845
0.02049224
0.008285007
0.005401891
0.02047883
0.008250482
0.005307505
0.02046391
0.008212081
0.005202445
0.02044788
0.008170483
0.005087725
0.02043365
0.00813207
0.004976035
)
;
    }
    fminX
    {
        type            calculated;
        value           nonuniform List<scalar> 
90
(
0.02043805
0.02045226
0.02046822
0.02048304
0.02049635
0.02050816
0.02051854
0.02052757
0.02053537
0.02054238
0.02055238
0.02058375
0.02058094
0.02066278
0.02068211
0.02068436
0.02068101
0.02066019
0.02057287
0.02054992
0.02054204
0.02053521
0.02052738
0.02051831
0.02050788
0.02049601
0.02048266
0.02046779
0.02045179
0.02043755
0.008144411
0.008182777
0.00822422
0.008262394
0.008296656
0.008327077
0.008353808
0.008377045
0.008397144
0.008415177
0.008442633
0.008556581
0.00850874
0.008749469
0.00879342
0.008797815
0.008790586
0.008742793
0.008486113
0.008432832
0.008414132
0.008396745
0.008376587
0.008353229
0.008326377
0.008295835
0.008261452
0.008223163
0.008181626
0.008143203
0.005012826
0.005124374
0.005238715
0.005343224
0.00543696
0.005520202
0.005593361
0.005656947
0.005711937
0.00576057
0.005832927
0.006279198
0.005980618
0.006769729
0.006862624
0.006870213
0.006854915
0.006752261
0.005924127
0.005804165
0.005758017
0.005710936
0.00565578
0.005591876
0.005518408
0.005434857
0.005340806
0.005236
0.00512141
0.005009687
)
;
    }
    fmaxX
    {
        type            calculated;
        value           nonuniform List<scalar> 
90
(
0.02043416
0.02044812
0.02046381
0.02047837
0.02049144
0.02050303
0.02051321
0.02052205
0.02052965
0.02053604
0.02054106
0.02054349
0.02053337
0.02046753
0.02039672
0.02037991
0.02037682
0.02037818
0.02040141
0.02051082
0.02053248
0.02053343
0.02053835
0.02051732
0.02050339
0.02049116
0.02047798
0.02046337
0.02044764
0.02043365
0.00813332
0.008171016
0.008211737
0.008249239
0.008282871
0.008312698
0.00833888
0.008361608
0.00838119
0.008397624
0.008410666
0.008417816
0.008395119
0.008203429
0.00802804
0.007994095
0.007987683
0.007988948
0.00803856
0.00834572
0.008390787
0.00838855
0.008397875
0.008346751
0.008313136
0.008282135
0.008248278
0.008210658
0.008169836
0.00813207
0.004979283
0.005088933
0.005201288
0.005303932
0.005395903
0.00547747
0.005549063
0.005611196
0.005664777
0.005709775
0.00574575
0.005768433
0.00572339
0.005121905
0.004665985
0.004603777
0.004590437
0.004587064
0.004682455
0.005618521
0.005697989
0.005677114
0.005683853
0.005561962
0.005477406
0.00539388
0.005301449
0.005198512
0.005085896
0.004976035
)
;
    }
    fminY
    {
        type            calculated;
        value           nonuniform List<scalar> 
90
(
0.02043805
0.008144411
0.005012826
0.02045226
0.008182653
0.005123642
0.02046793
0.008223244
0.005235339
0.02048234
0.008260312
0.005336638
0.02049524
0.008293488
0.005427231
0.02050667
0.008322845
0.005507356
0.02051669
0.008348564
0.005577492
0.02052542
0.008370959
0.005638488
0.02053297
0.008390294
0.00569115
0.02053935
0.008406634
0.005735635
0.0205445
0.008419808
0.005771419
0.0205485
0.008430003
0.005799059
0.0205515
0.008437692
0.005819954
0.02055355
0.008442936
0.005834209
0.0205546
0.008445602
0.005841415
0.0205546
0.008445568
0.005841198
0.02055358
0.008442893
0.005833764
0.02055154
0.00843761
0.005819224
0.02054845
0.008429623
0.005797302
0.02054426
0.008418842
0.005767781
0.02053891
0.008405046
0.005730013
0.02053231
0.008388056
0.005683495
0.02052445
0.008367806
0.005628076
0.02051529
0.008344242
0.005563641
0.02050477
0.008317165
0.005489608
0.02049282
0.008286418
0.005405551
0.02047939
0.008251852
0.005311063
0.02046446
0.008213411
0.005205898
0.02044841
0.008171772
0.005091073
0.02043416
0.00813332
0.004979283
)
;
    }
    fminZ
    {
        type            calculated;
        value           nonuniform List<scalar> 
900
(
0.0354948
0.0355083
0.03552348
0.03553756
0.03555021
0.03556144
0.03557131
0.03557989
0.0355873
0.03559396
0.03560347
0.03563328
0.03563062
0.0357084
0.03572678
0.03572891
0.03572573
0.03570594
0.03562294
0.03560113
0.03559364
0.03558715
0.03557971
0.03557108
0.03556117
0.03554989
0.0355372
0.03552307
0.03550786
0.03549432
0.0355083
0.03552168
0.03553664
0.03555048
0.03556287
0.03557386
0.03558348
0.03559184
0.03559902
0.03560513
0.03561083
0.03561877
0.03562232
0.03563956
0.03564461
0.03564516
0.03564363
0.03563753
0.03561859
0.03561055
0.03560501
0.03559888
0.03559165
0.03558325
0.03557358
0.03556255
0.03555011
0.03553623
0.03552123
0.03550784
0.0355232
0.03553641
0.03555109
0.03556461
0.03557668
0.03558734
0.03559666
0.03560473
0.03561164
0.03561744
0.03562222
0.03562631
0.03562932
0.03563313
0.03563464
0.03563471
0.03563371
0.03563127
0.03562646
0.03562216
0.03561734
0.0356115
0.03560455
0.03559643
0.03558705
0.03557634
0.03556422
0.03555066
0.03553593
0.03552268
0.03553689
0.03554989
0.03556427
0.03557745
0.03558917
0.0355995
0.03560851
0.03561628
0.03562291
0.03562845
0.03563295
0.03563648
0.03563913
0.03564106
0.03564198
0.03564199
0.0356411
0.0356393
0.03563647
0.03563287
0.03562834
0.03562276
0.03561608
0.03560826
0.03559921
0.03558883
0.03557705
0.03556382
0.03554941
0.03553638
0.03554916
0.03556191
0.03557596
0.03558879
0.03560017
0.03561017
0.03561885
0.03562632
0.03563268
0.03563798
0.03564226
0.0356456
0.03564808
0.03564974
0.03565056
0.03565055
0.03564972
0.03564807
0.03564556
0.03564218
0.03563786
0.03563253
0.03562613
0.0356186
0.03560986
0.03559982
0.03558839
0.0355755
0.03556141
0.03554862
0.03556002
0.03557252
0.03558623
0.03559872
0.03560976
0.03561942
0.0356278
0.03563498
0.03564108
0.03564614
0.03565022
0.0356534
0.03565575
0.0356573
0.03565808
0.03565807
0.03565729
0.03565572
0.03565335
0.03565014
0.03564602
0.03564092
0.03563478
0.03562754
0.03561911
0.0356094
0.0355983
0.03558577
0.03557201
0.03555948
0.03556954
0.03558178
0.03559517
0.03560732
0.03561804
0.03562739
0.03563547
0.03564238
0.03564822
0.03565305
0.03565695
0.03565998
0.03566221
0.03566368
0.03566441
0.03566441
0.03566366
0.03566218
0.03565993
0.03565687
0.03565293
0.03564806
0.03564217
0.0356352
0.03562707
0.03561766
0.03560689
0.03559469
0.03558125
0.03556899
0.03557785
0.03558979
0.03560286
0.0356147
0.03562511
0.03563417
0.03564197
0.03564863
0.03565423
0.03565886
0.03566258
0.03566547
0.0356676
0.03566899
0.03566969
0.03566968
0.03566898
0.03566757
0.03566546
0.03566251
0.03565874
0.03565407
0.03564841
0.0356417
0.03563384
0.03562472
0.03561426
0.03560237
0.03558926
0.03557728
0.03558502
0.03559668
0.03560945
0.035621
0.03563112
0.0356399
0.03564745
0.03565387
0.03565927
0.03566371
0.03566727
0.03567003
0.03567206
0.03567339
0.03567404
0.03567404
0.03567338
0.03567213
0.03567048
0.03566729
0.03566359
0.0356591
0.03565366
0.03564717
0.03563957
0.03563073
0.03562055
0.03560895
0.03559613
0.03558444
0.03559108
0.03560247
0.03561496
0.03562624
0.03563611
0.03564465
0.03565198
0.03565819
0.03566339
0.03566766
0.03567109
0.03567374
0.03567568
0.03567695
0.03567758
0.03567758
0.03567704
0.03567664
0.03567869
0.03567199
0.03566765
0.03566323
0.03565797
0.03565169
0.03564431
0.03563571
0.03562578
0.03561444
0.03560192
0.03559053
0.03559598
0.03560714
0.03561939
0.03563046
0.03564012
0.03564845
0.03565559
0.03566163
0.03566668
0.03567081
0.03567412
0.03567668
0.03567855
0.03567977
0.03568037
0.0356804
0.03568025
0.03568352
0.03570536
0.03567904
0.03567118
0.03566654
0.0356614
0.0356553
0.0356481
0.0356397
0.03562999
0.03561887
0.03560657
0.03559539
0.03559978
0.03561078
0.03562285
0.03563374
0.03564323
0.03565141
0.03565839
0.0356643
0.03566922
0.03567324
0.03567646
0.03567895
0.03568076
0.03568195
0.03568253
0.03568253
0.03568204
0.03568172
0.0356839
0.03567736
0.03567322
0.03566905
0.03566407
0.0356581
0.03565105
0.03564281
0.03563327
0.03562232
0.0356102
0.03559916
0.03560263
0.03561352
0.03562546
0.03563622
0.03564557
0.03565363
0.0356605
0.0356663
0.03567112
0.03567507
0.03567822
0.03568066
0.03568243
0.03568359
0.03568416
0.03568416
0.03568359
0.03568251
0.0356811
0.03567824
0.03567495
0.03567094
0.03566606
0.0356602
0.03565326
0.03564515
0.03563573
0.03562492
0.03561293
0.03560201
0.03560458
0.03561539
0.03562724
0.0356379
0.03564717
0.03565514
0.03566193
0.03566766
0.03567243
0.03567632
0.03567943
0.03568183
0.03568359
0.03568473
0.03568529
0.03568528
0.03568471
0.03568356
0.03568181
0.03567934
0.03567618
0.03567224
0.03566742
0.03566163
0.03565477
0.03564674
0.03563741
0.0356267
0.0356148
0.03560395
0.03560558
0.03561634
0.03562814
0.03563875
0.03564797
0.0356559
0.03566266
0.03566835
0.03567309
0.03567696
0.03568006
0.03568245
0.03568419
0.03568533
0.03568589
0.03568588
0.03568531
0.03568415
0.03568239
0.03567996
0.03567682
0.03567291
0.03566811
0.03566235
0.03565553
0.03564754
0.03563826
0.0356276
0.03561575
0.03560494
0.03560558
0.03561635
0.03562814
0.03563875
0.03564798
0.03565591
0.03566266
0.03566836
0.03567311
0.03567699
0.03568009
0.03568248
0.03568424
0.03568538
0.03568594
0.03568593
0.03568536
0.0356842
0.03568242
0.03567999
0.03567684
0.03567292
0.03566812
0.03566236
0.03565554
0.03564754
0.03563826
0.0356276
0.03561575
0.03560495
0.03560461
0.03561541
0.03562725
0.03563791
0.03564718
0.03565515
0.03566195
0.0356677
0.03567248
0.03567639
0.03567952
0.03568195
0.03568372
0.03568488
0.03568545
0.03568544
0.03568486
0.03568368
0.03568189
0.03567943
0.03567625
0.03567229
0.03566745
0.03566165
0.03565478
0.03564675
0.03563742
0.03562671
0.03561481
0.03560397
0.03560267
0.03561354
0.03562547
0.03563621
0.03564557
0.03565363
0.03566051
0.03566633
0.03567118
0.03567515
0.03567834
0.03568081
0.03568261
0.03568379
0.03568438
0.03568437
0.03568377
0.03568257
0.03568074
0.03567824
0.03567501
0.03567099
0.03566608
0.0356602
0.03565326
0.03564514
0.03563572
0.03562492
0.03561295
0.03560204
0.03559973
0.0356107
0.03562275
0.03563362
0.03564309
0.03565127
0.03565826
0.03566418
0.03566913
0.03567318
0.03567644
0.03567897
0.03568082
0.03568203
0.03568262
0.03568262
0.035682
0.03568077
0.0356789
0.03567634
0.03567304
0.03566894
0.03566394
0.03565796
0.0356509
0.03564267
0.03563313
0.03562221
0.03561011
0.0355991
0.03559575
0.03560684
0.03561904
0.03563007
0.03563971
0.03564803
0.03565516
0.03566121
0.03566627
0.03567043
0.03567377
0.03567636
0.03567826
0.03567949
0.0356801
0.03568009
0.03567946
0.03567819
0.03567627
0.03567366
0.03567028
0.03566608
0.03566097
0.03565486
0.03564767
0.03563928
0.03562959
0.03561851
0.03560626
0.03559513
0.03559066
0.03560191
0.0356143
0.03562552
0.03563535
0.03564386
0.03565116
0.03565736
0.03566257
0.03566685
0.03567029
0.03567296
0.03567486
0.03567595
0.03567653
0.03567651
0.03567585
0.03567455
0.03567263
0.03567011
0.03566669
0.03566238
0.03565712
0.03565086
0.0356435
0.03563493
0.03562505
0.03561377
0.03560134
0.03559005
0.0355844
0.03559583
0.03560844
0.0356199
0.03562995
0.03563868
0.03564619
0.03565258
0.03565795
0.03566239
0.03566594
0.03566861
0.03567007
0.03566952
0.03566959
0.03566949
0.0356688
0.03566754
0.03566606
0.03566515
0.03566213
0.03565775
0.03565234
0.03564589
0.03563833
0.03562954
0.03561943
0.03560793
0.03559526
0.03558379
0.03557692
0.03558856
0.03560143
0.03561315
0.03562346
0.03563243
0.03564017
0.03564677
0.03565233
0.03565693
0.03566056
0.03566282
0.03566105
0.03564871
0.03564551
0.03564489
0.03564417
0.03564337
0.03564512
0.03565594
0.03565609
0.03565207
0.03564653
0.03563988
0.03563209
0.03562306
0.03561269
0.03560093
0.03558801
0.03557633
0.03556822
0.03558008
0.03559322
0.03560522
0.03561581
0.03562505
0.03563303
0.03563985
0.03564562
0.03565039
0.03565398
0.03565461
0.03564072
0.03557813
0.03556275
0.03556039
0.03555964
0.03556051
0.03557438
0.0356354
0.03564761
0.03564516
0.0356396
0.03563274
0.03562471
0.03561541
0.03560478
0.03559273
0.03557954
0.03556764
0.03555822
0.03557031
0.03558375
0.03559605
0.03560693
0.03561646
0.0356247
0.03563178
0.03563778
0.03564273
0.03564641
0.03564626
0.03562544
0.03552961
0.03550723
0.03550397
0.03550319
0.03550489
0.03552569
0.03561989
0.03563897
0.03563723
0.03563154
0.03562443
0.03561612
0.03560655
0.03559561
0.03558327
0.03556978
0.03555765
0.03554686
0.0355592
0.03557294
0.03558556
0.03559676
0.03560658
0.03561512
0.03562245
0.0356287
0.03563387
0.0356377
0.03563753
0.03561551
0.03551395
0.03549029
0.03548686
0.03548603
0.03548782
0.03550982
0.03560971
0.03562993
0.03562819
0.03562239
0.0356149
0.03560627
0.03559638
0.03558514
0.03557247
0.03555868
0.03554631
0.03553409
0.03554668
0.03556074
0.03557368
0.03558521
0.03559535
0.03560418
0.03561179
0.03561829
0.03562369
0.03562771
0.03562765
0.03560531
0.03549974
0.03547552
0.035472
0.03547112
0.03547287
0.03549524
0.03559919
0.03561979
0.03561826
0.03561341
0.03560445
0.03559512
0.03558485
0.03557327
0.03556028
0.03554618
0.03553356
0.0355199
0.03553274
0.03554712
0.03556039
0.03557224
0.0355827
0.03559184
0.03559973
0.03560649
0.03561212
0.03561635
0.03561652
0.03559467
0.03548994
0.03546456
0.03546061
0.03545962
0.03546127
0.03548358
0.03558782
0.03560867
0.03560954
0.03561337
0.03559519
0.03558293
0.03557195
0.03556
0.03554667
0.03553226
0.03551938
0.03550465
0.03551773
0.0355324
0.03554599
0.03555816
0.03556893
0.03557836
0.03558653
0.03559355
0.03559942
0.03560388
0.03560465
0.03558558
0.03548902
0.03545558
0.03544897
0.03544748
0.035449
0.0354712
0.03557542
0.0355973
0.03560691
0.03564876
0.03559203
0.0355705
0.035558
0.03554562
0.03553197
0.03551726
0.03550414
0.0354911
0.03550437
0.03551928
0.03553312
0.03554555
0.03555657
0.03556624
0.03557464
0.03558187
0.03558793
0.03559271
0.03559502
0.0355854
0.03552282
0.03545551
0.03543954
0.0354366
0.03543789
0.03545997
0.03556396
0.03558456
0.03558546
0.03559013
0.03557014
0.03555691
0.03554528
0.03553275
0.03551887
0.03550391
0.03549062
)
;
    }
    floor_to_air
    {
        type            calculated;
        value           nonuniform List<scalar> 
900
(
0.006344718
0.006548651
0.006743562
0.006919546
0.007076892
0.007216015
0.007337723
0.007443477
0.00753482
0.00761198
0.007673912
0.007721654
0.007757839
0.007782538
0.007794978
0.007794441
0.007781353
0.007755958
0.007717735
0.007666372
0.007600659
0.007519699
0.007423278
0.007311263
0.007182565
0.007036461
0.00687224
0.006689392
0.006488689
0.006282516
0.006550491
0.006752014
0.006943872
0.007116479
0.007269985
0.007405217
0.007523112
0.007624727
0.007712228
0.007785542
0.007844334
0.007889941
0.007924494
0.007948037
0.007959815
0.007959248
0.007946745
0.0079224
0.007885628
0.007836063
0.007772642
0.007694465
0.00760114
0.007492407
0.007367222
0.007224772
0.007064282
0.006885137
0.006687973
0.006484886
0.00675045
0.006948456
0.007136348
0.007304714
0.007453832
0.007584699
0.007698361
0.007795905
0.007879618
0.007949479
0.008005399
0.008048784
0.008081583
0.008103894
0.008114995
0.008114422
0.008102518
0.008079312
0.008044123
0.007996526
0.00793559
0.007860429
0.007770465
0.007665306
0.007543952
0.007405527
0.007249162
0.007074132
0.006880941
0.006681397
0.006932287
0.007126506
0.00731015
0.007474065
0.007618675
0.007745107
0.007854506
0.007948046
0.00802801
0.008094522
0.008147654
0.00818883
0.008219882
0.008240975
0.008251421
0.008250859
0.00823955
0.008217488
0.008183897
0.008138293
0.008079859
0.008007727
0.007921154
0.007819589
0.007702116
0.007567787
0.007415642
0.007244852
0.007055793
0.006859978
0.007095341
0.007285719
0.00746506
0.007624512
0.007764645
0.007886697
0.007991906
0.008081545
0.008157842
0.008221102
0.008271524
0.008310546
0.008339905
0.008359829
0.008369674
0.008369118
0.008358396
0.008337448
0.008305422
0.008261776
0.008205786
0.008136609
0.008053355
0.007955308
0.007841653
0.00771137
0.007563416
0.007396861
0.007211959
0.007019927
0.007240167
0.007426771
0.007601892
0.007756995
0.007892787
0.00801061
0.008111794
0.008197688
0.008270472
0.008330628
0.008378466
0.008415433
0.008443187
0.008462018
0.008471324
0.008470771
0.008460623
0.008440735
0.008410202
0.008368428
0.008314768
0.008248403
0.008168312
0.008073633
0.007963644
0.007837263
0.007693367
0.007530934
0.007350099
0.007161788
0.007367474
0.007550478
0.00772157
0.007872536
0.008004214
0.008118045
0.008215441
0.008297815
0.008367321
0.008424571
0.008470009
0.008505053
0.008531324
0.008549152
0.008557979
0.008557432
0.008547829
0.008528932
0.008499787
0.008459752
0.008408258
0.008344509
0.008267357
0.008175824
0.008069272
0.007946566
0.007806511
0.007647997
0.007471048
0.00728631
0.007478104
0.007657729
0.007825054
0.007972176
0.008100047
0.008210191
0.008304097
0.008383235
0.00844975
0.008504335
0.008547588
0.008580886
0.008605828
0.008622771
0.008631165
0.008630635
0.008621541
0.008603549
0.008575662
0.0085372
0.008487671
0.008426292
0.00835181
0.008263147
0.008159745
0.008040419
0.007903907
0.00774903
0.00757572
0.007394343
0.00757377
0.007750134
0.007913921
0.008057439
0.008181745
0.008288447
0.008379112
0.008455261
0.008519034
0.008571175
0.008612435
0.008644152
0.0086679
0.008684071
0.008692078
0.008691581
0.008682961
0.008665809
0.008639074
0.008602049
0.008554314
0.008495095
0.008423057
0.008337038
0.00823656
0.008120397
0.007987211
0.007835745
0.007665829
0.007487601
0.00765662
0.00782811
0.007988389
0.008128661
0.008249797
0.00835345
0.008441237
0.008514735
0.008576083
0.008626082
0.008665592
0.008695937
0.008718659
0.008734186
0.008741866
0.008741418
0.008733217
0.00871681
0.008691083
0.008655309
0.00860914
0.008551807
0.00848191
0.008398183
0.008300265
0.00818688
0.008056632
0.007908198
0.007741331
0.007565957
0.007756218
0.007895387
0.008049009
0.008186258
0.008304737
0.008405851
0.008491251
0.008562555
0.008621891
0.00867012
0.008708182
0.008737409
0.008759312
0.008774315
0.008781728
0.008781336
0.008773494
0.008757724
0.00873283
0.00869808
0.008653182
0.008597357
0.008529056
0.00844672
0.008350635
0.008239483
0.008111641
0.007965723
0.007801486
0.007628854
0.008800931
0.007975858
0.008098244
0.008231352
0.008347602
0.008446678
0.008530159
0.008599701
0.008657425
0.008704266
0.008741169
0.008769528
0.008790768
0.008805341
0.008812575
0.00881226
0.008804717
0.008789459
0.008765255
0.008731305
0.008687355
0.008632512
0.008564163
0.008477802
0.00837999
0.008270033
0.00814378
0.007999974
0.007838915
0.007672582
0.007940662
0.007998046
0.008133273
0.008264894
0.008379428
0.008476896
0.008558873
0.008627043
0.008683517
0.00872929
0.008765307
0.008792971
0.00881374
0.008828013
0.008835124
0.008834875
0.008827563
0.008812689
0.008789007
0.008755693
0.008712346
0.008657026
0.008579348
0.008443721
0.008310679
0.00819624
0.008064011
0.007888519
0.007737513
0.00761278
0.009591836
0.00809877
0.008163706
0.008287729
0.008400564
0.008496879
0.00857781
0.008645032
0.008700649
0.008745697
0.008781107
0.008808282
0.008828737
0.00884281
0.008849845
0.008849652
0.008842502
0.008827891
0.008804567
0.00877165
0.008728354
0.008668399
0.008542976
0.007716241
0.006966921
0.006814856
0.006263098
0.006085302
0.005971344
0.006462872
0.009689207
0.008125642
0.008177206
0.00829904
0.008411119
0.008506849
0.008587246
0.008653975
0.008709138
0.008753806
0.0087889
0.008815821
0.008836115
0.00885009
0.008857092
0.00885693
0.008849864
0.008835389
0.008812245
0.008779529
0.008736368
0.008675347
0.008539919
0.007663171
0.006877789
0.006720302
0.00616117
0.005979635
0.005830182
0.005707217
0.00969667
0.008127208
0.008177368
0.008299005
0.008411065
0.008506792
0.008587187
0.008653915
0.008709079
0.008753773
0.00878899
0.008815785
0.008836046
0.008850015
0.008857013
0.008856847
0.008849777
0.0088353
0.008812153
0.00877943
0.008736241
0.008675003
0.00853817
0.007655941
0.006867179
0.006709068
0.00614947
0.005966751
0.005808791
0.005645717
0.009675864
0.008113026
0.008165249
0.008287718
0.008400403
0.008496706
0.008577636
0.00864486
0.008700522
0.008746001
0.008783569
0.008808575
0.00882858
0.008842594
0.008849614
0.008849411
0.008842251
0.008827634
0.008804301
0.008771356
0.008727883
0.008666304
0.00852909
0.007646445
0.006857214
0.006698577
0.006138398
0.005954898
0.005795122
0.005626976
0.009563341
0.00807343
0.008139911
0.008265162
0.008379164
0.008476591
0.008558564
0.008626763
0.008683688
0.008734206
0.008799866
0.00879788
0.00881388
0.008827678
0.008834739
0.008834473
0.008827146
0.008812261
0.008788562
0.008755179
0.008711189
0.008649181
0.008512647
0.007634702
0.006847951
0.006688928
0.006128026
0.005943436
0.005782404
0.005612779
0.007901361
0.007956098
0.008097228
0.008230903
0.008347119
0.008446181
0.008529661
0.008599352
0.008659555
0.008738613
0.009492066
0.008803884
0.008792866
0.008804927
0.008811983
0.008811639
0.008804079
0.008788805
0.008764579
0.008730557
0.00868596
0.008624432
0.00849723
0.007668581
0.006917068
0.006762533
0.00620773
0.006055983
0.005893418
0.005722257
0.007727566
0.007891774
0.008048074
0.008185455
0.008303919
0.008405016
0.0084904
0.008561717
0.008621491
0.008674451
0.008742138
0.008741713
0.008758847
0.008773373
0.008780733
0.00878032
0.008772463
0.00875668
0.008731766
0.008696983
0.008651902
0.008594451
0.008514353
0.00837608
0.008240076
0.008122399
0.007986642
0.007840217
0.007676235
0.007502812
0.007653668
0.007826745
0.00798722
0.008127478
0.008248587
0.00835221
0.008439968
0.00851344
0.008574808
0.008625218
0.008666867
0.008695023
0.008717283
0.008732739
0.008740393
0.008739926
0.008731712
0.008715295
0.008689556
0.008653771
0.008607569
0.008549994
0.008478539
0.008388801
0.008287235
0.008173224
0.008042843
0.007895757
0.00773386
0.007553772
0.00757221
0.007748623
0.007912383
0.008055861
0.008180125
0.008286785
0.008377406
0.008453511
0.008517247
0.008569382
0.008610737
0.008642289
0.008665978
0.008682123
0.008690108
0.008689592
0.008680962
0.0086638
0.00863706
0.008600033
0.008552299
0.008493065
0.008420885
0.008334347
0.008233621
0.008117577
0.007985844
0.007845563
0.00772969
0.007499112
0.00747621
0.007655793
0.007823065
0.00797013
0.008097944
0.008208029
0.008301875
0.008380953
0.008447414
0.008501952
0.008545164
0.008578412
0.008603316
0.008620234
0.008628606
0.00862806
0.008618958
0.008600962
0.008573078
0.008534625
0.008485112
0.008423755
0.008349291
0.008260629
0.008157293
0.008038524
0.007908033
0.007813313
0.008708361
0.00746532
0.007365052
0.007548005
0.007719026
0.007869917
0.008001517
0.00811527
0.008212587
0.008294883
0.008364317
0.008421502
0.00846688
0.008501868
0.008528097
0.008545895
0.008554699
0.008554138
0.008544531
0.008525636
0.008496504
0.008456491
0.008405029
0.008341319
0.008264216
0.00817274
0.008066267
0.007943777
0.007805231
0.007657941
0.007535074
0.007298024
0.007237241
0.007423761
0.007598791
0.0077538
0.007889495
0.008007222
0.008108309
0.008194107
0.008266803
0.008326881
0.008374645
0.008411546
0.00843925
0.008458048
0.008467331
0.008466766
0.008456616
0.008436738
0.008406228
0.008364488
0.008310873
0.008244564
0.008164537
0.008069936
0.007960036
0.007833772
0.007690179
0.007529204
0.007353425
0.007160498
0.007091909
0.007282182
0.007461414
0.007620754
0.007760773
0.007882712
0.007987807
0.008077335
0.008153531
0.008216699
0.008267036
0.008305983
0.008335284
0.008355172
0.008364994
0.008364427
0.008353706
0.008332775
0.008300781
0.008257181
0.008201249
0.008132141
0.008048966
0.007951013
0.007837463
0.007707294
0.007559478
0.007393173
0.007208791
0.007016503
0.00692834
0.007122456
0.007305978
0.007469764
0.007614245
0.007740548
0.007849819
0.007943235
0.008023087
0.008089497
0.008142533
0.008183625
0.008214615
0.008235667
0.00824609
0.008245518
0.008234213
0.008212173
0.008178622
0.008133074
0.00807471
0.00800266
0.00791618
0.007814723
0.00769737
0.007563167
0.007411156
0.007240513
0.00705162
0.00685591
0.006746015
0.00694392
0.00713167
0.007299898
0.007448869
0.0075796
0.007693123
0.007790531
0.007874121
0.007943878
0.007999691
0.008042982
0.008075711
0.008097978
0.008109055
0.008108473
0.008096575
0.008073396
0.008038254
0.007990721
0.007929866
0.007854798
0.007764938
0.0076599
0.007538679
0.007400394
0.007244175
0.007069297
0.00687626
0.006676858
0.006545641
0.00674708
0.006938701
0.0071112
0.007264512
0.007399631
0.007517374
0.007618847
0.007706205
0.007779469
0.007838108
0.007883596
0.007918069
0.007941563
0.007953315
0.007952739
0.007940245
0.007915932
0.00787921
0.007829718
0.007766386
0.007688313
0.007595101
0.007486499
0.007361457
0.007219161
0.007058829
0.006879847
0.006682849
0.006479918
0.006339539
0.006543722
0.006737747
0.006914029
0.007070854
0.007210124
0.00733159
0.007437243
0.007528296
0.007605884
0.007667319
0.007714864
0.007750949
0.007775594
0.007788005
0.007787459
0.007774383
0.007749021
0.007710847
0.007659561
0.007593952
0.007513104
0.007416804
0.007304919
0.007176371
0.00703044
0.006866384
0.006683708
0.006483178
0.006277177
)
;
    }
}


// ************************************************************************* //
