/*--------------------------------*- C++ -*----------------------------------*\
| =========                 |                                                 |
| \\      /  F ield         | OpenFOAM: The Open Source CFD Toolbox           |
|  \\    /   O peration     | Version:  2506                                  |
|   \\  /    A nd           | Website:  www.openfoam.com                      |
|    \\/     M anipulation  |                                                 |
\*---------------------------------------------------------------------------*/
FoamFile
{
    version     2.0;
    format      ascii;
    arch        "LSB;label=32;scalar=64";
    class       volScalarField;
    location    "2500/solid";
    object      T;
}
// * * * * * * * * * * * * * * * * * * * * * * * * * * * * * * * * * * * * * //

dimensions      [0 0 0 1 0 0 0];

internalField   nonuniform List<scalar> 
2304
(
307.8467
307.9458
307.9889
307.9969
307.9822
307.9244
307.9494
308.0551
308.0987
308.1067
308.0922
308.0336
307.9923
308.0985
308.1426
308.1508
308.1362
308.0771
308.0005
308.1066
308.1508
308.159
308.1443
308.0853
307.986
308.0922
308.1361
308.1443
308.1297
308.0707
307.9284
308.0335
308.0769
308.0849
308.0703
308.012
307.9118
307.9961
307.9995
308.1014
308.0165
308.053
308.1222
308.1587
308.0593
308.0674
308.165
308.173
308.0674
308.0591
308.1729
308.1648
308.0527
308.0161
308.1586
308.1221
307.9954
307.9065
308.1011
307.9946
308.0201
308.1223
308.0565
308.1588
308.1432
308.1799
308.1798
308.2168
308.1862
308.1942
308.2231
308.2312
308.1942
308.186
308.2311
308.223
308.1798
308.1432
308.2168
308.1801
308.1222
308.0153
308.1589
308.0522
308.0628
308.165
308.0709
308.173
308.186
308.223
308.194
308.2311
308.2294
308.2374
308.2374
308.2455
308.2374
308.2293
308.2455
308.2374
308.2231
308.1863
308.2311
308.1944
308.1652
308.0585
308.1732
308.0667
308.0709
308.173
308.0627
308.1649
308.194
308.2311
308.186
308.223
308.2374
308.2455
308.2293
308.2374
308.2455
308.2374
308.2374
308.2293
308.2311
308.1944
308.223
308.1863
308.1732
308.0667
308.1651
308.0584
308.0564
308.1587
308.0199
308.1222
308.1798
308.2167
308.1431
308.1798
308.223
308.2311
308.1861
308.1941
308.2311
308.223
308.194
308.1859
308.2168
308.18
308.1797
308.1431
308.1588
308.052
308.122
308.0151
307.9993
308.1012
307.9114
307.9957
308.122
308.1586
308.0161
308.0526
308.1648
308.1728
308.0589
308.067
308.1728
308.1646
308.0669
308.0586
308.1584
308.1219
308.0523
308.0157
308.1009
307.9943
307.995
307.906
307.9252
307.9286
308.0127
307.9825
308.0337
308.0707
307.997
308.0771
308.0851
307.9886
308.0851
308.0769
307.9454
308.0705
308.0336
307.8408
308.0122
307.923
308.0339
307.986
308.0708
308.0923
308.0922
308.1298
308.1068
308.1362
308.1444
308.0985
308.1444
308.1361
308.0551
308.1297
308.0924
307.944
308.0708
307.981
308.0771
308.0005
308.0852
308.1361
308.1066
308.1443
308.1508
308.1508
308.159
308.1425
308.159
308.1507
308.0988
308.1443
308.1069
307.9874
308.0853
307.9957
308.0852
307.9923
308.0771
308.1443
308.0985
308.1361
308.159
308.1426
308.1508
308.1507
308.1507
308.1425
308.1069
308.1361
308.0987
307.9957
308.0771
307.9873
308.0708
307.9492
308.0338
308.1297
308.055
308.0922
308.1443
308.0985
308.1066
308.1361
308.1066
308.0984
308.0923
308.092
308.0549
307.9809
308.0334
307.9437
308.0125
307.8462
307.9247
308.0705
307.9453
307.982
308.0849
307.9884
307.9965
308.0766
307.9965
307.9881
308.0333
307.9817
307.9449
307.9227
307.9239
307.8403
308.0122
307.9413
307.973
307.9742
308.1091
308.0512
308.067
308.0932
308.1404
308.0942
308.0985
308.1361
308.1428
308.1022
308.1009
308.1441
308.1208
308.0876
308.0787
308.1296
308.0449
308.03
308.0033
308.0721
308.1102
308.0536
308.0944
308.0694
308.2101
308.1781
308.1941
308.1941
308.2413
308.2211
308.2253
308.2371
308.2438
308.229
308.2277
308.2451
308.2221
308.2147
308.206
308.2308
308.1451
308.157
308.1291
308.173
308.1413
308.0964
308.1371
308.1007
308.2411
308.2209
308.2369
308.2251
308.2724
308.264
308.2682
308.2682
308.275
308.272
308.2708
308.2762
308.2532
308.2577
308.249
308.2619
308.1764
308.2
308.1722
308.2042
308.1439
308.1046
308.1451
308.1033
308.2437
308.2288
308.2449
308.2276
308.275
308.272
308.2762
308.2708
308.2775
308.28
308.2788
308.2788
308.2558
308.2658
308.2571
308.2645
308.179
308.2081
308.1803
308.2068
308.122
308.0901
308.1308
308.0813
308.222
308.2147
308.2307
308.2059
308.2532
308.2578
308.262
308.249
308.2557
308.2657
308.2645
308.257
308.234
308.2515
308.2428
308.2427
308.157
308.1937
308.1658
308.1849
308.0463
308.0327
308.0734
308.0061
308.1447
308.1567
308.1727
308.1288
308.1759
308.1996
308.2038
308.1717
308.1783
308.2076
308.2063
308.1796
308.1564
308.1932
308.1845
308.1652
308.08
308.1355
308.1077
308.1076
307.8698
307.8716
307.8969
307.9616
307.974
307.9898
307.9932
308.017
308.0213
307.9956
308.025
308.0237
307.9733
308.0104
308.0016
307.8978
307.9526
307.9257
307.9758
307.9653
307.9917
308.0713
308.0713
308.0875
308.103
308.115
308.1193
308.1055
308.1231
308.1218
308.0833
308.1085
308.0997
308.006
308.0498
308.0221
308.0187
307.9966
308.0229
308.1149
308.1028
308.1191
308.1469
308.1469
308.1512
308.1495
308.1551
308.1538
308.1273
308.1405
308.1316
308.0495
308.0814
308.0537
308.0268
307.9992
308.0256
308.123
308.1054
308.1217
308.1551
308.1495
308.1539
308.1577
308.1577
308.1565
308.1354
308.1431
308.1342
308.0576
308.084
308.0564
308.0123
307.9772
308.0036
308.1084
308.0833
308.0996
308.1405
308.1272
308.1315
308.143
308.1353
308.134
308.1208
308.1207
308.1118
308.043
308.0618
308.0341
307.9547
307.902
307.9281
308.0496
308.0061
308.0221
308.0811
308.0493
308.0536
308.0836
308.0573
308.056
308.0615
308.0427
308.0339
307.9846
307.9846
307.9575
308.0458
308.0306
308.0044
308.0725
308.0465
308.0329
308.0064
308.0736
308.081
308.1359
308.1082
308.1085
308.0176
307.9451
307.9406
307.9425
307.9753
307.9769
307.9804
308.0511
308.0312
307.9706
308.0392
308.0055
308.0773
308.0132
308.052
308.0342
307.9735
308.0407
308.0081
308.0786
308.0142
308.0863
308.1403
308.0743
308.0747
308.113
308.1134
308.0479
308.1211
308.0879
308.079
308.1299
308.1449
308.1569
308.129
308.1729
308.1569
308.1936
308.1657
308.1848
308.1135
308.0516
308.0323
308.0597
308.0674
308.0978
308.0754
308.1254
308.0881
308.0442
308.0961
308.0793
308.1341
308.0873
308.1494
308.1611
308.0949
308.138
308.1336
308.1769
308.1107
308.1613
308.1976
308.1313
308.15
308.17
308.1888
308.1226
308.143
308.1023
308.1011
308.1442
308.1761
308.1998
308.1719
308.204
308.1787
308.2078
308.1799
308.2066
308.1446
308.0944
308.0636
308.1023
308.0987
308.1404
308.1066
308.1472
308.1025
308.0662
308.1104
308.1013
308.1484
308.1092
308.1804
308.2038
308.1376
308.1692
308.1762
308.208
308.1418
308.183
308.2118
308.1456
308.1718
308.1842
308.2106
308.1444
308.1402
308.0939
308.0982
308.1359
308.1786
308.2078
308.1799
308.2065
308.1759
308.1996
308.1716
308.2038
308.1471
308.1025
308.0661
308.1103
308.1011
308.1484
308.109
308.1444
308.0941
308.0634
308.1021
308.0984
308.1401
308.1063
308.1829
308.2117
308.1455
308.1717
308.1841
308.2104
308.1442
308.1802
308.2036
308.1373
308.169
308.176
308.2078
308.1416
308.1089
308.0509
308.0668
308.093
308.1567
308.1934
308.1654
308.1847
308.1448
308.1568
308.1289
308.1728
308.1252
308.0878
308.0439
308.0958
308.079
308.1339
308.0871
308.1133
308.0513
308.032
308.0594
308.0671
308.0975
308.0752
308.1611
308.1974
308.1311
308.1499
308.1698
308.1887
308.1224
308.1493
308.161
308.0947
308.138
308.1335
308.1769
308.1105
308.0104
307.9376
307.9709
307.9708
308.0803
308.1357
308.1079
308.108
308.045
308.03
308.0033
308.0723
308.05
308.0306
307.9691
308.0387
308.0043
308.0768
308.0119
308.0153
307.9405
307.9376
307.9371
307.9727
307.9725
307.9776
308.0854
308.1401
308.0738
308.0738
308.1126
308.1127
308.0467
308.0499
308.0303
307.9683
308.0383
308.0039
308.0768
308.0116
308.1454
308.157
308.1295
308.173
308.1221
308.0901
308.0814
308.1308
308.1572
308.1935
308.1848
308.1659
308.1149
308.0548
308.0613
308.0359
308.0992
308.0705
308.0771
308.1499
308.1612
308.0955
308.1382
308.1341
308.1771
308.1113
308.1268
308.0912
308.0478
308.0976
308.0824
308.1354
308.0889
308.1617
308.1976
308.1501
308.1318
308.1889
308.1704
308.1232
308.2221
308.2149
308.2061
308.2309
308.2221
308.2147
308.206
308.2308
308.2341
308.2516
308.2428
308.2428
308.214
308.1821
308.1592
308.1592
308.198
308.198
308.1752
308.2259
308.2187
308.1711
308.196
308.21
308.2347
308.1872
308.2259
308.2186
308.1711
308.1959
308.2099
308.2346
308.1871
308.2378
308.2553
308.208
308.2079
308.2466
308.2465
308.1992
308.2439
308.2291
308.2279
308.2451
308.2533
308.2578
308.2491
308.262
308.2559
308.2658
308.2571
308.2646
308.2451
308.2249
308.1904
308.2023
308.2291
308.2409
308.2065
308.2477
308.2329
308.193
308.2103
308.2317
308.2489
308.2091
308.2571
308.2616
308.2143
308.2274
308.2529
308.2658
308.2186
308.2596
308.2696
308.2224
308.23
308.2609
308.2684
308.2211
308.2412
308.2209
308.2251
308.237
308.2558
308.2658
308.257
308.2645
308.2532
308.2577
308.249
308.2619
308.2476
308.2328
308.1929
308.2103
308.2316
308.2489
308.209
308.245
308.2248
308.1903
308.2022
308.229
308.2408
308.2064
308.2596
308.2696
308.2223
308.2299
308.2608
308.2683
308.2211
308.257
308.2615
308.2142
308.2273
308.2528
308.2657
308.2185
308.2102
308.1781
308.1941
308.1942
308.2341
308.2515
308.2428
308.2428
308.2222
308.215
308.2062
308.2309
308.226
308.2186
308.1711
308.196
308.2099
308.2346
308.1872
308.2141
308.1822
308.1592
308.1593
308.1981
308.1982
308.1753
308.2379
308.2553
308.208
308.2081
308.2466
308.2467
308.1993
308.2261
308.2189
308.1713
308.1961
308.2101
308.2348
308.1873
308.1093
308.051
308.0933
308.067
308.1571
308.1938
308.185
308.1659
308.1213
308.088
308.0791
308.1302
308.1495
308.1612
308.0947
308.1382
308.1336
308.1771
308.1106
308.1135
308.051
308.0591
308.0313
308.0976
308.067
308.075
308.1615
308.1978
308.1501
308.1314
308.1891
308.1702
308.1226
308.1254
308.0878
308.0433
308.0958
308.079
308.1342
308.087
308.1763
308.1997
308.1721
308.2039
308.1439
308.1046
308.1033
308.1452
308.1789
308.2077
308.2065
308.1802
308.1458
308.0974
308.1038
308.067
308.1416
308.1017
308.108
308.1807
308.2037
308.138
308.1692
308.1766
308.2079
308.1422
308.1484
308.1055
308.0696
308.1119
308.1043
308.1497
308.1106
308.1833
308.2117
308.1717
308.146
308.2105
308.1845
308.1448
308.2531
308.2578
308.249
308.2619
308.2437
308.2289
308.2276
308.2449
308.2557
308.2657
308.2645
308.2569
308.2449
308.2247
308.2021
308.1902
308.2407
308.2289
308.2063
308.2569
308.2615
308.2142
308.2272
308.2527
308.2657
308.2184
308.2474
308.2327
308.1928
308.2101
308.2314
308.2487
308.2089
308.2595
308.2695
308.2298
308.2222
308.2683
308.2607
308.221
308.275
308.272
308.2708
308.2762
308.275
308.272
308.2708
308.2763
308.2776
308.2801
308.2788
308.2788
308.2762
308.2678
308.2336
308.2336
308.272
308.272
308.2378
308.2788
308.2758
308.2362
308.2417
308.2746
308.28
308.2404
308.2788
308.2757
308.2362
308.2417
308.2745
308.28
308.2404
308.2814
308.2838
308.2443
308.2443
308.2826
308.2826
308.243
308.2724
308.2639
308.2681
308.2681
308.2776
308.28
308.2788
308.2788
308.2749
308.272
308.2707
308.2762
308.2787
308.2758
308.2362
308.2417
308.2745
308.28
308.2404
308.2761
308.2677
308.2335
308.2336
308.2719
308.2719
308.2378
308.2813
308.2838
308.2443
308.2442
308.2825
308.2825
308.243
308.2787
308.2757
308.2362
308.2416
308.2745
308.2799
308.2404
308.2413
308.2212
308.2371
308.2254
308.2558
308.2658
308.2645
308.2571
308.2439
308.2292
308.228
308.2452
308.2571
308.2616
308.2143
308.2273
308.2529
308.2658
308.2186
308.2452
308.2251
308.2024
308.1906
308.241
308.2293
308.2066
308.2596
308.2696
308.2299
308.2224
308.2683
308.2609
308.2212
308.2478
308.2331
308.1932
308.2104
308.2319
308.249
308.2092
308.1407
308.0943
308.1365
308.0986
308.1791
308.2081
308.2068
308.1803
308.1434
308.1026
308.1013
308.1446
308.1807
308.204
308.1376
308.1694
308.1764
308.2082
308.1419
308.1448
308.0942
308.1021
308.0628
308.1405
308.0985
308.1064
308.1833
308.212
308.172
308.1457
308.2108
308.1845
308.1445
308.1474
308.1024
308.0655
308.1102
308.1011
308.1486
308.109
308.1789
308.2077
308.1802
308.2065
308.1413
308.0964
308.1007
308.137
308.1763
308.1997
308.2039
308.1721
308.1484
308.1055
308.1119
308.0696
308.1497
308.1043
308.1106
308.1833
308.2117
308.146
308.1717
308.1845
308.2104
308.1448
308.1458
308.0974
308.067
308.1038
308.1016
308.1416
308.108
308.1807
308.2037
308.1691
308.138
308.2079
308.1765
308.1422
308.2557
308.2657
308.2569
308.2645
308.2411
308.2208
308.225
308.2369
308.2531
308.2577
308.2619
308.2489
308.2474
308.2327
308.2101
308.1928
308.2487
308.2314
308.2088
308.2594
308.2695
308.2222
308.2298
308.2607
308.2682
308.2209
308.2449
308.2247
308.1902
308.2021
308.2289
308.2407
308.2063
308.2569
308.2615
308.2272
308.2141
308.2657
308.2527
308.2183
308.2776
308.2801
308.2788
308.2788
308.2724
308.264
308.2682
308.2682
308.275
308.272
308.2762
308.2708
308.2787
308.2757
308.2417
308.2361
308.28
308.2745
308.2404
308.2813
308.2838
308.2443
308.2443
308.2826
308.2826
308.243
308.2762
308.2677
308.2335
308.2336
308.2719
308.272
308.2378
308.2787
308.2758
308.2416
308.2362
308.28
308.2745
308.2404
308.2749
308.272
308.2762
308.2707
308.2749
308.272
308.2762
308.2707
308.2723
308.2639
308.2681
308.2681
308.2813
308.2838
308.2442
308.2442
308.2825
308.2825
308.243
308.2787
308.2757
308.2416
308.2361
308.2799
308.2745
308.2404
308.2787
308.2757
308.2416
308.2361
308.2799
308.2745
308.2404
308.2761
308.2677
308.2335
308.2335
308.2719
308.2719
308.2378
308.2439
308.2292
308.2452
308.228
308.2532
308.2577
308.2619
308.249
308.2413
308.2211
308.2254
308.2371
308.2596
308.2696
308.2224
308.2299
308.2609
308.2683
308.2211
308.2478
308.2331
308.2104
308.1931
308.249
308.2318
308.2092
308.257
308.2615
308.2273
308.2143
308.2657
308.2528
308.2185
308.2452
308.225
308.1905
308.2023
308.2292
308.2409
308.2066
308.1434
308.1026
308.1446
308.1013
308.1764
308.1999
308.2042
308.1721
308.1407
308.0942
308.0986
308.1364
308.1832
308.212
308.1457
308.172
308.1845
308.2108
308.1445
308.1473
308.1024
308.1102
308.0654
308.1486
308.1011
308.109
308.1806
308.2039
308.1693
308.1376
308.2082
308.1764
308.1418
308.1447
308.0941
308.0627
308.102
308.0984
308.1404
308.1063
308.1572
308.1935
308.1659
308.1848
308.1101
308.0534
308.0693
308.0942
308.1452
308.1569
308.1728
308.1293
308.1267
308.0911
308.0976
308.0477
308.1354
308.0823
308.0888
308.1616
308.1975
308.1318
308.15
308.1703
308.1888
308.1231
308.1148
308.0546
308.0358
308.0612
308.0704
308.0991
308.077
308.1498
308.1611
308.1381
308.0954
308.177
308.134
308.1112
308.234
308.2515
308.2427
308.2428
308.21
308.178
308.194
308.194
308.222
308.2147
308.2308
308.2059
308.2258
308.2185
308.1958
308.171
308.2345
308.2098
308.1871
308.2378
308.2553
308.2079
308.2079
308.2465
308.2465
308.1991
308.2139
308.182
308.1591
308.159
308.1979
308.1979
308.1751
308.2258
308.2186
308.1959
308.171
308.2346
308.2098
308.1871
308.2558
308.2658
308.2646
308.257
308.2412
308.2209
308.237
308.2251
308.2438
308.2289
308.245
308.2277
308.257
308.2615
308.2273
308.2142
308.2657
308.2528
308.2185
308.2596
308.2695
308.2299
308.2223
308.2683
308.2608
308.2211
308.245
308.2248
308.2022
308.1903
308.2408
308.229
308.2064
308.2476
308.2327
308.2102
308.1929
308.2488
308.2315
308.209
308.2531
308.2577
308.2619
308.2489
308.2437
308.2289
308.245
308.2276
308.2411
308.2207
308.2369
308.225
308.2595
308.2695
308.2298
308.2223
308.2683
308.2607
308.221
308.2569
308.2615
308.2272
308.2141
308.2657
308.2527
308.2184
308.2475
308.2327
308.2102
308.1927
308.2488
308.2314
308.2089
308.2449
308.2246
308.2021
308.1901
308.2407
308.2288
308.2063
308.2221
308.2149
308.2309
308.2061
308.222
308.2145
308.2307
308.2058
308.2101
308.178
308.1941
308.1939
308.2378
308.2553
308.208
308.2079
308.2466
308.2465
308.1992
308.226
308.2188
308.196
308.1712
308.2347
308.21
308.1872
308.2258
308.2184
308.1958
308.171
308.2345
308.2098
308.1871
308.214
308.182
308.1592
308.159
308.198
308.1979
308.1752
308.1212
308.0879
308.1301
308.0789
308.145
308.1568
308.1729
308.1289
308.1091
308.0508
308.0668
308.0931
308.1613
308.1977
308.1313
308.15
308.1701
308.1889
308.1225
308.1253
308.0877
308.0957
308.0431
308.1341
308.0788
308.0869
308.1494
308.161
308.138
308.0945
308.177
308.1334
308.1105
308.1133
308.0508
308.0311
308.0589
308.0668
308.0974
308.0749
308.0808
308.1357
308.1083
308.1079
308.0119
307.9408
307.9739
307.9726
308.0455
308.0302
308.0722
308.004
308.0517
308.034
308.0405
307.9732
308.0784
308.0079
308.014
308.086
308.1401
308.0745
308.074
308.1132
308.1127
308.0476
308.0173
307.9446
307.9421
307.9401
307.9766
307.9748
307.98
308.0507
308.0308
308.0389
307.9701
308.077
308.0051
308.0128
308.1566
308.1934
308.1846
308.1654
308.1088
308.0508
308.093
308.0667
308.1208
308.0875
308.1296
308.0787
308.1491
308.1609
308.1379
308.0946
308.1768
308.1333
308.1104
308.161
308.1974
308.1498
308.1311
308.1887
308.1698
308.1223
308.1132
308.0512
308.0593
308.0318
308.0975
308.067
308.0751
308.1251
308.0878
308.0957
308.0438
308.1338
308.0789
308.087
308.1785
308.2076
308.2064
308.1797
308.1401
308.0938
308.1358
308.0981
308.1427
308.102
308.1439
308.1008
308.1802
308.2036
308.169
308.1373
308.2078
308.176
308.1415
308.1828
308.2116
308.1716
308.1453
308.2104
308.1839
308.1441
308.1443
308.0941
308.102
308.0632
308.1401
308.0983
308.1062
308.1469
308.1021
308.11
308.0658
308.1481
308.1009
308.1088
308.1757
308.1994
308.2036
308.1714
308.1425
308.1019
308.1439
308.1006
308.1399
308.0935
308.1356
308.0979
308.1826
308.2115
308.1715
308.1452
308.2102
308.1839
308.144
308.18
308.2034
308.1688
308.1371
308.2076
308.1757
308.1413
308.1467
308.1021
308.11
308.0656
308.148
308.1008
308.1087
308.1441
308.0938
308.1017
308.0629
308.1398
308.0981
308.106
308.1445
308.1566
308.1726
308.1286
308.1205
308.0872
308.1293
308.0784
308.1086
308.0505
308.0927
308.0664
308.1608
308.1972
308.1497
308.1308
308.1885
308.1695
308.1221
308.149
308.1608
308.1378
308.0944
308.1767
308.1332
308.1102
308.1248
308.0874
308.0955
308.0435
308.1336
308.0786
308.0867
308.113
308.0509
308.059
308.0315
308.0972
308.0667
308.0748
308.0447
308.0298
308.072
308.0029
308.0446
308.0296
308.0718
308.0029
308.01
307.9371
307.9704
307.9705
308.0851
308.1399
308.0735
308.0735
308.1124
308.1123
308.0464
308.0496
308.03
308.0381
307.9679
308.0765
308.0036
308.0113
308.0496
308.0302
308.0383
307.9686
308.0765
308.0039
308.0115
308.0149
307.9401
307.9367
307.9371
307.9721
307.9723
307.9771
307.8994
307.9533
307.9273
307.9023
307.9549
307.9284
307.9855
307.9861
307.9592
307.9736
308.0107
308.0018
308.0064
308.0498
308.0224
308.0432
308.0618
308.0344
307.9958
308.0251
308.0239
308.0496
308.0813
308.0538
308.0576
308.0839
308.0564
307.9929
308.0167
308.021
308.0576
308.0838
308.0563
308.0493
308.0811
308.0536
307.9613
307.9736
307.9896
308.043
308.0617
308.0342
308.0062
308.0496
308.0222
307.8665
307.8657
307.8937
307.9849
307.9848
307.9578
307.8965
307.952
307.9253
308.0071
308.05
308.0231
307.9772
308.0124
308.0036
308.062
308.0438
308.0351
308.0834
308.1086
308.0997
308.0834
308.1085
308.0996
308.1208
308.1208
308.1119
308.1056
308.1232
308.1219
308.1273
308.1405
308.1316
308.1354
308.1432
308.1342
308.1028
308.1149
308.1192
308.1354
308.1431
308.1341
308.1272
308.1404
308.1315
308.0712
308.0713
308.0875
308.1208
308.1209
308.1119
308.0835
308.1087
308.0998
307.9731
307.96
307.9891
308.0619
308.0431
308.0342
307.9721
308.01
308.0012
308.0501
308.0813
308.0544
307.9993
308.0268
308.0256
308.084
308.0582
308.057
308.1271
308.1404
308.1314
308.1054
308.123
308.1217
308.1431
308.1353
308.134
308.1496
308.1551
308.1539
308.1495
308.1551
308.1539
308.1578
308.1578
308.1565
308.1468
308.1468
308.1512
308.1577
308.1577
308.1565
308.1495
308.1551
308.1538
308.1151
308.1031
308.1194
308.1431
308.1354
308.1342
308.1057
308.1232
308.122
308.0164
307.9917
308.0207
308.084
308.0576
308.0564
307.9944
308.0246
308.0234
308.0582
308.0839
308.057
307.9966
308.0187
308.0229
308.0813
308.0501
308.0543
308.1353
308.143
308.134
308.1028
308.1148
308.1191
308.1404
308.1271
308.1314
308.1578
308.1578
308.1565
308.1469
308.1469
308.1512
308.1551
308.1495
308.1539
308.155
308.1495
308.1538
308.1551
308.1495
308.1538
308.1468
308.1468
308.1511
308.1232
308.1057
308.122
308.1404
308.1272
308.1315
308.103
308.115
308.1193
308.0246
307.9944
308.0233
308.0814
308.0494
308.0537
307.9917
308.0163
308.0207
308.0438
308.0619
308.035
307.9652
307.9757
307.9916
308.0499
308.007
308.023
308.1207
308.1208
308.1118
308.0712
308.0711
308.0874
308.1085
308.0833
308.0996
308.1431
308.1354
308.1341
308.1149
308.1028
308.1192
308.1231
308.1054
308.1218
308.1404
308.1271
308.1314
308.123
308.1053
308.1217
308.1148
308.1027
308.1191
308.1086
308.0834
308.0997
308.1084
308.0832
308.0996
308.0712
308.0711
308.0874
308.0099
307.972
308.001
308.0496
308.0058
308.022
307.9598
307.9728
307.9889
307.9859
307.9853
307.9589
307.8713
307.8693
307.8965
307.9529
307.8989
307.9269
308.0617
308.0429
308.0341
307.9736
307.9612
307.9895
308.0103
307.9732
308.0015
308.0837
308.0574
308.0562
308.0167
307.9927
308.0209
308.0247
307.9953
308.0235
308.0809
308.049
308.0533
308.0247
307.9952
308.0234
308.0164
307.9924
308.0207
308.0494
308.0058
308.0219
308.01
307.9729
308.0012
307.9732
307.9608
307.9892
307.9517
307.8961
307.9249
307.9522
307.8973
307.9253
307.8652
307.866
307.8932
)
;

boundaryField
{
    solid_to_air
    {
        type            compressible::turbulentTemperatureRadCoupledMixed;
        refValue        nonuniform List<scalar> 
1536
(
300.7647
300.7475
300.7538
300.7565
300.752
300.7465
300.7376
300.6778
300.6866
300.6936
300.6833
300.6717
300.745
300.6883
300.7159
300.7307
300.7106
300.6788
300.7477
300.6942
300.7286
300.7465
300.7227
300.6837
300.7431
300.6846
300.7079
300.721
300.7032
300.6759
300.7376
300.678
300.6815
300.6863
300.679
300.6732
301.1827
301.1756
300.4753
300.4874
300.5058
300.5006
300.5289
300.5039
300.5331
300.4981
300.5235
300.4837
300.4912
301.1764
300.4869
300.5029
300.7389
300.7763
300.7825
300.7679
300.7164
300.4886
300.4998
300.5258
300.7761
300.8193
300.8268
300.8099
300.7509
300.5021
300.503
300.5301
300.7824
300.8267
300.8343
300.8171
300.7568
300.5054
300.4973
300.5205
300.7676
300.8094
300.8166
300.8005
300.7434
300.4995
300.4832
300.4884
300.7161
300.7504
300.7562
300.743
300.6955
300.4846
301.1826
300.4874
300.5006
300.5039
300.4981
300.4837
301.505
300.5445
300.5469
300.5562
300.5585
300.5615
300.5614
300.5585
300.5562
300.5468
300.544
301.4829
301.4898
300.5417
300.7482
300.7377
300.681
300.752
300.678
300.6792
300.7565
300.6816
300.6862
300.7538
300.6864
300.6819
300.7465
300.679
300.6732
300.7764
300.6732
300.7584
301.5011
300.5479
300.5443
300.5536
300.6795
300.7431
300.6826
300.6829
300.6846
300.7013
300.6933
300.7081
300.7208
300.6874
300.7211
300.7105
300.6732
300.7032
300.6819
300.7577
300.676
300.7621
300.5505
300.56
300.5559
300.5588
300.685
300.7477
300.689
300.7079
300.6942
300.7192
300.7302
300.7286
300.7459
300.7187
300.7465
300.7324
300.6859
300.7227
300.6929
300.7638
300.6838
300.7664
300.5623
300.5653
300.5588
300.5559
300.689
300.7449
300.685
300.719
300.6882
300.708
300.7458
300.7158
300.7302
300.7323
300.7307
300.7188
300.6928
300.7106
300.686
300.7664
300.6788
300.7638
300.5653
300.5623
300.5536
300.5443
300.6825
300.7376
300.6795
300.701
300.6777
300.6829
300.7205
300.6864
300.6933
300.7104
300.6935
300.6874
300.6817
300.6832
300.6732
300.7621
300.6717
300.7577
300.56
300.5505
300.5417
301.4897
300.681
300.7647
300.7482
301.5049
300.5445
300.6792
300.7475
300.752
300.5469
300.5562
300.6862
300.7537
300.7564
300.5585
300.5615
300.6819
300.7565
300.7538
300.5614
300.5585
300.6731
300.7519
300.7465
300.5562
300.5468
300.7584
300.7465
300.7764
300.5479
300.544
301.5011
301.4829
300.4837
300.4911
300.4832
300.4884
300.6952
300.498
300.5236
300.7161
300.7429
300.504
300.5332
300.7504
300.7564
300.5007
300.5289
300.7562
300.7505
300.4876
300.5059
300.743
300.7163
301.1678
300.4754
300.6954
300.4847
300.4944
300.716
300.4973
300.5205
300.7426
300.7679
300.7676
300.8001
300.7828
300.8094
300.8169
300.7764
300.8167
300.8099
300.7392
300.8005
300.7683
300.5092
300.7434
300.4995
300.5272
300.7501
300.503
300.5301
300.7559
300.8095
300.7824
300.8165
300.8271
300.8267
300.8345
300.8198
300.8343
300.8272
300.7767
300.8171
300.7831
300.5326
300.7568
300.5054
300.5369
300.7559
300.4998
300.5258
300.7501
300.8166
300.776
300.8094
300.8346
300.8193
300.827
300.8272
300.8268
300.8197
300.7831
300.8098
300.7767
300.5369
300.7509
300.5021
300.5326
300.7426
300.4869
300.5029
300.716
300.8001
300.7389
300.7679
300.8169
300.7762
300.7828
300.8098
300.7825
300.7764
300.7682
300.7679
300.7392
300.5272
300.7164
300.4886
300.5092
300.6951
301.1755
300.4753
300.4837
300.4911
300.7429
300.5058
300.498
300.5236
300.7564
300.5288
300.5039
300.5332
300.7505
300.5331
300.5007
300.5288
300.7163
300.5235
300.4876
300.5058
300.4944
300.4912
301.1764
301.1678
300.4754
300.7361
300.7791
300.7689
301.3796
301.3684
300.7593
300.7507
300.7045
300.7486
300.7053
300.6467
300.6489
300.7076
300.755
300.7067
300.6551
300.6562
300.7084
300.7561
300.7089
300.6575
300.6571
300.7035
300.7501
300.7049
300.6534
300.6514
300.7065
300.7531
300.7025
300.6457
300.6586
301.3791
300.7628
300.7075
300.7076
300.7391
300.6413
300.6435
300.6802
300.6778
300.6788
300.6966
300.6896
300.6927
300.7006
300.6926
300.7018
300.6837
300.6793
300.6889
300.6732
300.674
300.6718
300.6526
300.6547
300.7117
300.7107
300.7462
300.65
300.6511
300.6969
300.6934
300.6911
300.7289
300.7223
300.7219
300.7363
300.729
300.7382
300.7071
300.7022
300.7163
300.6788
300.6772
300.6811
300.6608
300.662
300.7125
300.7129
300.7472
300.6523
300.652
300.6996
300.7011
300.6932
300.7338
300.7363
300.7264
300.7417
300.7445
300.7438
300.7109
300.7128
300.7206
300.68
300.6806
300.6829
300.6631
300.6628
300.7083
300.7094
300.7412
300.6482
300.6461
300.6842
300.6886
300.6814
300.705
300.7136
300.7002
300.71
300.7195
300.7115
300.6896
300.6958
300.696
300.6739
300.6753
300.6735
300.6592
300.6572
300.7127
300.7085
300.7445
300.6405
300.654
300.6803
300.6768
300.682
300.6837
300.6835
300.6824
300.685
300.6856
300.6855
300.6787
300.6763
300.6804
300.6817
300.6763
300.6783
300.652
300.6658
301.3795
300.7593
300.6467
300.6489
300.6551
300.6562
300.6574
300.6571
300.6534
300.6514
300.6457
300.6586
300.7213
300.5084
300.5693
300.5056
300.5669
300.7336
300.5129
300.4915
300.7249
300.7537
300.5309
300.5023
300.7515
300.7556
300.5326
300.5035
300.756
300.7411
300.5196
300.4953
300.7456
300.6948
300.4867
300.4907
300.7086
300.7347
300.726
300.5099
300.4908
300.7634
300.7509
300.7508
300.7932
300.7793
300.7899
300.796
300.7819
300.7966
300.7748
300.7617
300.7815
300.7064
300.6963
300.7277
300.7546
300.7525
300.5278
300.5015
300.7929
300.7898
300.7789
300.8262
300.8228
300.8226
300.8297
300.8262
300.8301
300.8058
300.8026
300.8132
300.7301
300.7277
300.7536
300.7566
300.757
300.5296
300.5026
300.7957
300.7964
300.7817
300.8295
300.8302
300.8259
300.8331
300.8337
300.8335
300.8089
300.8097
300.8163
300.7325
300.733
300.7562
300.7421
300.7466
300.5166
300.4944
300.7745
300.7811
300.7615
300.8056
300.8129
300.8022
300.8087
300.816
300.8092
300.7865
300.7934
300.7934
300.7155
300.7207
300.7375
300.6963
300.7098
300.4845
300.4907
300.7064
300.7273
300.6964
300.7301
300.7532
300.7276
300.7322
300.7556
300.7327
300.7154
300.7372
300.7206
300.6612
300.6769
300.6771
300.6462
300.6605
301.5829
300.6866
300.7412
300.5805
300.5588
300.5988
300.6533
300.6513
300.5815
300.5502
300.5839
300.5888
300.5536
300.5867
300.6574
300.657
300.5907
300.56
300.592
300.5932
300.561
300.5928
300.6551
300.6563
300.5932
300.561
300.5928
300.5907
300.56
300.5919
300.6466
300.6488
300.5888
300.5536
300.5866
300.5812
300.5502
300.5837
301.3653
300.7529
300.5797
300.5566
300.5959
301.5602
300.6779
300.7307
300.6405
300.654
301.5652
300.6789
300.7306
300.5762
300.555
300.5931
300.713
300.7555
300.7073
300.7127
300.7445
300.7085
300.6911
300.6852
300.6872
300.7048
300.7503
300.7056
300.6802
300.682
300.6768
300.6802
300.681
300.6776
300.7084
300.756
300.7089
300.6837
300.6825
300.6836
300.6848
300.6854
300.6853
300.7075
300.755
300.7064
300.685
300.6855
300.6857
300.6839
300.6824
300.6841
300.7022
300.748
300.7019
300.6787
300.6804
300.6763
300.6774
300.6774
300.674
300.7302
300.777
300.7887
300.6817
300.6783
300.6763
300.7047
300.7656
300.6992
300.652
300.6658
301.5817
300.6873
300.7437
300.5857
300.5615
300.6033
300.6482
300.6461
300.5776
300.5477
300.5801
300.5851
300.551
300.583
300.6846
300.6855
300.6793
300.7083
300.7412
300.7094
300.6852
300.6806
300.6864
300.6836
300.68
300.6879
300.6842
300.6814
300.6886
300.6891
300.6946
300.6948
300.6996
300.692
300.7014
300.7051
300.7004
300.7136
300.709
300.7113
300.7183
300.6978
300.6905
300.694
300.7101
300.7116
300.7195
300.7069
300.7024
300.7159
300.6785
300.6755
300.6747
300.6896
300.696
300.6958
300.6832
300.6781
300.6883
300.6972
300.6976
300.7587
300.674
300.6736
300.6753
300.698
300.7605
300.6991
300.6592
300.6572
300.5867
300.5539
300.5892
300.5942
300.5573
300.592
300.6523
300.652
300.5871
300.5574
300.5883
300.5895
300.5584
300.5892
300.6891
300.6879
300.6868
300.7125
300.7472
300.7129
300.6901
300.6883
300.6906
300.7049
300.7005
300.7131
300.6996
300.6932
300.701
300.7083
300.7173
300.7101
300.7345
300.7274
300.7375
300.7339
300.7265
300.7363
300.7398
300.7432
300.7425
300.7317
300.7248
300.7251
300.7417
300.7438
300.7444
300.7369
300.73
300.7396
300.6975
300.6935
300.689
300.7108
300.7206
300.7127
300.7006
300.6916
300.7023
300.7017
300.7006
300.765
300.68
300.6829
300.6806
300.7027
300.766
300.7031
300.6631
300.6628
300.596
300.5638
300.5973
300.5985
300.5649
300.5982
300.6499
300.6511
300.5896
300.5584
300.5892
300.5871
300.5574
300.5883
300.6901
300.6906
300.6883
300.7116
300.7462
300.7107
300.6891
300.6868
300.6879
300.7082
300.71
300.717
300.6968
300.691
300.6932
300.7049
300.7133
300.7005
300.7397
300.7425
300.743
300.7288
300.7219
300.7221
300.7345
300.7377
300.7274
300.7368
300.7395
300.7299
300.7362
300.7383
300.7289
300.7317
300.7252
300.7249
300.7006
300.7023
300.6915
300.7071
300.7164
300.7021
300.6975
300.6892
300.6935
300.7027
300.7031
300.766
300.6788
300.6811
300.6772
300.7017
300.765
300.7006
300.6609
300.662
300.5985
300.5649
300.5981
300.5961
300.5638
300.5973
300.6413
300.6435
300.5851
300.551
300.583
300.5776
300.5477
300.5801
300.6852
300.6863
300.6806
300.7074
300.7391
300.7075
300.6846
300.6792
300.6855
300.6889
300.6946
300.6942
300.6801
300.6787
300.6778
300.6836
300.6879
300.68
300.7088
300.7181
300.7109
300.6963
300.6926
300.6893
300.6995
300.7014
300.6919
300.7068
300.7158
300.7021
300.7004
300.7017
300.6924
300.6978
300.694
300.6904
300.6831
300.6882
300.6779
300.6836
300.6888
300.6792
300.6785
300.6746
300.6755
300.6981
300.6991
300.7604
300.6732
300.6717
300.674
300.6972
300.7587
300.6977
300.6526
300.6548
300.5942
300.5573
300.592
300.5868
300.5539
300.5892
301.3684
300.7507
300.5762
300.555
300.5931
301.5651
300.6789
300.7306
300.6912
300.6873
300.6852
300.7361
300.7689
300.7791
300.713
300.7074
300.7555
300.6462
300.6605
301.5828
300.6866
300.7412
300.5805
300.5588
300.5988
300.6802
300.6775
300.681
300.7045
300.7053
300.7486
300.7048
300.7056
300.7504
300.6534
300.6514
300.5815
300.5502
300.5839
300.5888
300.5536
300.5867
300.6848
300.6852
300.6854
300.7077
300.7067
300.7549
300.7085
300.7089
300.756
300.6575
300.6571
300.5907
300.56
300.5919
300.5932
300.561
300.5928
300.6839
300.6841
300.6824
300.7085
300.7089
300.756
300.7076
300.7064
300.7551
300.6551
300.6563
300.5932
300.561
300.5928
300.5907
300.56
300.5919
300.6774
300.674
300.6774
300.7036
300.7049
300.7501
300.7023
300.702
300.748
300.6466
300.6489
300.5888
300.5536
300.5866
300.5812
300.5502
300.5838
300.7047
300.6993
300.7656
300.7066
300.7026
300.7531
300.7303
300.7887
300.777
301.3792
301.3653
300.7629
300.7529
300.5857
300.5615
300.6033
300.5797
300.5566
300.5959
301.5818
301.5601
300.6873
300.6778
300.7437
300.7306
300.6955
300.4872
300.4916
300.7086
300.6963
300.4845
300.4907
300.7098
300.6618
300.677
300.6773
300.7412
300.5197
300.4952
300.7456
300.7064
300.6964
300.7273
300.7156
300.7207
300.7372
300.7557
300.5327
300.5035
300.7561
300.7301
300.7276
300.7532
300.7324
300.733
300.7557
300.7536
300.5309
300.5024
300.7515
300.7323
300.7328
300.7556
300.7299
300.7276
300.7531
300.7336
300.5129
300.4916
300.7249
300.7154
300.7206
300.7372
300.7064
300.6965
300.7274
300.719
300.5071
300.5651
300.5103
300.5682
300.6612
300.6771
300.6768
300.6939
300.4898
300.4919
300.7074
300.7066
300.6966
300.7271
300.7422
300.5166
300.4945
300.7466
300.7156
300.7369
300.7207
300.7746
300.7617
300.7812
300.7745
300.7615
300.781
300.7863
300.7931
300.7931
300.7961
300.7821
300.7968
300.8056
300.8023
300.8129
300.8088
300.8095
300.816
300.7932
300.7792
300.7902
300.8087
300.8093
300.8161
300.8056
300.8026
300.813
300.7638
300.7511
300.7512
300.7865
300.7934
300.7934
300.775
300.762
300.7816
300.7326
300.7237
300.5164
300.4927
300.7155
300.7375
300.7207
300.7401
300.5232
300.4965
300.7446
300.73
300.7276
300.7528
300.7566
300.5296
300.5026
300.757
300.7324
300.7553
300.7329
300.8054
300.8023
300.8127
300.7957
300.7817
300.7964
300.8085
300.8158
300.8092
300.8296
300.8262
300.8304
300.8295
300.8259
300.8302
300.833
300.8338
300.8336
300.8264
300.8229
300.8231
300.8331
300.8336
300.8338
300.8297
300.8264
300.8304
300.7935
300.7904
300.7796
300.8089
300.8163
300.8097
300.7964
300.7824
300.7971
300.7528
300.7506
300.5346
300.5038
300.7325
300.7562
300.733
300.7548
300.5364
300.5049
300.7552
300.7324
300.7329
300.7553
300.7546
300.5278
300.5015
300.7525
300.73
300.7528
300.7276
300.8085
300.8092
300.8158
300.7929
300.7789
300.7898
300.8054
300.8127
300.8022
300.833
300.8337
300.8338
300.8262
300.8226
300.8228
300.8296
300.8304
300.8261
300.8297
300.8304
300.8265
300.8296
300.8301
300.8262
300.8263
300.8231
300.8229
300.7964
300.7971
300.7824
300.8058
300.8132
300.8026
300.7935
300.7796
300.7904
300.7548
300.7552
300.5364
300.5049
300.7301
300.7536
300.7276
300.7528
300.5346
300.5038
300.7506
300.7156
300.7207
300.7369
300.7347
300.5099
300.4908
300.726
300.7065
300.7271
300.6967
300.7863
300.7931
300.7931
300.7634
300.7508
300.7509
300.7746
300.7812
300.7617
300.8087
300.816
300.8095
300.7932
300.7899
300.7793
300.796
300.7968
300.7821
300.8056
300.8129
300.8025
300.796
300.7965
300.7819
300.7931
300.7902
300.7792
300.7749
300.7816
300.762
300.7748
300.7814
300.7617
300.7638
300.7512
300.7511
300.7401
300.7446
300.5232
300.4965
300.7064
300.7277
300.6963
300.7325
300.5164
300.4927
300.7237
300.6619
300.6773
300.677
300.7213
300.5056
300.5669
300.5084
300.5693
300.6955
300.7086
300.4872
300.4916
300.7156
300.7371
300.7206
300.7336
300.7249
300.5128
300.4914
300.7412
300.7456
300.5197
300.4951
300.7324
300.7557
300.7329
300.7537
300.7515
300.5309
300.5023
300.7557
300.7561
300.5327
300.5034
300.7299
300.7531
300.7275
300.7556
300.756
300.5326
300.5034
300.7536
300.7515
300.5308
300.5023
300.7064
300.7274
300.6964
300.7411
300.7456
300.5196
300.4952
300.7336
300.7249
300.5129
300.4916
300.6939
300.7074
300.4898
300.4919
300.6948
300.7086
300.4867
300.4906
300.719
300.5103
300.5682
300.5071
300.5651
)
;
        refGradient     nonuniform List<scalar> 
1536
(
0.06456681
0.06252972
0.06178523
0.06142501
0.06123367
0.06154344
0.06340231
0.06107765
0.06030763
0.05993024
0.05971638
0.06001925
0.06296485
0.06062037
0.05984233
0.05945849
0.05923903
0.05953587
0.06290817
0.06056027
0.05977969
0.05939377
0.05917265
0.05946706
0.06302669
0.06068028
0.05990253
0.05951906
0.0592999
0.05959791
0.06366613
0.06135063
0.06058072
0.06020318
0.05999114
0.06029453
0.03822028
0.07335109
-1.237071
0.02037514
-1.246054
0.01995389
-1.24678
0.01984791
-1.246915
0.01985108
-1.246666
0.02030474
-1.245691
0.01134618
0.06457941
-1.235229
-1.247133
-1.247875
-1.248012
-1.247763
-1.246761
-0.004433533
0.06433668
-1.235953
-1.247873
-1.248625
-1.248764
-1.248514
-1.247502
-0.004987773
0.06435029
-1.23609
-1.24801
-1.248764
-1.248904
-1.248653
-1.24764
-0.005080554
0.06441301
-1.235845
-1.247763
-1.248514
-1.248652
-1.248402
-1.247392
-0.004913946
0.06486996
-1.234873
-1.246761
-1.247498
-1.247634
-1.247385
-1.246389
-0.004148432
0.03719698
0.01935919
0.01893788
0.01883211
0.01883564
0.01928998
0.05201718
0.0388597
0.03860216
0.03816949
0.0380972
0.03798179
0.03796228
0.03795845
0.03798981
0.03829991
0.03852124
0.0372806
0.08123628
0.08267139
0.06285164
0.06364957
0.06167827
0.06191546
0.06134113
0.06070757
0.0614999
0.06057355
0.06027689
0.0612572
0.06019769
0.06001562
0.06137818
0.05998684
0.06012174
0.06196845
0.06029082
0.06045105
0.03026998
0.02676802
0.0824546
0.08214089
0.06141646
0.06301846
0.06101675
0.0604417
0.06067576
0.06003497
0.06000987
0.05989925
0.05959767
0.059746
0.05951671
0.05932898
0.05984986
0.05929819
0.05942845
0.0601834
0.05959651
0.0597533
0.02647788
0.02599356
0.08210382
0.08207658
0.06096127
0.06290727
0.06090077
0.05997831
0.06055978
0.0599161
0.05953964
0.05977934
0.05947522
0.05926993
0.05939354
0.05920383
0.05936848
0.05917246
0.05930068
0.0596892
0.05946691
0.05961466
0.02591669
0.02582303
0.0820807
0.08213253
0.0609012
0.06297122
0.06096508
0.05991634
0.0606238
0.05998112
0.05947539
0.05984479
0.05954165
0.05920393
0.05946025
0.05927136
0.05930074
0.05924027
0.05936959
0.05961471
0.05953689
0.05968969
0.02582281
0.02591529
0.08217775
0.08251575
0.06102156
0.06341659
0.06142521
0.06003837
0.0610857
0.06044825
0.0596001
0.06031363
0.06001479
0.05933072
0.05993475
0.05974976
0.05942981
0.05971984
0.05985296
0.059754
0.06002223
0.06018521
0.02599185
0.02647579
0.08274071
0.08105589
0.06168847
0.06459305
0.06287197
0.05111345
0.03779184
0.06071516
0.0625487
0.06193113
0.03753416
0.03710139
0.06028266
0.06179996
0.06151218
0.03702912
0.03691386
0.06002012
0.06143658
0.0612669
0.03689441
0.03689085
0.06012551
0.06124284
0.06138604
0.03692232
0.03723289
0.06045344
0.06155099
0.06197395
0.02676609
0.03745443
0.03026036
0.03726107
0.02060429
-1.245704
0.06475948
-1.234876
-1.246401
0.02001084
-1.246672
-1.246764
-1.247392
0.0198652
-1.246916
-1.247502
-1.247638
0.01983057
-1.246774
-1.247637
-1.247498
0.02010671
-1.246046
-1.247389
-1.246761
0.02212131
-1.251155
-1.246393
-0.004145254
-1.256847
-1.246767
0.06435381
-1.235846
-1.247394
-1.247766
-1.247764
-1.248404
-1.248012
-1.248515
-1.248654
-1.247872
-1.248653
-1.248513
-1.247131
-1.248403
-1.247766
-1.257203
-1.247393
-0.004911534
-1.257826
-1.247502
0.06434366
-1.23609
-1.247639
-1.248514
-1.24801
-1.248652
-1.248765
-1.248764
-1.248904
-1.248624
-1.248904
-1.248763
-1.247876
-1.248653
-1.248014
-1.257935
-1.24764
-0.005080263
-1.258074
-1.247639
0.06438284
-1.235952
-1.247501
-1.248652
-1.247872
-1.248513
-1.248904
-1.248625
-1.248764
-1.248763
-1.248763
-1.248623
-1.248014
-1.248513
-1.247875
-1.258073
-1.247501
-0.004989726
-1.257933
-1.247393
0.06467716
-1.235226
-1.246765
-1.248403
-1.24713
-1.247763
-1.248653
-1.247873
-1.24801
-1.248512
-1.248009
-1.247869
-1.247765
-1.24776
-1.247128
-1.257824
-1.246758
-0.004436761
-1.257199
-1.246398
0.07332692
-1.237253
0.01958847
-1.245992
-1.247389
-1.246341
0.01899481
-1.24696
-1.247635
-1.247067
0.01884933
-1.247204
-1.247494
-1.247203
0.01881501
-1.247062
-1.246757
-1.246953
0.01909173
-1.246333
-1.256842
-1.245978
0.01133538
0.0221047
-1.251337
0.06351046
0.06379746
0.06435272
0.05145471
0.08370793
0.05240797
0.08322264
0.06190176
0.06227622
0.06216064
0.0516888
0.05147382
0.06128899
0.06167664
0.06140045
0.05109493
0.05102286
0.06095962
0.06135799
0.0610293
0.05087894
0.05084747
0.06082967
0.06123821
0.06082738
0.05083006
0.05087059
0.06137798
0.06178212
0.06113345
0.05128697
0.05152119
0.04307021
0.04594743
0.0623098
0.06249161
0.0632252
0.08217887
0.08201678
0.06062668
0.06081401
0.06089126
0.06000589
0.06019511
0.06011896
0.05966707
0.05985816
0.05973973
0.05952261
0.05971565
0.05952389
0.06007713
0.06027134
0.05982518
0.04541401
0.04520822
0.06200863
0.06204233
0.06293246
0.08179032
0.08176548
0.06032077
0.06035479
0.06058666
0.05969288
0.0597281
0.05980751
0.05934885
0.05938497
0.05942271
0.05920032
0.05923713
0.0592025
0.05974724
0.05978563
0.05949815
0.0448851
0.04483977
0.0619919
0.06198266
0.06291733
0.08175193
0.08176068
0.06030319
0.06029421
0.06056935
0.0596741
0.05966488
0.059789
0.05932919
0.05931981
0.05940326
0.05917994
0.05917039
0.05918228
0.05972567
0.05971552
0.05947702
0.04480039
0.04481248
0.06219049
0.06210365
0.06311161
0.08185697
0.08193356
0.06050242
0.06041464
0.06076783
0.05987797
0.05978843
0.05999181
0.05953644
0.05944563
0.05960972
0.05938991
0.05929811
0.05939162
0.05994231
0.05984849
0.05969099
0.04495459
0.04505831
0.06310462
0.06275872
0.06399657
0.08245231
0.08277579
0.06145267
0.06108746
0.06171448
0.06083457
0.06046801
0.0609471
0.06049993
0.06013138
0.06057108
0.06036304
0.05999093
0.06036241
0.06091483
0.0605457
0.06066641
0.0456932
0.04601811
0.05054528
0.05246658
0.05173026
0.05151271
0.05112698
0.05105288
0.05090344
0.05087031
0.05084839
0.05088758
0.05130044
0.05153308
-1.242412
-1.243249
0.02418713
-1.234279
0.06657312
-1.245988
-1.24632
0.02021007
-1.24572
-1.246521
-1.246852
0.01991494
-1.246449
-1.246562
-1.246893
0.01983455
-1.246584
-1.246187
-1.246518
0.01989553
-1.246335
-1.245087
-1.245379
0.02050784
-1.245353
-1.243791
-1.243522
-1.235496
0.06446298
-1.247683
-1.247407
-1.247407
-1.248226
-1.247948
-1.248153
-1.248269
-1.24799
-1.24829
-1.247891
-1.247613
-1.248041
-1.246785
-1.246512
-1.247036
-1.244321
-1.244249
-1.236024
0.06433365
-1.248223
-1.24815
-1.247944
-1.248772
-1.248699
-1.248698
-1.248816
-1.248742
-1.248837
-1.248435
-1.248362
-1.248587
-1.247323
-1.24725
-1.247575
-1.244365
-1.244386
-1.236069
0.06435714
-1.248267
-1.248288
-1.247989
-1.248817
-1.248838
-1.248743
-1.248861
-1.248882
-1.248882
-1.24848
-1.248501
-1.248631
-1.247367
-1.247388
-1.247619
-1.243992
-1.24414
-1.235697
0.06446381
-1.24789
-1.24804
-1.247613
-1.248435
-1.248587
-1.248362
-1.248478
-1.248631
-1.248499
-1.248099
-1.248251
-1.24825
-1.246989
-1.247139
-1.247241
-1.242733
-1.243161
-1.234457
0.06522385
-1.246565
-1.247033
-1.246294
-1.2471
-1.24757
-1.247028
-1.247141
-1.247612
-1.247163
-1.246765
-1.247236
-1.246914
-1.245678
-1.246143
-1.245925
0.05197189
0.05231042
0.05271602
0.04171692
0.04382363
0.04249582
0.03938618
0.04279758
0.05118831
0.05131086
0.04223184
0.0384107
0.04203468
0.04178375
0.03827018
0.04188907
0.05091816
0.05096532
0.04170742
0.03804595
0.04165243
0.04158186
0.03800886
0.04161196
0.05081778
0.0508258
0.04155972
0.03795011
0.04154533
0.04155025
0.03794753
0.04154087
0.05108391
0.05095101
0.04158027
0.03804909
0.04163872
0.04188889
0.03814832
0.04173746
0.04817937
0.05130281
0.04211023
0.03859047
0.0423502
0.03881483
0.03680902
0.04206261
0.08240968
0.08273176
0.08172713
0.08308156
0.08451691
0.08421671
0.08294425
0.08448807
0.06291739
0.06326072
0.06249041
0.06308996
0.06397744
0.06274617
0.06247528
0.06203769
0.06212159
0.06169705
0.06207544
0.06153361
0.06144227
0.06170337
0.0610786
0.0612365
0.06107234
0.06087219
0.0611926
0.06158296
0.06110686
0.06082654
0.06093861
0.06046124
0.06072952
0.060643
0.06036394
0.06089972
0.06130078
0.06085353
0.06049361
0.06056443
0.06012615
0.06043244
0.06038484
0.06006421
0.06087165
0.06128214
0.0609669
0.06035792
0.06035709
0.05998678
0.06039871
0.06049366
0.06002693
0.06161071
0.06201848
0.06127183
0.0609102
0.06066177
0.06054196
0.06113571
0.06080731
0.06077175
0.04569416
0.04601879
0.03223101
0.02779648
0.03428706
0.03408676
0.02714865
0.03440589
0.08183453
0.08190613
0.08399429
0.08230427
0.083839
0.08366766
0.08220373
0.08373417
0.06167874
0.06186263
0.06123115
0.06218295
0.06310144
0.06209758
0.06155103
0.06110286
0.06146523
0.06041898
0.0606068
0.0602534
0.06049721
0.06076225
0.06041039
0.06028894
0.06012288
0.0602017
0.05990768
0.0600974
0.05981973
0.05987418
0.05998772
0.05978532
0.05977557
0.05968728
0.05968645
0.0596038
0.05979542
0.05955391
0.05953368
0.05960671
0.05944337
0.05947007
0.05941988
0.05937957
0.05956159
0.05975522
0.05965589
0.05938785
0.05938938
0.05929642
0.05942662
0.05952043
0.05933507
0.06030802
0.06050259
0.0599884
0.05994047
0.05968914
0.05984705
0.06017022
0.05984925
0.06007563
0.04495571
0.04505956
0.03379977
0.02626232
0.03358711
0.03332326
0.02610483
0.03343227
0.08174944
0.0817532
0.08362768
0.08208492
0.08360635
0.08359491
0.0820772
0.08359679
0.061376
0.06140982
0.06092749
0.06198992
0.06291462
0.061982
0.06135727
0.06090882
0.06134928
0.06011119
0.06014553
0.05994371
0.06030184
0.06056791
0.06029366
0.06009211
0.05992455
0.06008392
0.05959327
0.05962874
0.05950398
0.05967315
0.05978796
0.05966447
0.0595734
0.05948407
0.05956475
0.05928446
0.05932078
0.05923348
0.05932851
0.05940249
0.05931951
0.05926402
0.059213
0.05925504
0.05923842
0.05927543
0.05933124
0.05917947
0.05918172
0.05917015
0.05921749
0.05931016
0.05920819
0.05997364
0.06001298
0.05964875
0.05972526
0.05947659
0.05971534
0.05995099
0.05962526
0.05994081
0.04480054
0.04481292
0.0332484
0.02586678
0.03319992
0.03315758
0.02583691
0.033171
0.08180778
0.08177795
0.0835984
0.08208954
0.08360725
0.08365203
0.08210545
0.08362376
0.06135894
0.06134982
0.06091029
0.06201194
0.06293698
0.06204701
0.06137891
0.06093021
0.06141392
0.0600933
0.06008425
0.0599255
0.06032298
0.06058909
0.06035788
0.0601133
0.05994578
0.06014851
0.05957422
0.05956497
0.05948473
0.05969449
0.05980926
0.0597303
0.05959478
0.05950548
0.05963089
0.05926457
0.05925518
0.05921342
0.05934998
0.05942394
0.0593865
0.05928554
0.05923456
0.05932231
0.05921786
0.05920827
0.05931048
0.05920113
0.05920334
0.05923822
0.05923923
0.05933207
0.05927659
0.05995138
0.05994093
0.05962544
0.05974796
0.05949885
0.05978665
0.05997431
0.05964906
0.06001396
0.04488416
0.04483906
0.03315739
0.02583627
0.03317043
0.03324715
0.02586575
0.033199
0.08221636
0.08204922
0.08369892
0.0822487
0.08377233
0.08404625
0.08235733
0.08388404
0.0615576
0.0614705
0.06110883
0.06231887
0.06323737
0.06250235
0.06168672
0.06123852
0.06187209
0.06029374
0.06020545
0.06012715
0.06063291
0.06089801
0.06082143
0.06042485
0.06025893
0.06061381
0.05977905
0.05968912
0.05969038
0.06001051
0.06012393
0.06020067
0.05991205
0.05982386
0.06010267
0.0594726
0.05938149
0.05942212
0.05967049
0.0597434
0.05986234
0.05960706
0.059557
0.05979943
0.05942853
0.05933651
0.05952222
0.05952522
0.05952664
0.0597189
0.05956416
0.05965838
0.05975842
0.06017197
0.06007695
0.05985023
0.0600795
0.05982754
0.0602743
0.06031026
0.05998974
0.06050543
0.04541283
0.04520696
0.03332174
0.02610289
0.03343056
0.03379797
0.02626023
0.0335853
0.0835837
0.08323756
0.08427565
0.08301724
0.08454929
0.081539
0.08311777
0.08453936
0.06248822
0.06213264
0.06204961
0.06352812
0.06437506
0.06382153
0.06293318
0.06250499
0.06328268
0.05201614
0.05235854
0.05181682
0.04065085
0.04278487
0.04248763
0.03831857
0.04279188
0.0612462
0.06088037
0.06108134
0.06191448
0.06217422
0.062294
0.06170898
0.06154479
0.06209212
0.05122252
0.05134734
0.04222316
0.03734263
0.04202562
0.04177409
0.03720208
0.04187969
0.06073704
0.06037016
0.06064999
0.06129893
0.06141097
0.0616905
0.06120197
0.06111568
0.061596
0.0509444
0.05099341
0.04169751
0.03697791
0.0416423
0.04157134
0.03694088
0.04160163
0.06043838
0.06006902
0.06039039
0.06096752
0.06103763
0.0613689
0.06090721
0.06086062
0.06131107
0.05083753
0.05084705
0.04154903
0.03688232
0.0415345
0.04153916
0.03687982
0.0415299
0.06040361
0.06003085
0.06049836
0.06083613
0.06083412
0.0612469
0.06087785
0.06097288
0.06129039
0.05109847
0.05096674
0.04156908
0.03698173
0.04162747
0.0418776
0.03708112
0.04172617
0.06114014
0.06077531
0.06081043
0.06138374
0.06113928
0.06178941
0.06161622
0.06127586
0.06202536
0.0430656
0.04816237
0.0459464
0.0513081
0.03408514
0.02714693
0.03440446
0.04209897
0.03752382
0.04233766
0.03222147
0.03879494
0.02779368
0.03679446
0.03428465
0.0420475
-1.24473
-1.245118
0.02116229
-1.245365
-1.242732
-1.234458
0.06510318
-1.243165
-1.245266
-1.245934
-1.245723
-1.246192
-1.246523
0.02009218
-1.246341
-1.246563
-1.246293
-1.247036
-1.246768
-1.246918
-1.247243
-1.246565
-1.246896
0.0198867
-1.246585
-1.247098
-1.247026
-1.247574
-1.247142
-1.247163
-1.247618
-1.246516
-1.246847
0.01982752
-1.246444
-1.24714
-1.247162
-1.247616
-1.247094
-1.247022
-1.24757
-1.245983
-1.246315
0.01997675
-1.245713
-1.246764
-1.246913
-1.24724
-1.246559
-1.246288
-1.247034
-1.246346
-1.246063
0.02056937
-1.255294
-0.001247718
-1.245678
-1.245924
-1.246148
-1.24715
-1.256356
-0.00361893
-1.247631
-1.246355
-1.246085
-1.24704
-1.243994
-1.235698
0.06439167
-1.244141
-1.24656
-1.247245
-1.246708
-1.247892
-1.247615
-1.248043
-1.247891
-1.247614
-1.248041
-1.248101
-1.248253
-1.248251
-1.248271
-1.247992
-1.248291
-1.248436
-1.248363
-1.248588
-1.248481
-1.248502
-1.248633
-1.248223
-1.247944
-1.248151
-1.248479
-1.248501
-1.248632
-1.248434
-1.248361
-1.248586
-1.247683
-1.247406
-1.247407
-1.248101
-1.248251
-1.248252
-1.247892
-1.247616
-1.248043
-1.248262
-1.247991
-1.257473
-0.004646332
-1.246991
-1.247243
-1.247141
-1.248468
-1.257677
-0.004801893
-1.248617
-1.246887
-1.246816
-1.247574
-1.244365
-1.236069
0.06433729
-1.244386
-1.246931
-1.247618
-1.246952
-1.248433
-1.248361
-1.248587
-1.248267
-1.247989
-1.248288
-1.248478
-1.248632
-1.248499
-1.248817
-1.248744
-1.248838
-1.248817
-1.248743
-1.248838
-1.248862
-1.248883
-1.248883
-1.24877
-1.248697
-1.248697
-1.248861
-1.248883
-1.248882
-1.248815
-1.248742
-1.248836
-1.248226
-1.248153
-1.247949
-1.24848
-1.248632
-1.248501
-1.248271
-1.247993
-1.248292
-1.248799
-1.248726
-1.258007
-0.005037008
-1.247367
-1.247619
-1.247388
-1.248844
-1.258052
-0.005066557
-1.248865
-1.246931
-1.246952
-1.247618
-1.24432
-1.236024
0.06436668
-1.244248
-1.246887
-1.247573
-1.246815
-1.248478
-1.248499
-1.248631
-1.248222
-1.247944
-1.24815
-1.248433
-1.248586
-1.24836
-1.248862
-1.248883
-1.248883
-1.248771
-1.248698
-1.248698
-1.248817
-1.248837
-1.248743
-1.248815
-1.248836
-1.248742
-1.248815
-1.248837
-1.248742
-1.24877
-1.248696
-1.248696
-1.248271
-1.248292
-1.247993
-1.248435
-1.248586
-1.248362
-1.248225
-1.247948
-1.248153
-1.248843
-1.248864
-1.258052
-0.005067432
-1.247322
-1.247574
-1.247249
-1.248798
-1.258006
-0.005038438
-1.248725
-1.246558
-1.246707
-1.247244
-1.243789
-1.235494
0.06454797
-1.243519
-1.246353
-1.247038
-1.246082
-1.248099
-1.24825
-1.248251
-1.247681
-1.247406
-1.247405
-1.24789
-1.248041
-1.247612
-1.24848
-1.248632
-1.2485
-1.248224
-1.248152
-1.247945
-1.248269
-1.248289
-1.24799
-1.248432
-1.248585
-1.24836
-1.248267
-1.248289
-1.247987
-1.248221
-1.248149
-1.247942
-1.247891
-1.248042
-1.247614
-1.247889
-1.248039
-1.24761
-1.247681
-1.247405
-1.247403
-1.248465
-1.248615
-1.257674
-0.004804693
-1.246782
-1.247033
-1.246509
-1.248259
-1.257469
-0.004649411
-1.247987
-1.245267
-1.245719
-1.245935
-1.242459
-1.23431
0.06668104
-1.243523
0.02316787
-1.244784
-1.245419
-1.245404
0.02014632
-1.24677
-1.247239
-1.246919
-1.246042
-1.245774
-1.246608
0.01919406
-1.246246
-1.246395
-1.246811
0.01907615
-1.247144
-1.247615
-1.247164
-1.246575
-1.246503
-1.247139
0.01889897
-1.246619
-1.246639
-1.247184
0.01887078
-1.247096
-1.247567
-1.247023
-1.246616
-1.246638
-1.247181
0.01881882
-1.246571
-1.246498
-1.247135
0.01881187
-1.24656
-1.24703
-1.246289
-1.246241
-1.246389
-1.246805
0.01888022
-1.246036
-1.245767
-1.246602
0.0189616
-1.247149
-1.247626
-1.256354
-0.003622075
-1.24514
-1.245407
-1.245665
0.01949296
-1.246392
-1.255325
-0.001252486
-1.246337
0.0195514
)
;
        valueFraction   nonuniform List<scalar> 
1536
(
0.003434862
0.003368732
0.003328524
0.003319162
0.003338639
0.003394104
0.00337338
0.003780363
0.003682245
0.003646925
0.003703272
0.003824436
0.003331227
0.003679718
0.003523563
0.003469088
0.003550767
0.003737058
0.003321086
0.00364665
0.003473252
0.003413314
0.003502785
0.00370796
0.003339615
0.003702567
0.003558146
0.003507332
0.003583727
0.003757176
0.003394185
0.003810494
0.003732999
0.003704733
0.003751851
0.003849289
0.003970319
0.003970434
0.00361748
0.003920442
0.00354369
0.003876502
0.00349805
0.003868906
0.003491396
0.003887765
0.003512454
0.003952918
0.003586375
0.003970824
0.003923313
0.003546236
0.003838446
0.003762387
0.003752731
0.003787335
0.003917872
0.003921347
0.003877901
0.00349896
0.003759485
0.003671001
0.003659212
0.003699345
0.003846448
0.003875968
0.003868745
0.003490632
0.003747586
0.003656339
0.003644101
0.003685784
0.003835708
0.003866839
0.003886182
0.003510242
0.003780373
0.003694595
0.003683483
0.003722183
0.003865429
0.003884326
0.003950167
0.003582741
0.003908522
0.003839348
0.003830752
0.003862357
0.003982267
0.00394837
0.003970621
0.003920754
0.003876832
0.00386926
0.00388814
0.003953318
0.004075401
0.004463658
0.00443583
0.00439748
0.00438959
0.004381117
0.004381657
0.004392647
0.004401539
0.004442212
0.00447075
0.004073206
0.00407554
0.00446993
0.003388337
0.003394057
0.003829818
0.003336608
0.003810129
0.003750844
0.003318987
0.003732375
0.003704263
0.003330022
0.003704127
0.003731696
0.003373404
0.003751326
0.003821336
0.003427615
0.00384884
0.003387446
0.00407253
0.004461262
0.004441554
0.004401795
0.003807068
0.003339521
0.003744695
0.003705222
0.003702358
0.003589342
0.003647585
0.003557629
0.003507537
0.003679985
0.003506938
0.003551131
0.003789715
0.003583548
0.003705295
0.003367647
0.00375689
0.003334431
0.004433188
0.004393884
0.004393345
0.004383551
0.003726375
0.003321067
0.003699046
0.003558243
0.003646754
0.003510823
0.003470243
0.003473117
0.003414027
0.003516635
0.003413217
0.003465098
0.003681747
0.003502824
0.003646166
0.003325898
0.003707877
0.003315423
0.004385525
0.00437582
0.00438356
0.004393412
0.003699219
0.003331293
0.003726462
0.003511575
0.003680148
0.003558074
0.003414571
0.003523909
0.003470152
0.00346554
0.003469326
0.003516434
0.003646632
0.003550946
0.003681474
0.003315423
0.003737131
0.003325976
0.004375842
0.004385637
0.004401877
0.004441691
0.003745079
0.003373515
0.003807285
0.003590487
0.003780927
0.003705341
0.00350856
0.00368304
0.003647745
0.003551849
0.003647612
0.003680075
0.00370589
0.003703842
0.0037899
0.003334516
0.003824765
0.003367814
0.004394032
0.004433427
0.004470091
0.004075804
0.003830135
0.003435075
0.003388504
0.004075692
0.004463971
0.003751504
0.00336891
0.003336837
0.004436144
0.004397805
0.003704953
0.003328745
0.003319243
0.004389931
0.00438147
0.003732268
0.00331939
0.003330262
0.004382026
0.004393023
0.003821805
0.003338847
0.003373624
0.004401925
0.004442618
0.003387605
0.003394309
0.003427932
0.004461529
0.004471162
0.004072932
0.004073628
0.003946786
0.003579564
0.003949992
0.003582595
0.003971713
0.003884235
0.003508653
0.003908345
0.003857197
0.003868403
0.00349069
0.003839211
0.003829529
0.00387912
0.003500613
0.003830645
0.003842403
0.003925908
0.003549423
0.00386222
0.003916734
0.003971297
0.003618858
0.003982053
0.003948103
0.003582599
0.003907159
0.003886087
0.003510149
0.003854205
0.003782167
0.003780237
0.003716329
0.003751601
0.003694505
0.003682153
0.0037656
0.003683428
0.003698338
0.003846996
0.003722097
0.003789408
0.00354607
0.003865298
0.003884176
0.00351019
0.00383524
0.003868729
0.003490611
0.003824464
0.003693447
0.003747556
0.003679541
0.003658013
0.003656352
0.003642701
0.00367491
0.003644154
0.003660646
0.003768614
0.003685787
0.003756806
0.003498929
0.003835686
0.00386682
0.003490657
0.003824486
0.003877968
0.003499012
0.003835343
0.003679596
0.003759548
0.003693531
0.003642807
0.003671077
0.003658057
0.0036607
0.00365932
0.003675002
0.003756806
0.003699412
0.003768746
0.003490669
0.003846511
0.003876086
0.003499031
0.003854288
0.00392346
0.003546356
0.003907382
0.003716413
0.003838589
0.00378238
0.003682265
0.003762525
0.003751778
0.00369841
0.003752877
0.003765799
0.003789459
0.003787456
0.00384722
0.003510303
0.003918019
0.003921591
0.003546272
0.003971813
0.003970714
0.003617718
0.003947105
0.00357983
0.003857291
0.003543934
0.003884567
0.003508934
0.003829633
0.003498316
0.003868754
0.003490985
0.003842494
0.003491681
0.003879493
0.003500922
0.003916833
0.003512749
0.003926305
0.003549746
0.003582791
0.003586684
0.003971228
0.003971716
0.003619208
0.003804906
0.003440102
0.003444351
0.003822305
0.003821803
0.003803924
0.003807952
0.003774477
0.00335659
0.003784968
0.003701136
0.003689376
0.003735747
0.003324089
0.003742427
0.00366706
0.00366418
0.003731314
0.00332091
0.003728527
0.003661429
0.003662739
0.003767569
0.003347188
0.00375589
0.003675957
0.003682663
0.003830478
0.003419315
0.003813203
0.003727933
0.003760524
0.003818625
0.00380151
0.003768979
0.003781268
0.003360434
0.003705074
0.003692634
0.003723512
0.003755536
0.003753666
0.003618604
0.0036656
0.003637578
0.003602395
0.003651983
0.003596401
0.003690028
0.003728823
0.003660444
0.00383225
0.003848823
0.003801816
0.003701509
0.003689961
0.003728177
0.003735
0.003326547
0.003668453
0.003665058
0.003618856
0.003637215
0.003663528
0.003472318
0.003498062
0.003498776
0.003449355
0.003476092
0.003441644
0.003566833
0.003588418
0.003527091
0.003770889
0.003782138
0.003722812
0.003667195
0.003664034
0.00372292
0.003720381
0.00332264
0.003661149
0.003662211
0.003605715
0.003598996
0.003652133
0.003454077
0.003445037
0.003481436
0.003430326
0.003421042
0.003422327
0.00355144
0.003543931
0.003510457
0.003762796
0.003759127
0.003712677
0.003660296
0.003661288
0.003756089
0.003745494
0.003347851
0.003674942
0.003681587
0.003691609
0.00366348
0.00372652
0.003573421
0.003534295
0.003594909
0.00355473
0.003513778
0.003548317
0.00365187
0.003618855
0.003619053
0.003813965
0.003798008
0.003778016
0.003673413
0.003679584
0.003815173
0.003797684
0.003420034
0.003727081
0.003760385
0.00381563
0.003791623
0.003829205
0.003760851
0.003719529
0.003771134
0.003753541
0.003708996
0.003750001
0.003804084
0.003772754
0.003787856
0.003876548
0.00386699
0.003862683
0.003722308
0.003754522
0.00382257
0.00380414
0.003701334
0.003689573
0.003667288
0.003664405
0.003661669
0.003662973
0.003676198
0.003682901
0.003728193
0.003760802
0.004089873
0.003656327
0.004019557
0.003659312
0.004022095
0.003968606
0.003530598
0.003905324
0.003982417
0.00392366
0.003494594
0.003872311
0.003927216
0.003921195
0.003492601
0.00387054
0.003920223
0.003954292
0.003519742
0.003896504
0.003946716
0.004073316
0.003617897
0.003988157
0.004042327
0.003965667
0.003979916
0.003532807
0.003907873
0.003797162
0.003818738
0.003818075
0.003733293
0.003757489
0.003738535
0.003729914
0.003754177
0.003728451
0.003775956
0.003798197
0.00376444
0.003942719
0.003959105
0.00389973
0.003918722
0.003922467
0.003495246
0.003873382
0.003730608
0.003736132
0.003754349
0.003658051
0.003664862
0.003664404
0.003654456
0.00366122
0.003652506
0.003706875
0.003712652
0.003693451
0.003888793
0.003893035
0.003841956
0.0039143
0.003913549
0.003491611
0.003870056
0.003724823
0.003723627
0.003748797
0.003651439
0.003649874
0.003658008
0.003647888
0.003646358
0.003645825
0.003700845
0.003699563
0.003687218
0.003883859
0.003882973
0.00383678
0.003945534
0.003938343
0.003517284
0.00389462
0.003768886
0.003757786
0.003790824
0.003701977
0.003688928
0.003707566
0.003698374
0.003685311
0.003696752
0.003746455
0.003734918
0.003734253
0.003919253
0.003910961
0.003874649
0.004062487
0.004031968
0.003614152
0.003985374
0.003933008
0.003890744
0.003949052
0.003881079
0.003835027
0.003885152
0.003878272
0.003832047
0.003877165
0.003915684
0.003872101
0.003906951
0.004052343
0.004019451
0.004018208
0.003722189
0.003755126
0.004020193
0.004518617
0.004419832
0.004356452
0.004502442
0.004394616
0.003672872
0.003678908
0.004331054
0.004419711
0.00431681
0.004297412
0.004406056
0.004304737
0.003661069
0.003661763
0.004290734
0.004385178
0.004287164
0.004283803
0.004382102
0.004284593
0.003669374
0.003665848
0.004284298
0.004383454
0.004285887
0.004293833
0.004387459
0.004289468
0.003706245
0.003693879
0.004301483
0.004410904
0.004309596
0.004337536
0.004425389
0.004322585
0.003818914
0.003806685
0.004363609
0.004509567
0.004401538
0.004016006
0.00452339
0.00442363
0.003726956
0.003760251
0.004020601
0.004523957
0.004427129
0.004364569
0.004508947
0.004403236
0.003813628
0.003413272
0.003798635
0.003815101
0.003419863
0.003797583
0.00385198
0.0038434
0.003839674
0.003762544
0.003344404
0.003752609
0.003815458
0.003828844
0.003791295
0.003799267
0.003784929
0.003769743
0.003730611
0.003320307
0.003728347
0.003760566
0.00377057
0.003719032
0.003752963
0.003749393
0.00370902
0.003737118
0.003325063
0.003744658
0.003753281
0.003749482
0.00370858
0.003761063
0.003771787
0.003718036
0.003782047
0.003360224
0.003795757
0.003803871
0.003787392
0.003772439
0.003823213
0.003841323
0.003797147
0.003811227
0.003440776
0.003435137
0.003876333
0.003862262
0.003866754
0.003829278
0.003411752
0.003816411
0.003722137
0.003754311
0.004014772
0.004515688
0.004412817
0.004350504
0.004500045
0.004388293
0.003674869
0.003681515
0.004338335
0.004424975
0.004323435
0.004302801
0.004410809
0.004310667
0.003806744
0.003822021
0.003786378
0.003755964
0.00334773
0.003745396
0.003789635
0.00376396
0.003774884
0.003692078
0.003728721
0.003664439
0.00369131
0.003726073
0.003663496
0.003655162
0.003623543
0.003623377
0.003604663
0.003653451
0.00359755
0.003572834
0.003594119
0.003534153
0.003556796
0.003548462
0.003516215
0.003615463
0.003663412
0.003634148
0.003554307
0.003547723
0.003513765
0.003568391
0.003588882
0.003528557
0.003725166
0.00375928
0.003760982
0.003651566
0.00361869
0.003619009
0.003690484
0.003730745
0.003660847
0.003789929
0.003801946
0.00335522
0.003813725
0.003777633
0.003797924
0.003776401
0.003342577
0.00376535
0.003673317
0.00367946
0.00432527
0.004416824
0.004311029
0.004291224
0.00440283
0.004298766
0.003661133
0.003662189
0.004295476
0.004388514
0.004291405
0.004287069
0.00438494
0.00428827
0.003750709
0.003760587
0.003713301
0.003722897
0.003322593
0.00372039
0.003743192
0.003703599
0.003739564
0.003574031
0.003594547
0.003535535
0.003605723
0.003652038
0.003599343
0.003558887
0.003518535
0.003551373
0.003452861
0.003479324
0.003443106
0.003453864
0.003481093
0.003445187
0.00343353
0.003423176
0.003424178
0.003466568
0.00349237
0.003491698
0.003430265
0.003422159
0.003421194
0.003447781
0.003473419
0.003438704
0.003614506
0.003633763
0.003664751
0.003551396
0.003510433
0.00354417
0.003600217
0.003651945
0.003593329
0.003746243
0.003754055
0.00332107
0.003762741
0.003712534
0.003759166
0.00374033
0.003316955
0.003737778
0.003660279
0.003661245
0.004284207
0.004380763
0.004280315
0.004276085
0.004377213
0.004277233
0.003668499
0.0036651
0.004287065
0.004384973
0.004288279
0.004295544
0.004388564
0.004291462
0.003743347
0.00373964
0.00370389
0.003728305
0.003326594
0.003735149
0.003750771
0.003713335
0.003760692
0.003559337
0.003551735
0.003519481
0.003619278
0.003663837
0.00363787
0.003574062
0.003535088
0.003594647
0.003434043
0.003424524
0.003423871
0.00347261
0.00349889
0.003498618
0.003452879
0.003442735
0.00347945
0.003448176
0.003438994
0.003474017
0.003449528
0.00344169
0.003476514
0.003466443
0.003491235
0.003492344
0.003600667
0.003593668
0.003652586
0.0035669
0.00352713
0.003588752
0.003614229
0.003664274
0.00363358
0.003740376
0.003737793
0.003316997
0.003770945
0.003722784
0.003782261
0.003746278
0.003321116
0.003754096
0.003667255
0.003664072
0.004276112
0.004377272
0.004277304
0.004284275
0.004380835
0.004280345
0.003705163
0.003692721
0.004302865
0.004410909
0.004310735
0.004338445
0.004425091
0.004323529
0.0037899
0.003775103
0.003764484
0.003769215
0.003360548
0.003781487
0.003806942
0.003786664
0.003822191
0.003655776
0.003624103
0.003624869
0.003724271
0.003754278
0.003756207
0.003692359
0.003664515
0.003728976
0.003557573
0.003516992
0.003549615
0.00361948
0.003638396
0.003666588
0.003604985
0.003597581
0.003653798
0.003569002
0.003529112
0.003589805
0.003603093
0.003597073
0.003652827
0.003615633
0.003634085
0.003663635
0.003691011
0.003661264
0.003731611
0.00369052
0.003660982
0.003729518
0.003725243
0.003761164
0.003759541
0.003776555
0.00376544
0.003342714
0.003832496
0.0038021
0.003849116
0.003790087
0.003355364
0.003802069
0.003701659
0.003690091
0.004291347
0.004403002
0.004298913
0.004325443
0.004417027
0.004311171
0.00382204
0.003808118
0.004364699
0.004509133
0.004403383
0.004020849
0.00452417
0.004427303
0.003852022
0.003839814
0.003843729
0.003805005
0.003444522
0.00344028
0.003813628
0.003798785
0.003413429
0.003722383
0.003755311
0.004020472
0.004518928
0.004420099
0.004356705
0.004502756
0.004394862
0.003799541
0.003770236
0.00378556
0.003774615
0.003785241
0.003356755
0.003762645
0.003752929
0.003344578
0.003673097
0.003679112
0.004331335
0.004420045
0.004317101
0.00429769
0.004406385
0.004304991
0.003753321
0.003709594
0.003750008
0.003735932
0.003742779
0.003324289
0.00373078
0.003728689
0.003320515
0.003661312
0.00366199
0.004291057
0.004385542
0.004287495
0.004284107
0.004382454
0.004284865
0.003761351
0.003718481
0.00377232
0.003731475
0.003728856
0.003321112
0.003737242
0.003744924
0.003325265
0.00366962
0.00366608
0.00428464
0.004383838
0.004286233
0.004294147
0.004387835
0.00428976
0.003823422
0.003797473
0.0038418
0.003767661
0.003756151
0.003347373
0.003782093
0.00379592
0.003360414
0.003706504
0.003694124
0.004301824
0.004411304
0.004309942
0.004337876
0.004425796
0.004322918
0.00382941
0.003816533
0.003411954
0.003830537
0.003813382
0.003419503
0.003811326
0.003435356
0.003440997
0.003819006
0.003819317
0.003801768
0.003807004
0.00435072
0.004500334
0.004388527
0.004363957
0.004509982
0.004401891
0.004015155
0.004016416
0.004516023
0.004523815
0.004413102
0.004424011
0.004062796
0.00361055
0.003981888
0.004033258
0.004062295
0.003613975
0.003985176
0.004031774
0.004040577
0.004008174
0.004007028
0.003948894
0.003515344
0.003892314
0.003942092
0.003932825
0.003948813
0.003890558
0.003909812
0.003901883
0.003865965
0.003919705
0.003491343
0.003869348
0.003919234
0.003880941
0.003884932
0.003834869
0.003876463
0.003875901
0.003830171
0.003926173
0.003496671
0.003874284
0.003930119
0.003878137
0.003876968
0.003831903
0.003883594
0.003888006
0.003837621
0.003975109
0.00353577
0.003910207
0.003989719
0.003915525
0.003906739
0.003871942
0.003939758
0.003956686
0.003897858
0.004100369
0.003663093
0.004024612
0.003659534
0.004020911
0.004052134
0.004017961
0.004019256
0.004073747
0.003613694
0.00398337
0.004043868
0.003930022
0.003946518
0.003888744
0.003945391
0.003517164
0.003894508
0.003938213
0.003906395
0.003863466
0.003898049
0.003769466
0.003792002
0.003759014
0.003768731
0.003790632
0.003757647
0.003739758
0.003728637
0.003727971
0.00372801
0.003752358
0.003727247
0.003701857
0.003707395
0.003688827
0.003696288
0.00369543
0.003683091
0.003736235
0.003760253
0.003741943
0.003698257
0.00369661
0.003685223
0.003704831
0.003710932
0.003692041
0.003804958
0.0038262
0.003826938
0.003746309
0.003734104
0.003734815
0.00377668
0.003799622
0.003765833
0.0039781
0.003992251
0.003532794
0.003905951
0.003919095
0.003874481
0.003910843
0.003957872
0.003517114
0.003892586
0.003950753
0.003875989
0.003880167
0.003830702
0.003914284
0.003491568
0.003870022
0.003913519
0.003871028
0.003825501
0.003870092
0.003699809
0.0037057
0.00368736
0.003724811
0.003748756
0.003723585
0.003693752
0.003681053
0.003692392
0.003652094
0.003659011
0.003651197
0.003651476
0.003657993
0.003649864
0.003645392
0.003644469
0.003643721
0.003661622
0.00366814
0.003668546
0.003647924
0.003645836
0.003646352
0.003655059
0.003662186
0.003653576
0.003738953
0.003744355
0.003763555
0.003700833
0.003687196
0.003699532
0.003733167
0.003757964
0.003731984
0.003931253
0.003935022
0.003495267
0.003871469
0.003883829
0.003836739
0.003882956
0.003926808
0.003491582
0.00386811
0.003926088
0.003871067
0.003870121
0.003825532
0.003918797
0.003495276
0.003873434
0.003922537
0.003876056
0.00383077
0.003880264
0.003693779
0.003692429
0.003681083
0.003730669
0.003754407
0.003736184
0.003699876
0.003687423
0.003705795
0.003645448
0.003643794
0.003644521
0.003658142
0.003664467
0.00366493
0.003652115
0.003651224
0.003659068
0.003655099
0.00365363
0.003662211
0.003654549
0.003652578
0.003661289
0.003661651
0.003668601
0.003668202
0.003733193
0.003732001
0.00375799
0.003706931
0.003693483
0.0037127
0.003739003
0.003763616
0.003744444
0.003926832
0.003926091
0.003491637
0.003868162
0.00388886
0.003841981
0.003893112
0.003931333
0.003495318
0.003871555
0.003935121
0.003906539
0.003898149
0.003863597
0.003965817
0.003532898
0.003908005
0.003980076
0.00393018
0.003888903
0.003946723
0.003739877
0.003728057
0.00372877
0.003797264
0.003818182
0.003818889
0.003769602
0.003759158
0.003792199
0.00369642
0.003683185
0.003695576
0.003733399
0.003738621
0.003757641
0.003728101
0.003727354
0.003752516
0.003704941
0.003692106
0.003711051
0.003730017
0.003728534
0.00375432
0.003736326
0.003742062
0.003760405
0.003776787
0.003765883
0.003799737
0.003776041
0.003764494
0.003798317
0.003805087
0.003827077
0.003826381
0.003958004
0.003950845
0.003517274
0.003892763
0.003942846
0.003899825
0.003959255
0.003978281
0.003532946
0.003906167
0.003992452
0.004040741
0.004007167
0.004008369
0.004090073
0.00365949
0.004022324
0.003656584
0.00401987
0.004062979
0.00403349
0.003610808
0.003982206
0.003909964
0.003866094
0.003902088
0.003968767
0.0039826
0.003530857
0.003905649
0.003949076
0.00394232
0.003515613
0.003892647
0.003876607
0.003830308
0.003876111
0.003923818
0.003927409
0.00349487
0.003872656
0.003919867
0.003919449
0.003491623
0.0038697
0.003883727
0.003837733
0.003888197
0.003921361
0.003920413
0.003492895
0.003870906
0.003926332
0.003930333
0.003496963
0.003874657
0.003939904
0.003897977
0.003956864
0.003954456
0.0039469
0.003520047
0.00389689
0.003975293
0.003989938
0.003536082
0.003910603
0.004073953
0.004044044
0.00361394
0.003983667
0.004073513
0.004042535
0.003618224
0.003988563
0.004100601
0.00365979
0.004021249
0.003663427
0.004025022
)
;
        source          uniform 0;
        value           nonuniform List<scalar> 
1536
(
307.9286
308.0389
308.0822
308.0903
308.0755
308.0176
308.0413
308.1628
308.2064
308.2146
308.1998
308.1413
308.0844
308.2063
308.2505
308.2589
308.244
308.1849
308.0926
308.2145
308.2589
308.2674
308.2524
308.1932
308.078
308.1999
308.244
308.2524
308.2375
308.1785
308.0202
308.1412
308.1846
308.1927
308.178
308.1197
307.8315
307.8325
307.7955
307.9276
307.8921
307.9709
307.9355
307.9791
307.9436
307.9642
307.9287
307.906
307.8704
307.8249
307.9326
307.896
307.9906
308.0347
308.0429
308.028
307.9684
307.925
307.9758
307.9393
308.0346
308.0793
308.0876
308.0727
308.0125
307.9687
307.9841
307.9475
308.0428
308.0876
308.0959
308.081
308.0207
307.977
307.9694
307.9328
308.028
308.0727
308.0809
308.066
308.0059
307.9621
307.9114
307.8747
307.9684
308.0123
308.0204
308.0056
307.9463
307.9035
307.831
307.9271
307.9705
307.9786
307.9637
307.9054
307.8976
307.9748
307.9953
308.0321
308.0384
308.0466
308.0465
308.0381
308.0317
307.9949
307.974
307.8917
307.8985
307.9799
308.0182
308.0204
308.1203
308.0758
308.1414
308.1784
308.0903
308.1848
308.193
308.0818
308.1929
308.1846
308.0385
308.1782
308.1412
307.925
308.1199
308.0177
307.8916
307.9728
308.0006
308.0372
308.1415
308.078
308.1785
308.2
308.1999
308.2376
308.2146
308.2441
308.2525
308.2062
308.2524
308.244
308.1627
308.2376
308.2001
308.0387
308.1785
308.0759
307.9937
308.0308
308.0436
308.0517
308.1848
308.0926
308.193
308.244
308.2145
308.2524
308.259
308.2589
308.2674
308.2505
308.2674
308.2589
308.2065
308.2524
308.2148
308.0823
308.1932
308.0906
308.0372
308.0454
308.0517
308.0435
308.193
308.0843
308.1847
308.2524
308.2062
308.244
308.2674
308.2505
308.2589
308.2589
308.2589
308.2504
308.2148
308.244
308.2064
308.0906
308.1849
308.0822
308.0454
308.0371
308.0372
308.0004
308.1784
308.0411
308.1414
308.2375
308.1626
308.1999
308.2524
308.2063
308.2145
308.2439
308.2144
308.2061
308.2
308.1997
308.1625
308.0758
308.1411
308.0385
308.0306
307.9935
307.9797
307.898
308.1201
307.9282
308.0178
307.8971
307.9743
308.1783
308.0386
308.0755
307.9949
308.0316
308.1928
308.0818
308.09
308.038
308.0461
308.1844
308.0899
308.0815
308.046
308.0376
308.141
308.0751
308.0382
308.0312
307.9944
308.0174
308.0172
307.9246
307.9725
307.9735
307.8911
307.8913
307.9068
307.8712
307.9116
307.8749
307.9471
307.9645
307.929
307.9686
308.006
307.9791
307.9437
308.0125
308.0206
307.9706
307.9352
308.0206
308.0123
307.9271
307.8916
308.0058
307.9684
307.8251
307.7893
307.9465
307.9038
307.8687
307.9688
307.9695
307.9329
308.0061
308.0282
308.0281
308.0661
308.0429
308.0728
308.081
308.0345
308.081
308.0727
307.9905
308.0661
308.0282
307.8899
308.006
307.9622
307.9272
308.0126
307.9841
307.9475
308.0207
308.0727
308.0428
308.081
308.0877
308.0876
308.096
308.0793
308.096
308.0876
308.0348
308.081
308.043
307.9337
308.0208
307.977
307.942
308.0207
307.9758
307.9392
308.0125
308.081
308.0345
308.0727
308.096
308.0793
308.0876
308.0876
308.0876
308.0792
308.043
308.0726
308.0347
307.942
308.0125
307.9686
307.9336
308.0061
307.9324
307.8958
307.9687
308.0661
307.9904
308.028
308.081
308.0346
308.0428
308.0726
308.0427
308.0344
308.0281
308.0279
307.9903
307.9271
307.9682
307.9247
307.8897
307.9469
307.8321
307.795
307.9063
307.8707
308.0058
307.8916
307.964
307.9286
308.0204
307.935
307.9786
307.9432
308.0121
307.9431
307.9701
307.9347
307.9682
307.9282
307.9266
307.8911
307.8684
307.8699
307.8244
307.8246
307.7888
307.9972
307.9604
307.9616
307.9279
307.9289
307.9575
307.9597
308.094
308.0548
308.0781
308.0359
308.0518
308.1255
308.0865
308.1212
308.0791
308.0834
308.128
308.0889
308.1293
308.0872
308.0859
308.1057
308.0666
308.1145
308.0724
308.0636
308.0295
307.9908
308.0567
308.0146
307.9877
307.9241
307.9552
308.0952
308.0793
308.0572
308.0393
308.0552
308.1952
308.1789
308.1789
308.2271
308.2107
308.2228
308.2297
308.2133
308.231
308.2073
308.191
308.2162
308.1294
308.1133
308.1575
308.0356
308.0516
308.1265
308.1222
308.0887
308.0823
308.0866
308.2269
308.2226
308.2105
308.2594
308.255
308.2549
308.262
308.2576
308.2634
308.2394
308.235
308.2484
308.1611
308.1568
308.1892
308.0791
308.0834
308.1291
308.1304
308.0913
308.0905
308.0892
308.2296
308.2308
308.2132
308.2621
308.2634
308.2576
308.2648
308.2661
308.2661
308.2421
308.2434
308.2511
308.1638
308.1651
308.1919
308.0874
308.0861
308.107
308.1159
308.0691
308.0759
308.0671
308.2072
308.2162
308.191
308.2393
308.2484
308.235
308.242
308.2511
308.2433
308.2195
308.2285
308.2284
308.1414
308.1503
308.1695
308.0726
308.0636
308.031
308.0582
307.9935
308.0182
307.9915
308.1292
308.1573
308.1132
308.1607
308.1889
308.1564
308.1632
308.1914
308.1645
308.1409
308.1691
308.1498
308.0642
308.0918
308.0917
308.0142
307.9872
307.9275
307.9571
308.0356
308.0515
308.0788
308.0831
308.0869
308.0855
308.0721
308.0632
308.0142
307.9873
307.8334
307.816
307.8515
307.8181
307.8546
307.9259
307.908
307.9435
307.9099
307.9576
307.9398
307.9753
307.9533
307.9601
307.9423
307.9777
307.9614
307.9377
307.9198
307.9553
307.9466
307.8611
307.8436
307.8792
307.8881
307.9278
307.9118
307.9119
307.9486
308.0233
308.0069
308.0069
308.0556
308.039
308.0512
308.0581
308.0416
308.0594
308.0356
308.0191
308.0446
307.9569
307.9407
307.9847
307.9594
307.9551
307.9436
307.9801
308.0554
308.0511
308.0389
308.0881
308.0837
308.0837
308.0907
308.0863
308.092
308.068
308.0637
308.077
307.9889
307.9846
308.0168
307.962
307.9633
307.9462
307.9828
308.058
308.0593
308.0415
308.0908
308.092
308.0864
308.0934
308.0947
308.0947
308.0707
308.072
308.0797
307.9915
307.9928
308.0195
307.9398
307.9487
307.9239
307.9605
308.0355
308.0445
308.0191
308.068
308.0771
308.0637
308.0706
308.0797
308.0719
308.048
308.057
308.057
307.969
307.978
307.997
307.8636
307.8903
307.8481
307.8849
307.9569
307.9846
307.9408
307.9888
308.0166
307.9845
307.9912
308.0191
307.9925
307.9688
307.9967
307.9777
307.8915
307.9187
307.9188
308.0152
307.9889
307.9314
307.9197
307.9553
308.0108
307.9491
307.985
308.0728
308.0639
308.0314
308.0112
308.0472
308.0681
308.0232
308.0592
308.0873
308.0861
308.0744
308.0427
308.0787
308.0825
308.0454
308.0813
308.0788
308.0831
308.0825
308.0452
308.0811
308.0741
308.0425
308.0784
308.0355
308.0515
308.0677
308.0229
308.0589
308.031
308.0109
308.0469
307.9242
307.9554
308.0102
307.9475
307.9837
307.9264
307.9165
307.9526
308.0184
307.9918
307.9323
307.9231
307.9584
308.0154
307.9537
307.9892
308.0306
307.9919
308.0573
308.0313
307.9938
308.0584
308.0654
308.0925
308.0929
308.106
308.0669
308.1149
308.1294
308.1135
308.1575
308.1415
308.1503
308.1695
308.1281
308.0891
308.1294
308.161
308.1567
308.1891
308.1636
308.1648
308.1918
308.1252
308.0862
308.1209
308.1634
308.1648
308.1916
308.1607
308.1564
308.1889
308.0937
308.0545
308.0777
308.1412
308.15
308.1693
308.1292
308.1132
308.1573
307.9952
307.9583
307.9583
308.0645
308.092
308.0921
308.0296
307.9908
308.0569
308.0145
307.9876
307.9263
307.9157
307.9522
308.0096
307.9464
307.9832
308.076
308.0672
308.0361
308.0165
308.052
308.0727
308.0284
308.0639
308.1299
308.114
308.1576
308.1071
308.0692
308.1159
308.1419
308.1696
308.1507
308.2074
308.1911
308.2163
308.2073
308.191
308.2162
308.2196
308.2286
308.2285
308.2298
308.2134
308.2311
308.2394
308.2351
308.2485
308.2421
308.2434
308.2512
308.227
308.2106
308.2226
308.242
308.2434
308.2511
308.2393
308.2349
308.2484
308.1952
308.1789
308.1789
308.2196
308.2285
308.2286
308.2074
308.1911
308.2164
308.094
308.0779
308.0548
308.1415
308.1696
308.1504
308.1061
308.067
308.115
308.0727
308.0638
308.0305
308.0097
308.0466
308.0675
308.0219
308.0586
308.0905
308.0892
308.079
308.0478
308.0833
308.0872
308.0505
308.0859
308.1613
308.157
308.1891
308.1291
308.0913
308.1304
308.1639
308.1917
308.1652
308.2393
308.2349
308.2484
308.2296
308.2132
308.2309
308.242
308.2511
308.2432
308.2621
308.2577
308.2634
308.2621
308.2576
308.2634
308.2648
308.2661
308.2661
308.2593
308.2549
308.2549
308.2648
308.2661
308.2661
308.262
308.2576
308.2633
308.2271
308.2228
308.2108
308.2421
308.2511
308.2434
308.2298
308.2135
308.2311
308.1257
308.1214
308.0867
308.1638
308.1919
308.1651
308.1284
308.0894
308.1297
308.0874
308.0861
308.0739
308.0415
308.0782
308.0822
308.0442
308.0809
308.0823
308.0866
308.0872
308.0505
308.0859
308.079
308.0478
308.0832
308.1639
308.1652
308.1917
308.1265
308.0886
308.1222
308.1612
308.189
308.157
308.2419
308.2432
308.2511
308.2269
308.2105
308.2226
308.2392
308.2483
308.2349
308.2648
308.2661
308.2661
308.2593
308.2549
308.2549
308.2621
308.2634
308.2576
308.262
308.2633
308.2576
308.262
308.2633
308.2576
308.2593
308.2549
308.2548
308.2298
308.2311
308.2135
308.2394
308.2484
308.235
308.2271
308.2108
308.2227
308.1284
308.1297
308.0893
308.1611
308.1892
308.1567
308.1257
308.0866
308.1213
308.079
308.0834
308.0822
308.0441
308.0809
308.0738
308.0414
308.0782
308.0391
308.0551
308.0727
308.0284
308.0638
308.036
308.0164
308.0519
308.1418
308.1506
308.1696
308.0951
308.0571
308.0791
308.1298
308.1575
308.1138
308.2195
308.2285
308.2285
308.1951
308.1788
308.1788
308.2073
308.2162
308.1909
308.242
308.2511
308.2433
308.227
308.2227
308.2106
308.2297
308.2309
308.2133
308.2392
308.2483
308.2349
308.2296
308.2309
308.2131
308.2269
308.2225
308.2104
308.2073
308.2163
308.191
308.2072
308.2161
308.1908
308.195
308.1788
308.1787
308.106
308.1149
308.0668
308.1293
308.1573
308.1131
308.0938
308.0546
308.0777
308.0353
308.0515
308.0674
308.0217
308.0585
308.0303
308.0095
308.0464
307.9285
307.9593
308.0152
307.9534
307.9889
307.9318
307.9228
307.9581
308.0652
308.0927
308.0923
307.9968
307.9613
307.96
308.0303
308.057
307.9916
308.0148
307.9885
307.9309
307.9192
307.9548
308.0104
307.9486
307.9846
308.1412
308.1694
308.1501
308.0937
308.0778
308.0545
308.1057
308.1146
308.0666
308.0724
308.0636
308.031
308.0107
308.0468
308.0677
308.0227
308.0589
308.1634
308.1916
308.1646
308.1252
308.1209
308.0861
308.1278
308.1291
308.0888
308.0869
308.0857
308.074
308.0423
308.0783
308.0822
308.0449
308.081
308.1605
308.1887
308.1561
308.1277
308.129
308.0886
308.1249
308.1206
308.0859
308.0784
308.0828
308.0821
308.0447
308.0808
308.0737
308.042
308.0781
308.1289
308.1571
308.1129
308.1054
308.1142
308.0662
308.0934
308.0774
308.0541
308.0352
308.0511
308.0673
308.0224
308.0585
308.0306
308.0103
308.0465
308.0292
308.0566
307.9904
308.0292
308.0564
307.9904
307.9948
307.9579
307.9579
307.9236
307.9237
307.9548
307.9549
308.0093
307.946
307.9828
308.0097
307.947
307.9833
307.9258
307.9259
307.9153
307.916
307.9518
307.9522
307.8627
307.8452
307.8808
307.8888
307.8639
307.8484
307.8851
307.8905
307.8933
307.9198
307.9203
307.938
307.9201
307.9556
307.9469
307.9572
307.9411
307.9848
307.9694
307.9783
307.9971
307.9603
307.9425
307.9779
307.9615
307.989
307.9847
308.0168
307.9917
307.9929
308.0194
307.9574
307.9395
307.975
307.953
307.9915
307.9928
308.0193
307.9888
307.9845
308.0166
307.9256
307.9077
307.9432
307.9095
307.9691
307.978
307.9969
307.9569
307.9408
307.9846
307.83
307.8126
307.848
307.8115
307.8465
307.8918
307.9191
307.919
307.8605
307.842
307.8771
307.8874
307.9579
307.9419
307.985
307.9399
307.924
307.9606
307.9487
307.9701
307.9973
307.9789
308.0357
308.0192
308.0447
308.0356
308.0192
308.0446
308.0481
308.0571
308.0571
308.0582
308.0417
308.0595
308.0681
308.0637
308.0771
308.0708
308.072
308.0798
308.0554
308.0389
308.0511
308.0707
308.0719
308.0797
308.0679
308.0636
308.077
308.0233
308.0068
308.0069
308.0481
308.0571
308.0571
308.0357
308.0193
308.0447
307.925
307.9088
307.9061
307.9411
307.9692
307.9971
307.9781
307.9372
307.9183
307.9533
307.9461
307.9896
307.9854
308.0168
307.9621
307.9462
307.9828
307.9633
307.9923
308.0195
307.9935
308.0679
308.0636
308.077
308.058
308.0415
308.0593
308.0706
308.0797
308.0718
308.0908
308.0864
308.092
308.0908
308.0864
308.092
308.0935
308.0947
308.0947
308.088
308.0836
308.0836
308.0934
308.0947
308.0947
308.0907
308.0863
308.0919
308.0556
308.0512
308.0391
308.0707
308.0797
308.072
308.0583
308.0418
308.0595
307.9569
307.9526
307.9381
307.973
307.9916
308.0195
307.9928
307.9596
307.9408
307.9757
307.9609
307.9922
307.9935
308.0195
307.9594
307.9435
307.9801
307.9551
307.9896
308.0168
307.9853
308.0706
308.0718
308.0797
308.0554
308.0388
308.051
308.0679
308.077
308.0636
308.0935
308.0947
308.0947
308.088
308.0837
308.0837
308.0908
308.092
308.0864
308.0907
308.0919
308.0863
308.0907
308.092
308.0863
308.0879
308.0836
308.0836
308.0582
308.0595
308.0417
308.068
308.077
308.0636
308.0555
308.039
308.0512
307.9596
307.9609
307.9407
307.9757
307.9888
308.0168
307.9845
307.9569
307.938
307.973
307.9525
307.97
307.9789
307.9972
307.9277
307.9118
307.9484
307.9117
307.9578
307.9849
307.9417
308.048
308.057
308.0571
308.0232
308.0068
308.0067
308.0356
308.0446
308.0191
308.0707
308.0798
308.0719
308.0555
308.0511
308.0389
308.0581
308.0594
308.0415
308.0679
308.0769
308.0635
308.058
308.0593
308.0414
308.0553
308.051
308.0387
308.0356
308.0446
308.0192
308.0355
308.0444
308.0189
308.0231
308.0067
308.0066
307.9371
307.946
307.9181
307.9531
307.9567
307.9846
307.9405
307.9248
307.9059
307.9409
307.9086
307.893
307.9201
307.9195
307.833
307.8177
307.8542
307.8155
307.8509
307.8623
307.8885
307.8448
307.8803
307.9691
307.9969
307.978
307.9255
307.9096
307.9076
307.943
307.9377
307.9465
307.9197
307.9551
307.9914
308.0192
307.9926
307.9573
307.953
307.9393
307.9748
307.9599
307.9611
307.942
307.9774
307.9885
308.0164
307.9842
307.9597
307.9611
307.9418
307.9772
307.957
307.9527
307.9391
307.9745
307.9566
307.9844
307.9405
307.9373
307.9462
307.9193
307.9548
307.9252
307.9091
307.9072
307.9426
307.8602
307.8871
307.8416
307.8768
307.8607
307.8877
307.8431
307.8786
307.8295
307.8111
307.8461
307.8121
307.8475
)
;
        qrNbr           qr;
        logInterval     -1;
        writePrecision  7;
        updateHeader    1;
        writeToFile     0;
        useUserTime     1;
        kappaMethod     solidThermo;
        kappa           none;
    }
}


// ************************************************************************* //
