/*--------------------------------*- C++ -*----------------------------------*\
| =========                 |                                                 |
| \\      /  F ield         | OpenFOAM: The Open Source CFD Toolbox           |
|  \\    /   O peration     | Version:  2506                                  |
|   \\  /    A nd           | Website:  www.openfoam.com                      |
|    \\/     M anipulation  |                                                 |
\*---------------------------------------------------------------------------*/
FoamFile
{
    version     2.0;
    format      ascii;
    arch        "LSB;label=32;scalar=64";
    class       volScalarField;
    location    "3000/floor";
    object      damage;
}
// * * * * * * * * * * * * * * * * * * * * * * * * * * * * * * * * * * * * * //

dimensions      [0 0 0 0 0 0 0];

internalField   nonuniform List<scalar> 
2700
(
0.02786115
0.0278842
0.02791038
0.02793464
0.02795639
0.02797564
0.0279925
0.02800718
0.02801984
0.02803053
0.02803916
0.02804586
0.02805089
0.02805432
0.02805606
0.02805604
0.02805429
0.02805083
0.02804559
0.02803852
0.02802948
0.02801835
0.02800508
0.02798964
0.02797189
0.02795173
0.02792907
0.02790393
0.02787711
0.02785387
0.02788432
0.02790714
0.02793299
0.02795687
0.02797819
0.02799699
0.0280134
0.0280276
0.0280398
0.02805003
0.02805829
0.02806472
0.02806957
0.02807286
0.02807452
0.0280745
0.02807282
0.02806948
0.02806441
0.02805755
0.02804877
0.02803796
0.02802505
0.02800999
0.02799264
0.0279729
0.02795068
0.02792597
0.02789955
0.02787664
0.02791102
0.02793347
0.02795881
0.02798215
0.02800289
0.0280211
0.02803695
0.02805058
0.02806225
0.028072
0.02807986
0.02808598
0.02809059
0.02809371
0.02809529
0.02809527
0.02809366
0.02809047
0.02808562
0.02807903
0.02807058
0.02806017
0.02804771
0.02803313
0.0280163
0.0279971
0.02797543
0.02795127
0.02792538
0.02790287
0.02793599
0.027958
0.02798279
0.02800552
0.02802565
0.02804326
0.02805851
0.02807159
0.02808275
0.02809203
0.02809949
0.02810531
0.02810967
0.02811263
0.02811412
0.0281141
0.02811258
0.02810954
0.02810491
0.02809859
0.0280905
0.0280805
0.0280685
0.02805441
0.02803811
0.02801948
0.02799839
0.02797481
0.02794947
0.0279274
0.02795845
0.02798002
0.02800424
0.02802636
0.02804587
0.02806288
0.02807756
0.0280901
0.02810074
0.02810958
0.02811667
0.02812218
0.02812631
0.02812911
0.02813052
0.0281305
0.02812906
0.02812618
0.02812176
0.02811572
0.02810796
0.02809837
0.02808682
0.02807322
0.02805745
0.02803937
0.02801886
0.02799586
0.02797108
0.02794945
0.02797839
0.02799953
0.02802319
0.02804472
0.02806363
0.02808006
0.02809418
0.0281062
0.02811636
0.02812477
0.0281315
0.02813673
0.02814064
0.02814329
0.02814463
0.02814461
0.02814324
0.02814051
0.0281363
0.02813052
0.02812309
0.02811388
0.02810277
0.02808964
0.02807437
0.02805683
0.02803688
0.02801445
0.02799021
0.027969
0.02799592
0.02801665
0.02803976
0.02806073
0.02807907
0.02809495
0.02810855
0.02812008
0.02812979
0.0281378
0.0281442
0.02814916
0.02815287
0.02815538
0.02815665
0.02815663
0.02815535
0.02815275
0.02814873
0.0281432
0.02813607
0.02812723
0.02811652
0.02810383
0.02808903
0.028072
0.02805257
0.02803068
0.02800697
0.02798617
0.02801117
0.0280315
0.02805411
0.02807454
0.02809236
0.02810773
0.02812084
0.02813192
0.02814122
0.02814886
0.02815495
0.02815967
0.02816319
0.02816558
0.02816679
0.02816678
0.02816557
0.0281631
0.02815926
0.02815396
0.0281471
0.02813859
0.02812825
0.02811596
0.0281016
0.02808504
0.0280661
0.02804471
0.02802149
0.02800108
0.02802441
0.02804428
0.0280664
0.02808634
0.02810367
0.02811856
0.02813123
0.0281419
0.02815082
0.02815812
0.02816394
0.02816843
0.02817179
0.02817408
0.02817524
0.02817523
0.02817409
0.02817174
0.02816806
0.02816296
0.02815636
0.02814814
0.02813814
0.02812621
0.02811226
0.02809612
0.02807764
0.02805672
0.02803395
0.02801391
0.02803684
0.02805533
0.02807674
0.0280962
0.02811309
0.02812756
0.02813984
0.02815014
0.02815872
0.02816574
0.02817131
0.02817561
0.02817883
0.02818102
0.02818214
0.02818214
0.02818106
0.02817881
0.02817528
0.02817036
0.02816398
0.02815602
0.0281463
0.02813465
0.02812103
0.02810527
0.02808718
0.02806668
0.02804432
0.02802464
0.02805706
0.02806646
0.02808541
0.02810421
0.02812071
0.02813483
0.02814677
0.02815677
0.02816507
0.02817184
0.02817721
0.02818135
0.02818445
0.02818657
0.02818765
0.02818767
0.02818664
0.02818449
0.02818108
0.02817631
0.0281701
0.02816232
0.0281527
0.02814089
0.02812731
0.0281118
0.02809404
0.02807389
0.02805201
0.02803291
0.02811695
0.0280832
0.02809316
0.02811057
0.02812667
0.0281405
0.02815217
0.02816191
0.02816999
0.02817657
0.02818177
0.02818579
0.0281888
0.02819086
0.02819192
0.02819195
0.02819096
0.02818889
0.02818557
0.02818092
0.02817482
0.02816699
0.02815642
0.02814148
0.02812596
0.02811017
0.02809245
0.02807267
0.02805196
0.02803555
0.02810777
0.02808866
0.02809852
0.0281153
0.02813109
0.02814468
0.02815614
0.0281657
0.02817361
0.02818003
0.02818511
0.02818903
0.02819197
0.02819399
0.02819503
0.02819507
0.02819412
0.0281921
0.02818887
0.02818429
0.02817815
0.02816933
0.02815279
0.02811813
0.02808866
0.02806957
0.02804971
0.02802971
0.02801372
0.02801134
0.02823244
0.02811947
0.02810584
0.02811885
0.02813405
0.02814745
0.02815876
0.02816819
0.02817598
0.02818229
0.02818729
0.02819115
0.02819404
0.02819603
0.02819707
0.02819712
0.02819619
0.02819421
0.02819102
0.02818646
0.02818
0.02816811
0.02813282
0.02802734
0.02794242
0.02791018
0.0278756
0.02785551
0.02785122
0.02789187
0.02826605
0.02812962
0.02810886
0.02812056
0.02813552
0.02814883
0.02816007
0.02816942
0.02817715
0.02818342
0.02818837
0.02819219
0.02819506
0.02819704
0.02819806
0.02819812
0.0281972
0.02819525
0.02819209
0.02818754
0.02818097
0.028168
0.02812665
0.02800135
0.02790236
0.02786667
0.02782951
0.02780719
0.02779122
0.02778902
0.02827049
0.02813091
0.02810908
0.02812058
0.02813552
0.02814882
0.02816006
0.02816941
0.02817714
0.02818344
0.02818849
0.02819221
0.02819505
0.02819703
0.02819805
0.02819811
0.02819719
0.02819523
0.02819207
0.02818752
0.02818092
0.02816773
0.02812525
0.02799665
0.02789551
0.02785927
0.02782176
0.02779854
0.02777796
0.02776189
0.02826412
0.02812785
0.02810721
0.028119
0.02813404
0.02814742
0.02815874
0.02816816
0.028176
0.02818265
0.02818866
0.0281915
0.02819407
0.028196
0.02819703
0.02819708
0.02819615
0.02819417
0.02819098
0.0281864
0.02817976
0.02816652
0.02812399
0.02799533
0.02789413
0.02785781
0.0278202
0.02779672
0.02777514
0.02775653
0.02822748
0.02811568
0.0281025
0.02811572
0.02813108
0.02814463
0.02815609
0.02816568
0.02817394
0.02818271
0.02819596
0.02819171
0.0281923
0.02819397
0.02819497
0.02819501
0.02819405
0.02819203
0.02818879
0.02818415
0.02817746
0.02816436
0.02812284
0.02799739
0.0278982
0.02786229
0.02782477
0.02780121
0.02777936
0.02776031
0.02809138
0.02808097
0.02809325
0.02811056
0.0281266
0.02814041
0.02815209
0.02816196
0.02817131
0.02818738
0.02823118
0.0281966
0.02819011
0.02819089
0.02819183
0.02819184
0.02819085
0.02818877
0.02818546
0.02818074
0.02817409
0.02816198
0.02812643
0.02802069
0.02793546
0.02790286
0.0278676
0.02784514
0.02782319
0.02780391
0.02805008
0.02806527
0.02808522
0.02810409
0.02812058
0.0281347
0.02814664
0.02815666
0.02816531
0.02817443
0.02818796
0.02818394
0.02818468
0.02818645
0.02818749
0.02818751
0.02818647
0.02818432
0.0281809
0.02817611
0.02816972
0.02816059
0.02814372
0.02810869
0.02807881
0.02805927
0.02803888
0.02801843
0.02799665
0.02797695
0.02803581
0.02805499
0.02807654
0.02809601
0.0281129
0.02812737
0.02813964
0.02814994
0.02815857
0.0281659
0.02817249
0.02817577
0.02817866
0.02818079
0.0281819
0.0281819
0.02818082
0.02817857
0.02817504
0.02817011
0.02816369
0.02815548
0.02814447
0.02812906
0.02811302
0.02809669
0.02807856
0.02805903
0.02803918
0.02801719
0.0280241
0.02804403
0.02806616
0.02808609
0.02810342
0.0281183
0.02813096
0.02814162
0.02815054
0.02815787
0.02816378
0.02816817
0.02817149
0.02817377
0.02817492
0.02817492
0.02817377
0.02817142
0.02816774
0.02816264
0.02815603
0.02814778
0.02813762
0.02812523
0.02811102
0.02809497
0.02807757
0.02806259
0.02805655
0.02802103
0.02801086
0.02803119
0.02805379
0.02807422
0.02809203
0.02810738
0.02812049
0.02813156
0.02814085
0.02814849
0.02815458
0.02815928
0.0281628
0.02816518
0.02816639
0.02816637
0.02816516
0.02816269
0.02815885
0.02815355
0.0281467
0.02813818
0.02812784
0.02811551
0.02810117
0.02808501
0.02806939
0.02806806
0.0281131
0.02802816
0.02799554
0.02801626
0.02803937
0.02806032
0.02807865
0.02809451
0.0281081
0.02811962
0.02812932
0.02813732
0.02814371
0.02814866
0.02815236
0.02815487
0.02815613
0.02815612
0.02815483
0.02815223
0.02814822
0.02814269
0.02813557
0.02812673
0.02811603
0.02810334
0.02808857
0.0280717
0.02805338
0.02803743
0.02803046
0.0279942
0.02797793
0.02799906
0.0280227
0.02804422
0.02806312
0.02807953
0.02809363
0.02810564
0.02811579
0.02812419
0.02813091
0.02813612
0.02814003
0.02814267
0.028144
0.02814398
0.02814262
0.02813989
0.02813568
0.02812991
0.02812248
0.02811328
0.02810219
0.02808906
0.02807382
0.02805632
0.02803658
0.02801519
0.02799349
0.02797002
0.02795791
0.02797947
0.02800367
0.02802578
0.02804527
0.02806226
0.02807692
0.02808944
0.02810007
0.02810889
0.02811597
0.02812147
0.0281256
0.02812839
0.02812979
0.02812977
0.02812833
0.02812545
0.02812104
0.028115
0.02810725
0.02809767
0.02808614
0.02807256
0.0280568
0.02803874
0.02801827
0.02799543
0.02797096
0.02794908
0.02793537
0.02795737
0.02798214
0.02800486
0.02802496
0.02804255
0.02805778
0.02807085
0.02808198
0.02809125
0.0280987
0.0281045
0.02810886
0.02811181
0.02811329
0.02811327
0.02811175
0.02810871
0.02810409
0.02809778
0.02808969
0.02807971
0.02806773
0.02805366
0.02803738
0.02801876
0.02799769
0.02797415
0.02794886
0.02792678
0.02791033
0.02793276
0.02795809
0.0279814
0.02800212
0.02802031
0.02803613
0.02804975
0.0280614
0.02807114
0.02807897
0.02808508
0.02808968
0.0280928
0.02809437
0.02809434
0.02809274
0.02808955
0.02808471
0.02807812
0.02806969
0.0280593
0.02804685
0.02803229
0.02801548
0.0279963
0.02797466
0.02795052
0.02792466
0.02790216
0.02788357
0.02790638
0.02793219
0.02795605
0.02797734
0.02799613
0.02801252
0.0280267
0.02803887
0.0280491
0.02805733
0.02806374
0.02806857
0.02807186
0.02807352
0.02807349
0.02807181
0.02806847
0.02806342
0.02805657
0.0280478
0.02803701
0.02802412
0.02800907
0.02799175
0.02797204
0.02794983
0.02792515
0.02789876
0.02787586
0.02786035
0.02788342
0.02790951
0.02793377
0.02795547
0.02797472
0.02799157
0.02800622
0.02801886
0.02802957
0.02803815
0.02804482
0.02804984
0.02805325
0.02805498
0.02805496
0.02805322
0.02804976
0.02804453
0.02803748
0.02802845
0.02801734
0.02800409
0.02798866
0.02797093
0.0279508
0.02792817
0.02790305
0.02787626
0.02785305
0.01218929
0.01224469
0.01230494
0.01236031
0.01240989
0.01245374
0.01249214
0.01252553
0.01255432
0.01257859
0.01259817
0.01261335
0.01262477
0.01263255
0.01263647
0.01263637
0.01263232
0.01262438
0.0126124
0.01259624
0.01257559
0.01255016
0.01251987
0.01248462
0.01244411
0.01239811
0.01234641
0.01228898
0.01222712
0.01217117
0.01224513
0.01229992
0.01235934
0.01241379
0.01246232
0.01250509
0.01254242
0.01257466
0.01260237
0.0126256
0.01264431
0.01265887
0.01266984
0.01267729
0.01268104
0.01268093
0.01267704
0.01266938
0.0126578
0.01264215
0.01262213
0.01259747
0.01256803
0.01253369
0.01249415
0.01244917
0.01239851
0.0123421
0.01228121
0.01222604
0.01230673
0.01236059
0.01241884
0.012472
0.01251918
0.01256061
0.01259662
0.0126276
0.01265411
0.01267624
0.01269404
0.0127079
0.01271832
0.0127254
0.01272894
0.01272882
0.01272512
0.01271781
0.01270672
0.01269168
0.01267243
0.0126487
0.01262029
0.01258706
0.01254871
0.01250497
0.01245558
0.01240044
0.01234077
0.01228658
0.01236382
0.01241663
0.01247358
0.01252535
0.01257113
0.01261117
0.01264584
0.01267555
0.01270088
0.01272196
0.01273887
0.01275202
0.0127619
0.01276859
0.01277193
0.01277182
0.0127683
0.01276135
0.01275076
0.01273635
0.01271789
0.0126951
0.01266776
0.01263566
0.01259853
0.01255607
0.01250801
0.0124542
0.0123958
0.01234264
0.0124151
0.01246686
0.01252248
0.01257286
0.01261723
0.0126559
0.01268925
0.01271772
0.0127419
0.01276196
0.01277802
0.01279049
0.01279984
0.01280616
0.01280932
0.0128092
0.01280587
0.01279927
0.01278917
0.01277539
0.01275769
0.01273583
0.01270952
0.01267853
0.01264261
0.01260142
0.01255467
0.01250219
0.01244508
0.01239297
0.01246065
0.01251136
0.01256569
0.01261471
0.01265771
0.01269505
0.01272714
0.01275443
0.01277751
0.01279659
0.01281183
0.01282365
0.01283249
0.01283848
0.01284146
0.01284136
0.0128382
0.01283193
0.0128223
0.01280911
0.01279216
0.01277118
0.01274586
0.01271594
0.01268116
0.01264121
0.01259573
0.01254455
0.01248869
0.01243761
0.01250068
0.0125504
0.01260348
0.0126512
0.01269292
0.012729
0.01275989
0.01278607
0.01280812
0.01282629
0.01284078
0.01285198
0.01286036
0.01286603
0.01286887
0.01286877
0.01286578
0.01285982
0.01285064
0.012838
0.01282174
0.01280158
0.01277718
0.01274826
0.01271456
0.01267576
0.0126315
0.01258154
0.01252689
0.0124768
0.0125355
0.01258427
0.01263618
0.0126827
0.01272321
0.01275813
0.01278792
0.01281307
0.01283417
0.01285151
0.0128653
0.01287595
0.01288391
0.0128893
0.012892
0.01289191
0.01288909
0.01288342
0.01287463
0.01286251
0.01284686
0.01282745
0.0128039
0.01277589
0.01274319
0.01270546
0.01266231
0.0126135
0.01255997
0.01251081
0.01256572
0.01261344
0.01266422
0.0127096
0.012749
0.01278284
0.01281161
0.01283582
0.01285606
0.01287263
0.01288579
0.01289595
0.01290353
0.01290868
0.01291126
0.01291118
0.01290851
0.01290311
0.01289469
0.01288302
0.01286795
0.01284921
0.01282643
0.01279925
0.01276746
0.01273072
0.01268861
0.01264087
0.01258839
0.0125401
0.01259391
0.01263853
0.01268778
0.01273209
0.01277049
0.01280337
0.01283124
0.01285461
0.01287409
0.01288999
0.0129026
0.01291232
0.01291958
0.01292452
0.012927
0.01292694
0.0129244
0.01291924
0.01291114
0.01289988
0.0128853
0.01286716
0.01284503
0.01281852
0.0127875
0.01275162
0.01271043
0.01266363
0.01261211
0.01256464
0.01264208
0.01266355
0.01270744
0.01275034
0.01278786
0.01281993
0.01284705
0.01286973
0.01288857
0.01290392
0.01291606
0.01292542
0.01293242
0.0129372
0.0129396
0.01293956
0.01293714
0.01293218
0.01292435
0.01291342
0.01289924
0.01288154
0.01285974
0.01283318
0.01280243
0.01276716
0.01272669
0.0126807
0.01263013
0.01258381
0.01282883
0.0127034
0.01272484
0.01276478
0.01280143
0.01283285
0.01285935
0.01288147
0.01289981
0.01291471
0.01292649
0.01293557
0.01294236
0.012947
0.01294934
0.01294933
0.012947
0.01294221
0.0129346
0.01292393
0.01291003
0.01289238
0.01286926
0.01283765
0.01280359
0.01276794
0.01272748
0.01268183
0.01263325
0.01259154
0.01274683
0.01270873
0.01273619
0.01277546
0.01281149
0.01284239
0.01286842
0.01289011
0.01290805
0.01292261
0.01293411
0.01294297
0.01294961
0.01295415
0.01295646
0.01295647
0.01295422
0.01294955
0.01294211
0.01293162
0.01291774
0.01289866
0.0128658
0.01279768
0.01273556
0.0126935
0.01264578
0.01259239
0.01255143
0.01253644
0.01307903
0.01277271
0.01275074
0.01278324
0.01281822
0.01284871
0.0128744
0.01289579
0.01291346
0.01292779
0.0129391
0.01294781
0.01295434
0.01295882
0.01296111
0.01296113
0.01295894
0.01295436
0.01294703
0.01293662
0.0129223
0.01289826
0.0128308
0.01259863
0.01239689
0.01232467
0.01221746
0.01216027
0.01214189
0.01223669
0.01314772
0.01279154
0.01275671
0.01278701
0.01282156
0.01285185
0.01287738
0.01289861
0.01291614
0.01293035
0.01294157
0.01295019
0.01295667
0.01296112
0.01296339
0.01296343
0.01296126
0.01295673
0.01294945
0.01293909
0.01292464
0.01289898
0.01282157
0.01255264
0.01232259
0.01224362
0.01212876
0.01206743
0.01202637
0.01201179
0.01315555
0.01279363
0.01275704
0.01278704
0.01282155
0.01285183
0.01287736
0.01289859
0.01291613
0.0129304
0.01294178
0.01295023
0.01295665
0.01296109
0.01296336
0.0129634
0.01296123
0.0129567
0.01294942
0.01293906
0.01292456
0.01289857
0.01281943
0.01254504
0.01231118
0.01223125
0.0121156
0.01205284
0.0120041
0.01196317
0.01314336
0.01278752
0.01275294
0.01278344
0.01281818
0.01284865
0.01287434
0.01289574
0.0129135
0.01292845
0.01294187
0.01294846
0.01295437
0.01295876
0.01296103
0.01296105
0.01295885
0.01295427
0.01294694
0.0129365
0.01292191
0.01289582
0.01281656
0.01254204
0.01230802
0.01222793
0.01211207
0.01204887
0.01199853
0.01195334
0.01306827
0.01276421
0.01274316
0.0127761
0.01281145
0.01284229
0.01286832
0.01289007
0.01290867
0.01292805
0.01295882
0.0129484
0.01295021
0.01295409
0.01295633
0.01295633
0.01295408
0.0129494
0.01294195
0.01293137
0.01291666
0.01289069
0.01281293
0.01254362
0.01231313
0.01223367
0.01211812
0.01205508
0.01200425
0.01195828
0.01271429
0.0126919
0.01272429
0.01276466
0.01280127
0.01283267
0.01285919
0.01288154
0.01290247
0.01293935
0.01306678
0.0129602
0.012945
0.01294704
0.01294915
0.01294911
0.01294678
0.01294198
0.01293436
0.0129236
0.01290886
0.01288432
0.0128163
0.01258351
0.01238108
0.01230805
0.01219993
0.01214601
0.01209526
0.01204882
0.01262157
0.01266021
0.01270693
0.01275006
0.01278758
0.01281965
0.01284676
0.0128695
0.012889
0.01290916
0.01294057
0.01293065
0.01293282
0.01293693
0.01293926
0.01293921
0.01293678
0.01293182
0.01292398
0.01291302
0.01289857
0.01287881
0.01284519
0.01277622
0.01271316
0.01267009
0.0126216
0.01257462
0.01252423
0.01247693
0.0125914
0.01263776
0.01268736
0.01273169
0.01277008
0.01280295
0.01283081
0.01285418
0.01287375
0.01289026
0.01290498
0.01291257
0.0129192
0.01292404
0.0129265
0.01292644
0.01292389
0.01291873
0.01291063
0.01289935
0.01288472
0.01286621
0.0128421
0.01280942
0.01277417
0.01273728
0.01269576
0.01265052
0.0126035
0.01255183
0.01256506
0.0126129
0.0126637
0.01270907
0.01274845
0.01278227
0.01281103
0.01283523
0.01285547
0.01287208
0.01288541
0.01289537
0.01290289
0.01290802
0.01291059
0.01291051
0.01290783
0.01290242
0.012894
0.01288234
0.01286726
0.01284848
0.01282545
0.01279757
0.01276537
0.01272875
0.01268839
0.01265116
0.01263347
0.01255242
0.01253484
0.01258361
0.01263551
0.012682
0.0127225
0.01275739
0.01278716
0.0128123
0.01283338
0.01285071
0.01286449
0.01287512
0.01288306
0.01288845
0.01289113
0.01289104
0.01288821
0.01288254
0.01287376
0.01286163
0.012846
0.01282659
0.01280302
0.01277496
0.0127423
0.01270522
0.01266788
0.01265972
0.01279078
0.01256352
0.01249987
0.01254957
0.01260263
0.01265032
0.01269201
0.01272807
0.01275893
0.01278509
0.01280711
0.01282526
0.01283973
0.01285092
0.01285928
0.01286494
0.01286777
0.01286766
0.01286467
0.01285872
0.01284954
0.01283691
0.01282065
0.01280051
0.01277613
0.01274722
0.01271357
0.01267501
0.01263255
0.01259313
0.01257328
0.01249044
0.01245967
0.01251036
0.01256465
0.01261364
0.01265661
0.01269392
0.01272597
0.01275323
0.01277628
0.01279534
0.01281055
0.01282235
0.01283118
0.01283715
0.01284013
0.01284001
0.01283686
0.01283059
0.01282097
0.0128078
0.01279086
0.01276989
0.0127446
0.0127147
0.01267996
0.01264008
0.01259495
0.01254546
0.01249416
0.01243895
0.01241395
0.01246567
0.01252126
0.01257161
0.01261594
0.01265457
0.01268788
0.01271632
0.01274046
0.01276049
0.01277652
0.01278896
0.01279829
0.01280461
0.01280775
0.01280764
0.0128043
0.0127977
0.01278761
0.01277385
0.01275618
0.01273434
0.01270805
0.0126771
0.01264121
0.01260007
0.0125534
0.01250116
0.01244456
0.01239206
0.01236249
0.01241528
0.01247218
0.01252392
0.01256965
0.01260965
0.01264428
0.01267394
0.01269924
0.01272028
0.01273716
0.01275029
0.01276014
0.01276682
0.01277015
0.01277004
0.01276652
0.01275957
0.012749
0.01273461
0.01271617
0.01269341
0.01266609
0.01263403
0.01259694
0.01255453
0.01250651
0.01245277
0.01239446
0.0123413
0.01230525
0.01235907
0.01241727
0.01247039
0.01251752
0.01255891
0.01259488
0.0126258
0.01265227
0.01267438
0.01269214
0.01270596
0.01271636
0.01272342
0.01272695
0.01272684
0.01272313
0.01271583
0.01270476
0.01268974
0.01267052
0.01264681
0.01261844
0.01258525
0.01254695
0.01250326
0.01245392
0.01239883
0.01233921
0.01228506
0.01224351
0.01229827
0.01235762
0.01241203
0.01246049
0.01250323
0.01254051
0.01257271
0.01260037
0.01262359
0.01264224
0.01265676
0.0126677
0.01267514
0.01267887
0.01267876
0.01267487
0.01266723
0.01265566
0.01264004
0.01262004
0.01259542
0.01256602
0.01253172
0.01249223
0.0124473
0.01239669
0.01234033
0.0122795
0.01222438
0.01218759
0.01224301
0.01230307
0.01235847
0.01240793
0.01245179
0.01249013
0.01252347
0.0125522
0.01257655
0.01259601
0.01261112
0.01262251
0.01263026
0.01263417
0.01263407
0.01263003
0.01262209
0.01261013
0.012594
0.01257337
0.01254799
0.01251773
0.01248252
0.01244207
0.01239613
0.01234449
0.0122871
0.0122253
0.01216941
0.007687638
0.007834206
0.007984702
0.008121767
0.008244341
0.008352714
0.008447537
0.008529885
0.008600925
0.008660825
0.008709007
0.008746271
0.008774406
0.008793552
0.00880317
0.008802769
0.008792605
0.008772826
0.008743074
0.008703046
0.00865187
0.008588866
0.008513822
0.00842657
0.008326326
0.008212504
0.008084562
0.007942241
0.007787415
0.007639019
0.007835791
0.007980637
0.008128886
0.008263449
0.008383234
0.008488771
0.008580793
0.008660187
0.008728447
0.008785636
0.008831587
0.00886728
0.008894227
0.008912534
0.008921681
0.008921259
0.008911511
0.008892493
0.008863794
0.008825084
0.008775576
0.008714589
0.008641793
0.008556934
0.008459246
0.008348086
0.008222862
0.008083236
0.00793097
0.007784692
0.007990077
0.008132401
0.008277624
0.008408932
0.008525341
0.008627514
0.008716266
0.008792505
0.008857824
0.00891233
0.008956045
0.008990005
0.009015598
0.009032956
0.009041586
0.009041156
0.009031868
0.009013724
0.008986247
0.008949066
0.008901481
0.008842816
0.008772612
0.008690519
0.008595793
0.008487742
0.008365703
0.008229254
0.008080034
0.007936321
0.008131639
0.008271212
0.008413162
0.00854102
0.008653929
0.008752654
0.00883809
0.008911208
0.008973609
0.00902551
0.009067049
0.009099282
0.009123519
0.009139932
0.009148059
0.009147632
0.009138805
0.009121546
0.009095309
0.009059686
0.00901405
0.008957733
0.008890161
0.008810872
0.008719166
0.0086143
0.008495543
0.008362388
0.008216356
0.008075356
0.008258696
0.00839547
0.008534098
0.00865849
0.008767917
0.008863235
0.008945413
0.009015486
0.00907504
0.009124415
0.009163843
0.009194393
0.009217314
0.009232821
0.009240482
0.009240058
0.009231685
0.009215289
0.009190268
0.009156175
0.009112444
0.009058421
0.008993424
0.008916883
0.008828148
0.008726432
0.008610935
0.008481073
0.008338251
0.008200004
0.008371544
0.008505567
0.008640938
0.00876195
0.008868
0.008960029
0.009039073
0.009106227
0.009163056
0.00921002
0.009247437
0.009276382
0.009298058
0.009312715
0.009319955
0.009319536
0.009311605
0.00929603
0.009272168
0.009239537
0.009197622
0.009145782
0.009083242
0.00900933
0.008923449
0.00882477
0.008712431
0.008585774
0.008446094
0.008310553
0.008470739
0.008602134
0.008734393
0.00885219
0.008955039
0.009043961
0.009120058
0.009184468
0.009238751
0.009283459
0.009319007
0.009346453
0.009366977
0.009380857
0.009387722
0.00938731
0.009379797
0.00936499
0.009342206
0.009310933
0.009270707
0.009220897
0.00916064
0.009089185
0.00900598
0.008910162
0.008800813
0.008677204
0.008540526
0.008407585
0.008556987
0.008685899
0.008815242
0.008930043
0.009029924
0.009115971
0.009189346
0.00925123
0.009303185
0.009345825
0.009379667
0.009405751
0.009425241
0.009438433
0.00944496
0.009444564
0.009437442
0.009423338
0.009401532
0.009371491
0.009332797
0.00928483
0.009226653
0.009157443
0.009076697
0.008983517
0.008876933
0.008756159
0.008622296
0.0084918
0.008631755
0.008758059
0.008884612
0.008996609
0.009093721
0.009177096
0.009247953
0.009307513
0.009357339
0.009398087
0.009430378
0.009455233
0.009473798
0.009486389
0.009492619
0.009492248
0.00948549
0.009472033
0.009451119
0.009422197
0.009384898
0.009338606
0.009282323
0.009215169
0.009136693
0.009045965
0.008941963
0.008823837
0.008692594
0.008564388
0.008699743
0.008819653
0.00894284
0.009052227
0.00914687
0.009227876
0.009296501
0.009354001
0.009401947
0.009441039
0.009471971
0.009495759
0.00951353
0.009525617
0.009531596
0.009531263
0.009524826
0.009511943
0.009491809
0.009463862
0.009427779
0.009382941
0.009328294
0.009262872
0.009186346
0.009097766
0.008996042
0.008880269
0.00875139
0.008625292
0.008812006
0.008878278
0.008990933
0.009097309
0.00918982
0.009268845
0.00933561
0.009391399
0.009437782
0.0094755
0.009505307
0.009528225
0.009545358
0.009557036
0.00956281
0.00956252
0.009556361
0.009543965
0.009524478
0.009497329
0.009462228
0.009418523
0.009364931
0.00930009
0.009224609
0.009137661
0.009037746
0.00892389
0.008797192
0.008673473
0.009461283
0.008971259
0.009032291
0.009132814
0.00922336
0.009300776
0.009366043
0.009420458
0.009465589
0.009502225
0.009531132
0.00955337
0.009569989
0.009581333
0.009586968
0.009586734
0.009580804
0.009568805
0.009549852
0.009523324
0.009488927
0.009445714
0.009390752
0.009318813
0.009238559
0.009151538
0.009051725
0.008937208
0.008813867
0.008697665
0.009025143
0.008974062
0.009059205
0.009159064
0.009248234
0.009324391
0.00938849
0.009441838
0.009486
0.009521807
0.009550029
0.009571728
0.009587976
0.009599086
0.009604626
0.009604442
0.009598689
0.009586986
0.009568435
0.00954238
0.009508272
0.009463379
0.009394154
0.009259141
0.009127398
0.00902955
0.008909357
0.008726653
0.008613615
0.008545785
0.01003844
0.009102678
0.009088958
0.009177537
0.009264803
0.009340009
0.009403292
0.009455904
0.009499403
0.009534647
0.009562399
0.00958372
0.009599722
0.009610678
0.009616159
0.009616015
0.009610386
0.009598886
0.009580604
0.009554811
0.009520276
0.009468192
0.009339137
0.008784797
0.008275161
0.008114404
0.007760132
0.007562212
0.007490687
0.007743821
0.0101723
0.009136311
0.009101431
0.009186598
0.009273063
0.009347795
0.009410661
0.009462891
0.009506042
0.009540998
0.00956852
0.009589631
0.009605503
0.009616383
0.009621837
0.009621716
0.009616151
0.009604753
0.009586608
0.009560952
0.009526339
0.009472116
0.009328274
0.008710287
0.008148527
0.007976233
0.007602453
0.007397545
0.007284387
0.007217682
0.01018482
0.009139354
0.009101876
0.009186613
0.009273026
0.009347751
0.009410616
0.009462846
0.009506009
0.009541048
0.009568844
0.009589679
0.009605463
0.009616327
0.009621777
0.009621653
0.009616086
0.009604686
0.009586538
0.009560873
0.009526198
0.00947154
0.00932529
0.008699117
0.008131326
0.007957529
0.007582208
0.007375247
0.007250432
0.007136358
0.01016172
0.009126418
0.009092103
0.009177767
0.009264703
0.009339878
0.009403159
0.009455784
0.009499424
0.009535672
0.009567181
0.009584737
0.009599722
0.009610526
0.009615984
0.009615831
0.009610195
0.009598689
0.009580398
0.009554559
0.009519665
0.009464745
0.0093182
0.008691704
0.008123548
0.007949341
0.00757354
0.007365821
0.00723857
0.007117883
0.01001518
0.009082249
0.009070288
0.009159911
0.009248091
0.00932416
0.009388257
0.0094417
0.009486921
0.009531205
0.009599976
0.009581119
0.009588873
0.009598907
0.009604335
0.009604131
0.009598367
0.009586655
0.009568084
0.009541907
0.009506653
0.009451669
0.009306971
0.008688047
0.008125219
0.007951719
0.007576523
0.007370462
0.007242242
0.0071201
0.009004484
0.00893727
0.009030352
0.009132449
0.00922299
0.009300391
0.009365676
0.009420458
0.009470109
0.009552005
0.009953155
0.009603152
0.009574483
0.009581281
0.009586526
0.00958625
0.009580306
0.009568295
0.009549319
0.009522667
0.009487121
0.009433819
0.009303385
0.008747538
0.008236188
0.008073537
0.007718958
0.007583083
0.007456237
0.007332995
0.008762673
0.008871142
0.008989813
0.009096671
0.009189192
0.009268204
0.009334962
0.009390836
0.009438267
0.009484451
0.009554794
0.009537155
0.009545793
0.009556392
0.009562052
0.00956174
0.009555568
0.009543162
0.009523659
0.009496461
0.009460995
0.009414448
0.00934334
0.009206259
0.009072206
0.008971888
0.008851304
0.00873513
0.008608669
0.008483569
0.008694664
0.008818065
0.008941889
0.00905132
0.009145944
0.009226929
0.009295531
0.009353024
0.009401092
0.009441172
0.009475846
0.009495854
0.009512598
0.009524524
0.009530471
0.009530123
0.009523676
0.009510784
0.009490642
0.009462681
0.009426526
0.009381189
0.009323808
0.009249226
0.009166045
0.009075898
0.008973235
0.008859694
0.008738083
0.008605147
0.008630327
0.008756852
0.008883428
0.008995399
0.00909248
0.009175822
0.009246646
0.009306174
0.009355982
0.009396794
0.009429352
0.009453887
0.009472339
0.009484897
0.009491109
0.009490725
0.009483958
0.009470494
0.009449576
0.009420653
0.009383349
0.009336999
0.009280398
0.00921228
0.009133208
0.009042649
0.008941171
0.008839807
0.008775968
0.008583319
0.008555516
0.00868441
0.008813716
0.008928475
0.009028312
0.009114313
0.009187642
0.009249482
0.009301396
0.009344004
0.00937783
0.009403861
0.009423318
0.009436488
0.009442999
0.00944259
0.009435462
0.009421355
0.009399552
0.009369518
0.009330836
0.009282881
0.009224695
0.009155432
0.009074752
0.008982532
0.008885112
0.008841017
0.009266149
0.008586861
0.008468886
0.008600243
0.00873245
0.008850189
0.00895298
0.009041842
0.009117879
0.009182229
0.009236459
0.009281117
0.009316619
0.009344023
0.009364515
0.009378372
0.009385219
0.009384796
0.00937728
0.009362475
0.009339701
0.009308445
0.009268243
0.009218462
0.009158241
0.009086826
0.0090037
0.008908241
0.008801529
0.008694725
0.008625482
0.00842813
0.008369304
0.008503268
0.00863857
0.008759511
0.008865488
0.008957443
0.009036414
0.009103495
0.009160257
0.009207161
0.009244522
0.009273417
0.009295055
0.009309687
0.00931691
0.009316481
0.009308548
0.009292981
0.009269136
0.009236532
0.009194652
0.009142853
0.009080363
0.00900651
0.008920701
0.00882215
0.008710322
0.008586162
0.00845385
0.008311589
0.008256068
0.008392769
0.008531315
0.008655622
0.008764962
0.008860194
0.008942285
0.009012274
0.009071752
0.009121056
0.00916042
0.009190912
0.009213791
0.009229268
0.009236912
0.00923648
0.009228108
0.009211725
0.009186727
0.00915267
0.009108984
0.009055013
0.008990077
0.008913608
0.008824953
0.008723329
0.008607976
0.008478479
0.008336445
0.008197648
0.008128619
0.008268119
0.008409976
0.008537737
0.008650547
0.008749175
0.008834514
0.008907537
0.008969854
0.009021677
0.009063143
0.009095312
0.009119501
0.009135883
0.009143992
0.009143557
0.009134734
0.009117492
0.009091285
0.009055705
0.009010123
0.008953869
0.008886367
0.008807161
0.008715545
0.008610777
0.008492125
0.0083591
0.008213231
0.008072272
0.007986686
0.008128939
0.008274052
0.008405257
0.008521553
0.008623623
0.00871227
0.008788407
0.008853631
0.008908061
0.008951693
0.00898558
0.009011119
0.009028443
0.009037054
0.009036617
0.009027335
0.009009212
0.00898177
0.008944638
0.008897115
0.008838521
0.008768396
0.008686396
0.00859177
0.008483826
0.0083619
0.008225567
0.008076466
0.007932851
0.007832089
0.007976879
0.008124943
0.008259424
0.008379061
0.008484514
0.008576421
0.008655708
0.008723862
0.008781019
0.008826849
0.008862447
0.008889331
0.008907601
0.008916727
0.008916298
0.008906558
0.008887563
0.008858903
0.008820248
0.008770809
0.0087099
0.008637191
0.008552431
0.008454851
0.008343809
0.008218705
0.008079204
0.007927062
0.007780895
0.00768372
0.007830392
0.007980366
0.008117538
0.008239807
0.008348225
0.008442893
0.008525149
0.008596021
0.008656137
0.00870402
0.008741129
0.008769186
0.008788289
0.008797885
0.008797477
0.008787322
0.008767568
0.008737854
0.008697885
0.008646787
0.008583868
0.008508915
0.008421763
0.008321634
0.008207941
0.008080125
0.007937935
0.007783239
0.007634965
)
;

boundaryField
{
    fmaxY
    {
        type            calculated;
        value           nonuniform List<scalar> 
90
(
0.02786035
0.01218759
0.00768372
0.02788342
0.01224301
0.007830392
0.02790951
0.01230307
0.007980366
0.02793377
0.01235847
0.008117538
0.02795547
0.01240793
0.008239807
0.02797472
0.01245179
0.008348225
0.02799157
0.01249013
0.008442893
0.02800622
0.01252347
0.008525149
0.02801886
0.0125522
0.008596021
0.02802957
0.01257655
0.008656137
0.02803815
0.01259601
0.00870402
0.02804482
0.01261112
0.008741129
0.02804984
0.01262251
0.008769186
0.02805325
0.01263026
0.008788289
0.02805498
0.01263417
0.008797885
0.02805496
0.01263407
0.008797477
0.02805322
0.01263003
0.008787322
0.02804976
0.01262209
0.008767568
0.02804453
0.01261013
0.008737854
0.02803748
0.012594
0.008697885
0.02802845
0.01257337
0.008646787
0.02801734
0.01254799
0.008583868
0.02800409
0.01251773
0.008508915
0.02798866
0.01248252
0.008421763
0.02797093
0.01244207
0.008321634
0.0279508
0.01239613
0.008207941
0.02792817
0.01234449
0.008080125
0.02790305
0.0122871
0.007937935
0.02787626
0.0122253
0.007783239
0.02785305
0.01216941
0.007634965
)
;
    }
    fminX
    {
        type            calculated;
        value           nonuniform List<scalar> 
90
(
0.02786115
0.02788432
0.02791102
0.02793599
0.02795845
0.02797839
0.02799592
0.02801117
0.02802441
0.02803684
0.02805706
0.02811695
0.02810777
0.02823244
0.02826605
0.02827049
0.02826412
0.02822748
0.02809138
0.02805008
0.02803581
0.0280241
0.02801086
0.02799554
0.02797793
0.02795791
0.02793537
0.02791033
0.02788357
0.02786035
0.01218929
0.01224513
0.01230673
0.01236382
0.0124151
0.01246065
0.01250068
0.0125355
0.01256572
0.01259391
0.01264208
0.01282883
0.01274683
0.01307903
0.01314772
0.01315555
0.01314336
0.01306827
0.01271429
0.01262157
0.0125914
0.01256506
0.01253484
0.01249987
0.01245967
0.01241395
0.01236249
0.01230525
0.01224351
0.01218759
0.007687638
0.007835791
0.007990077
0.008131639
0.008258696
0.008371544
0.008470739
0.008556987
0.008631755
0.008699743
0.008812006
0.009461283
0.009025143
0.01003844
0.0101723
0.01018482
0.01016172
0.01001518
0.009004484
0.008762673
0.008694664
0.008630327
0.008555516
0.008468886
0.008369304
0.008256068
0.008128619
0.007986686
0.007832089
0.00768372
)
;
    }
    fmaxX
    {
        type            calculated;
        value           nonuniform List<scalar> 
90
(
0.02785387
0.02787664
0.02790287
0.0279274
0.02794945
0.027969
0.02798617
0.02800108
0.02801391
0.02802464
0.02803291
0.02803555
0.02801134
0.02789187
0.02778902
0.02776189
0.02775653
0.02776031
0.02780391
0.02797695
0.02801719
0.02802103
0.02802816
0.0279942
0.02797002
0.02794908
0.02792678
0.02790216
0.02787586
0.02785305
0.01217117
0.01222604
0.01228658
0.01234264
0.01239297
0.01243761
0.0124768
0.01251081
0.0125401
0.01256464
0.01258381
0.01259154
0.01253644
0.01223669
0.01201179
0.01196317
0.01195334
0.01195828
0.01204882
0.01247693
0.01255183
0.01255242
0.01256352
0.01249044
0.01243895
0.01239206
0.0123413
0.01228506
0.01222438
0.01216941
0.007639019
0.007784692
0.007936321
0.008075356
0.008200004
0.008310553
0.008407585
0.0084918
0.008564388
0.008625292
0.008673473
0.008697665
0.008545785
0.007743821
0.007217682
0.007136358
0.007117883
0.0071201
0.007332995
0.008483569
0.008605147
0.008583319
0.008586861
0.00842813
0.008311589
0.008197648
0.008072272
0.007932851
0.007780895
0.007634965
)
;
    }
    fminY
    {
        type            calculated;
        value           nonuniform List<scalar> 
90
(
0.02786115
0.01218929
0.007687638
0.0278842
0.01224469
0.007834206
0.02791038
0.01230494
0.007984702
0.02793464
0.01236031
0.008121767
0.02795639
0.01240989
0.008244341
0.02797564
0.01245374
0.008352714
0.0279925
0.01249214
0.008447537
0.02800718
0.01252553
0.008529885
0.02801984
0.01255432
0.008600925
0.02803053
0.01257859
0.008660825
0.02803916
0.01259817
0.008709007
0.02804586
0.01261335
0.008746271
0.02805089
0.01262477
0.008774406
0.02805432
0.01263255
0.008793552
0.02805606
0.01263647
0.00880317
0.02805604
0.01263637
0.008802769
0.02805429
0.01263232
0.008792605
0.02805083
0.01262438
0.008772826
0.02804559
0.0126124
0.008743074
0.02803852
0.01259624
0.008703046
0.02802948
0.01257559
0.00865187
0.02801835
0.01255016
0.008588866
0.02800508
0.01251987
0.008513822
0.02798964
0.01248462
0.00842657
0.02797189
0.01244411
0.008326326
0.02795173
0.01239811
0.008212504
0.02792907
0.01234641
0.008084562
0.02790393
0.01228898
0.007942241
0.02787711
0.01222712
0.007787415
0.02785387
0.01217117
0.007639019
)
;
    }
    fminZ
    {
        type            calculated;
        value           nonuniform List<scalar> 
900
(
0.0457681
0.04579013
0.04581551
0.04583924
0.04586059
0.04587954
0.0458962
0.0459107
0.04592328
0.0459351
0.04595431
0.04601124
0.04600252
0.04612102
0.04615296
0.04615718
0.04615113
0.0461163
0.04598694
0.04594769
0.04593412
0.04592299
0.0459104
0.04589584
0.04587911
0.04586007
0.04583865
0.04581485
0.04578941
0.04576735
0.04579002
0.04581182
0.04583684
0.04586016
0.04588109
0.04589964
0.0459159
0.04593002
0.04594217
0.04595267
0.04596325
0.04597916
0.04598435
0.04601364
0.04602328
0.04602451
0.04602161
0.04601004
0.04597705
0.04596212
0.04595235
0.04594193
0.04592973
0.04591554
0.04589919
0.04588057
0.04585956
0.04583617
0.0458111
0.04578927
0.0458149
0.04583639
0.04586093
0.04588373
0.04590411
0.04592212
0.04593788
0.04595151
0.0459632
0.04597302
0.04598126
0.04598863
0.04599373
0.04600068
0.04600356
0.04600377
0.04600198
0.04599751
0.04598872
0.04598108
0.04597284
0.04596296
0.04595121
0.0459375
0.04592166
0.04590357
0.04588311
0.04586024
0.04583563
0.04581407
0.04583796
0.04585909
0.04588311
0.04590533
0.04592514
0.04594259
0.0459578
0.04597093
0.04598215
0.04599152
0.04599914
0.04600518
0.04600967
0.04601305
0.04601468
0.0460147
0.04601319
0.04601007
0.04600516
0.04599902
0.04599134
0.04598191
0.04597063
0.04595741
0.04594211
0.04592458
0.0459047
0.0458824
0.04585831
0.04583713
0.04585863
0.04587935
0.04590283
0.04592446
0.04594368
0.04596056
0.04597524
0.04598787
0.04599862
0.04600758
0.04601482
0.04602048
0.04602468
0.0460275
0.04602889
0.04602889
0.04602748
0.04602467
0.04602041
0.0460147
0.04600739
0.04599838
0.04598756
0.04597484
0.04596008
0.04594311
0.04592381
0.04590209
0.04587855
0.04585776
0.04587692
0.04589722
0.04592014
0.0459412
0.04595985
0.04597617
0.04599033
0.04600247
0.04601278
0.04602133
0.04602824
0.04603362
0.0460376
0.04604023
0.04604154
0.04604153
0.04604021
0.04603755
0.04603354
0.04602811
0.04602115
0.04601252
0.04600215
0.04598992
0.04597567
0.04595926
0.04594052
0.04591939
0.0458964
0.04587606
0.04589296
0.04591282
0.0459352
0.0459557
0.0459738
0.0459896
0.04600326
0.04601494
0.04602482
0.046033
0.04603959
0.04604472
0.04604849
0.04605099
0.04605222
0.04605221
0.04605096
0.04604845
0.04604464
0.04603946
0.04603281
0.04602456
0.04601461
0.04600283
0.04598908
0.04597319
0.04595501
0.04593443
0.04591198
0.04589207
0.04590691
0.04592632
0.04594816
0.04596813
0.04598572
0.04600102
0.04601422
0.04602547
0.04603496
0.04604279
0.04604909
0.04605398
0.04605758
0.04605994
0.04606112
0.04606111
0.04605992
0.04605756
0.04605402
0.04604899
0.0460426
0.04603469
0.04602513
0.04601378
0.04600049
0.0459851
0.04596742
0.04594737
0.04592546
0.045906
0.04591894
0.04593791
0.04595925
0.04597873
0.04599584
0.04601068
0.04602345
0.04603431
0.04604343
0.04605095
0.04605698
0.04606166
0.04606509
0.04606735
0.04606846
0.04606846
0.04606737
0.04606541
0.04606291
0.04605721
0.0460508
0.04604317
0.04603396
0.046023
0.04601014
0.0459952
0.045978
0.04595845
0.04593703
0.04591801
0.0459291
0.04594764
0.04596852
0.04598756
0.04600424
0.04601868
0.04603106
0.04604157
0.04605038
0.04605761
0.04606341
0.04606791
0.0460712
0.04607335
0.04607442
0.04607444
0.04607369
0.04607375
0.04607819
0.04606588
0.04605777
0.04605014
0.04604122
0.04603061
0.04601812
0.04600359
0.04598681
0.0459677
0.04594675
0.04592819
0.0459373
0.04595548
0.04597599
0.04599465
0.04601097
0.04602507
0.04603714
0.04604736
0.0460559
0.04606291
0.04606851
0.04607285
0.04607602
0.0460781
0.04607913
0.04607924
0.04607941
0.04608634
0.04611981
0.04607874
0.04606404
0.04605575
0.04604701
0.04603668
0.04602451
0.04601031
0.04599389
0.04597515
0.04595457
0.04593635
0.04594367
0.0459616
0.04598181
0.04600018
0.04601621
0.04603004
0.04604186
0.04605185
0.04606018
0.046067
0.04607246
0.04607667
0.04607975
0.04608177
0.04608276
0.04608278
0.0460821
0.0460823
0.04608695
0.04607491
0.04606715
0.04605993
0.04605148
0.04604138
0.04602947
0.04601554
0.04599941
0.04598095
0.04596067
0.04594268
0.04594845
0.04596621
0.04598619
0.04600433
0.04602014
0.04603376
0.04604538
0.0460552
0.04606337
0.04607006
0.0460754
0.04607954
0.04608255
0.04608452
0.04608549
0.04608548
0.04608454
0.04608286
0.04608078
0.04607562
0.0460699
0.04606309
0.04605482
0.0460449
0.04603318
0.04601946
0.04600355
0.04598532
0.04596526
0.04594745
0.04595171
0.04596933
0.04598916
0.04600714
0.0460228
0.04603628
0.04604777
0.04605747
0.04606554
0.04607214
0.04607742
0.04608149
0.04608447
0.04608641
0.04608736
0.04608735
0.04608638
0.04608445
0.04608153
0.0460773
0.04607193
0.04606525
0.04605709
0.04604729
0.04603569
0.04602212
0.04600636
0.04598828
0.04596838
0.0459507
0.04595336
0.04597092
0.04599065
0.04600855
0.04602414
0.04603755
0.04604898
0.04605862
0.04606664
0.0460732
0.04607845
0.0460825
0.04608546
0.04608739
0.04608834
0.04608833
0.04608736
0.0460854
0.04608241
0.04607829
0.04607298
0.04606634
0.04605823
0.04604849
0.04603696
0.04602345
0.04600777
0.04598978
0.04596996
0.04595234
0.04595334
0.04597089
0.04599063
0.04600853
0.04602412
0.04603753
0.04604896
0.04605861
0.04606664
0.04607321
0.04607846
0.04608253
0.0460855
0.04608744
0.04608839
0.04608838
0.0460874
0.04608544
0.04608243
0.04607831
0.04607298
0.04606634
0.04605822
0.04604847
0.04603694
0.04602343
0.04600774
0.04598975
0.04596994
0.04595232
0.04595168
0.04596929
0.04598911
0.04600708
0.04602275
0.04603623
0.04604774
0.04605745
0.04606555
0.04607217
0.04607748
0.04608159
0.04608459
0.04608656
0.04608752
0.04608751
0.04608652
0.04608453
0.04608149
0.04607732
0.04607195
0.04606525
0.04605706
0.04604725
0.04603564
0.04602206
0.0460063
0.04598823
0.04596834
0.04595066
0.04594839
0.04596612
0.04598607
0.0460042
0.04602001
0.04603364
0.04604527
0.04605511
0.04606332
0.04607004
0.04607544
0.04607962
0.04608268
0.04608468
0.04608566
0.04608565
0.04608464
0.04608261
0.04607951
0.04607528
0.04606981
0.04606301
0.04605472
0.04604478
0.04603304
0.04601932
0.04600341
0.0459852
0.04596517
0.04594738
0.04594342
0.0459613
0.04598146
0.04599979
0.04601581
0.04602963
0.04604145
0.04605146
0.04605982
0.04606669
0.0460722
0.04607647
0.0460796
0.04608165
0.04608266
0.04608264
0.04608161
0.04607953
0.04607636
0.04607203
0.04606646
0.04605952
0.04605107
0.04604096
0.04602904
0.04601513
0.04599902
0.04598059
0.04596036
0.04594241
0.0459367
0.04595478
0.0459752
0.04599379
0.04601007
0.04602414
0.0460362
0.04604642
0.04605498
0.04606201
0.04606766
0.04607204
0.04607525
0.04607732
0.04607834
0.04607832
0.04607725
0.04607512
0.04607187
0.04606747
0.04606177
0.04605467
0.04604603
0.04603571
0.04602356
0.04600939
0.04599302
0.04597434
0.04595385
0.0459357
0.0459281
0.04594644
0.04596717
0.0459861
0.0460027
0.04601708
0.04602942
0.0460399
0.0460487
0.04605594
0.04606176
0.04606625
0.04606941
0.04607118
0.04607209
0.04607205
0.04607094
0.04606876
0.04606556
0.0460614
0.04605567
0.04604839
0.04603952
0.04602894
0.0460165
0.04600203
0.04598534
0.04596633
0.04594552
0.04592712
0.04591752
0.04593616
0.04595728
0.0459766
0.04599358
0.04600833
0.04602101
0.04603181
0.04604089
0.04604838
0.04605437
0.04605881
0.04606103
0.04605987
0.04605977
0.04605951
0.04605836
0.0460563
0.04605404
0.04605273
0.04604786
0.04604055
0.04603142
0.04602054
0.04600776
0.04599292
0.04597585
0.04595645
0.04593526
0.04591656
0.04590491
0.04592389
0.04594543
0.04596519
0.04598261
0.04599777
0.04601084
0.04602199
0.04603139
0.04603914
0.04604522
0.04604876
0.0460453
0.04602632
0.04602046
0.04601913
0.04601793
0.04601684
0.04602026
0.04603668
0.0460374
0.04603089
0.04602159
0.04601037
0.04599721
0.04598196
0.04596446
0.04594462
0.045923
0.04590397
0.04589023
0.04590957
0.04593157
0.0459518
0.04596968
0.04598528
0.04599877
0.0460103
0.04602005
0.04602807
0.046034
0.04603455
0.04601237
0.04592607
0.04590137
0.0458969
0.04589564
0.0458976
0.04591974
0.04600339
0.04602275
0.04601911
0.04600987
0.04599831
0.04598474
0.04596905
0.04595108
0.04593077
0.0459087
0.0458893
0.04587336
0.04589309
0.04591557
0.04593631
0.04595469
0.04597077
0.04598471
0.04599666
0.04600678
0.04601512
0.04602109
0.04601981
0.04598435
0.04584535
0.04580727
0.04580077
0.04579945
0.04580332
0.04583874
0.04597499
0.04600751
0.04600561
0.04599625
0.04598427
0.04597024
0.04595407
0.04593561
0.04591479
0.04589224
0.04587245
0.0458542
0.04587433
0.04589733
0.0459186
0.04593751
0.0459541
0.04596852
0.04598091
0.04599145
0.04600014
0.04600635
0.0460048
0.04596621
0.04581471
0.04577335
0.04576632
0.04576493
0.04576919
0.04580775
0.04595641
0.04599198
0.04599035
0.04598089
0.04596823
0.04595361
0.04593691
0.04591792
0.04589657
0.0458735
0.04585332
0.04583266
0.0458532
0.04587673
0.04589855
0.04591801
0.04593513
0.04595005
0.04596291
0.04597388
0.04598295
0.04598946
0.04598796
0.04594733
0.04578184
0.04573803
0.04573067
0.04572918
0.04573352
0.04577424
0.04593704
0.04597475
0.04597381
0.04596603
0.04595082
0.04593485
0.04591745
0.04589789
0.04587599
0.0458524
0.0458318
0.04580877
0.04582972
0.04585377
0.04587614
0.04589615
0.04591381
0.04592924
0.04594258
0.04595399
0.04596346
0.04597032
0.04596915
0.04592832
0.04576274
0.04571682
0.0457086
0.04570686
0.04571113
0.04575289
0.0459176
0.04595619
0.04595957
0.04596477
0.04593566
0.04591452
0.04589574
0.04587551
0.04585306
0.04582894
0.04580793
0.04578327
0.04580461
0.04582916
0.04585206
0.0458726
0.04589078
0.0459067
0.0459205
0.04593235
0.04594221
0.04594951
0.04594947
0.04591312
0.04575867
0.04570164
0.04568903
0.04568635
0.04569036
0.04573202
0.0458969
0.04593733
0.04595383
0.04600758
0.04592904
0.0458939
0.04587248
0.04585148
0.04582847
0.04580385
0.04578246
0.04576119
0.04578283
0.04580776
0.04583107
0.04585203
0.04587062
0.04588694
0.04590111
0.0459133
0.0459235
0.04593137
0.04593388
0.04591086
0.0457973
0.04569954
0.04567376
0.04566866
0.04567225
0.0457137
0.04587817
0.04591642
0.04592007
0.04592685
0.04589457
0.04587158
0.04585168
0.04583049
0.04580709
0.04578209
0.04576041
)
;
    }
    floor_to_air
    {
        type            calculated;
        value           nonuniform List<scalar> 
900
(
0.0091546
0.009411377
0.009660503
0.009886097
0.01008776
0.01026601
0.0104219
0.01055718
0.01067396
0.01077245
0.01085149
0.0109125
0.01095868
0.01099014
0.0110059
0.01100507
0.01098815
0.01095546
0.01090637
0.01084044
0.01075614
0.01065231
0.01052868
0.01038505
0.01022003
0.01003268
0.009822087
0.009587683
0.009331036
0.009070672
0.009414633
0.00966825
0.009913397
0.01013461
0.01033138
0.0105047
0.01065575
0.01078591
0.01089793
0.01099174
0.01106695
0.01112527
0.0111694
0.0111994
0.01121433
0.01121346
0.01119729
0.01116593
0.01111867
0.01105502
0.01097363
0.01087332
0.0107536
0.01061413
0.01045356
0.01027083
0.01006496
0.009835229
0.009583022
0.009326477
0.009670541
0.009919709
0.01015978
0.01037556
0.01056673
0.01073448
0.01088013
0.01100511
0.0111123
0.01120172
0.01127328
0.01132877
0.01137066
0.01139909
0.01141316
0.01141229
0.01139687
0.01136697
0.01132173
0.01126061
0.01118239
0.01108594
0.01097052
0.01083563
0.01067996
0.01050238
0.01030177
0.01007728
0.009830122
0.009578023
0.009903887
0.01014826
0.0103829
0.01059299
0.01077839
0.01094046
0.01108066
0.01120052
0.01130292
0.01138805
0.01145605
0.01150871
0.01154837
0.01157524
0.01158848
0.01158761
0.01157296
0.01154452
0.01150132
0.01144275
0.01136774
0.01127517
0.01116409
0.01103381
0.01088311
0.01071077
0.01051557
0.0102965
0.0100546
0.009807207
0.01011322
0.01035272
0.01058186
0.01078623
0.01096591
0.01112237
0.01125721
0.01137207
0.01146979
0.01155077
0.01161529
0.0116652
0.01170269
0.01172807
0.01174054
0.01173967
0.01172577
0.01169875
0.01165755
0.01160148
0.0115296
0.01144081
0.01133398
0.01120821
0.0110624
0.01089525
0.01070541
0.01049176
0.01025517
0.01001255
0.01029918
0.01053389
0.01075762
0.01095643
0.01113055
0.0112816
0.01141129
0.01152136
0.01161458
0.0116916
0.01175282
0.0118001
0.01183554
0.01185952
0.0118713
0.01187043
0.01185725
0.01183158
0.01179228
0.0117386
0.0116697
0.0115845
0.01148173
0.01136027
0.01121915
0.011057
0.01087236
0.01066399
0.01043259
0.01019468
0.01046267
0.0106928
0.01091137
0.01110488
0.01127373
0.01141968
0.01154452
0.01165009
0.01173913
0.01181243
0.01187059
0.01191541
0.01194896
0.01197166
0.01198282
0.01198196
0.01196946
0.01194504
0.01190751
0.01185605
0.0117899
0.01170805
0.01160903
0.0114916
0.01135489
0.01119744
0.01101772
0.01081437
0.01058794
0.01035455
0.01060478
0.0108306
0.01104435
0.01123293
0.01139691
0.01153813
0.01165851
0.01175995
0.01184516
0.01191507
0.01197044
0.01201304
0.01204489
0.01206647
0.01207707
0.01207622
0.01206436
0.01204108
0.01200513
0.01195567
0.01189203
0.0118132
0.01171759
0.01160383
0.01147116
0.01131804
0.01114286
0.01094417
0.0107224
0.01049326
0.01072785
0.01094936
0.01115853
0.01134249
0.01150191
0.01163873
0.01175497
0.01185259
0.0119343
0.0120011
0.01205394
0.01209453
0.01212487
0.01214546
0.01215557
0.01215475
0.01214348
0.01212125
0.01208675
0.0120391
0.01197774
0.01190165
0.01180916
0.01169878
0.01156984
0.01142078
0.01124986
0.01105554
0.01083811
0.01061295
0.01083645
0.01105008
0.0112543
0.01143403
0.01158938
0.0117223
0.01183487
0.0119291
0.01200774
0.01207181
0.01212243
0.01216128
0.01219032
0.0122101
0.01221979
0.01221903
0.01220827
0.01218696
0.01215373
0.01210765
0.01204827
0.01197457
0.01188478
0.0117773
0.01165161
0.0115061
0.01133894
0.0111485
0.01093498
0.01071346
0.01098084
0.01114026
0.01133273
0.01150813
0.01166003
0.01178971
0.01189922
0.01199066
0.01206674
0.01212857
0.01217735
0.01221479
0.01224281
0.01226192
0.01227126
0.01227056
0.01226025
0.01223972
0.01220752
0.01216273
0.01210494
0.01203312
0.01194526
0.01183931
0.01171572
0.01157298
0.01140885
0.01122159
0.01101152
0.01079361
0.01239861
0.0112573
0.01139776
0.01156629
0.01171518
0.01184224
0.01194931
0.0120385
0.01211253
0.0121726
0.01221992
0.01225628
0.01228345
0.01230201
0.01231112
0.0123105
0.01230055
0.01228067
0.01224933
0.01220552
0.0121489
0.01207816
0.01198963
0.01187741
0.01174996
0.01160807
0.01144502
0.01125814
0.01105239
0.0108429
0.01123731
0.01127904
0.01144243
0.01160944
0.01175612
0.01188111
0.01198626
0.01207371
0.01214616
0.01220488
0.01225109
0.01228656
0.01231313
0.01233131
0.01234027
0.01233973
0.01233005
0.01231063
0.01227994
0.01223693
0.01218094
0.012109
0.0120069
0.01183292
0.01165525
0.0115034
0.01132105
0.01087702
0.01068231
0.01052146
0.01328043
0.01141875
0.01148387
0.01163913
0.01178333
0.01190682
0.01201063
0.01209688
0.01216824
0.01222605
0.0122715
0.01230634
0.01233252
0.01235046
0.01235931
0.01235883
0.01234935
0.01233024
0.01229999
0.01225745
0.0122013
0.01212257
0.01196167
0.01106279
0.01021934
0.01000593
0.009318902
0.008860554
0.008707587
0.009175314
0.01341936
0.01145836
0.01150226
0.01165382
0.01179692
0.01191965
0.01202278
0.0121084
0.01217919
0.01223652
0.01228159
0.0123161
0.01234207
0.01235989
0.0123687
0.01236826
0.01235887
0.01233992
0.01230988
0.01226758
0.0122115
0.01213082
0.0119555
0.01099391
0.01009919
0.009874655
0.009168671
0.00870374
0.008509952
0.008351261
0.0134317
0.01146133
0.01150267
0.01165382
0.01179686
0.01191958
0.01202271
0.01210833
0.01217913
0.01223655
0.01228188
0.01231612
0.01234201
0.0123598
0.01236861
0.01236816
0.01235877
0.01233982
0.01230978
0.01226746
0.01221132
0.0121302
0.0119525
0.01098282
0.01008214
0.009856129
0.009148624
0.008681665
0.008476362
0.00827086
0.0134021
0.01144212
0.01148691
0.01163929
0.01178317
0.01190662
0.01201044
0.0120967
0.0121682
0.01222699
0.01227615
0.01230727
0.01233244
0.01235022
0.01235905
0.01235856
0.01234906
0.01232995
0.01229968
0.01225709
0.01220058
0.01211904
0.01194086
0.01097065
0.01006937
0.009842677
0.00913441
0.008666394
0.008458368
0.008245999
0.01324407
0.01138578
0.01145325
0.01161016
0.01175586
0.01188077
0.01198591
0.01207346
0.01214695
0.01221404
0.01230034
0.01229572
0.01231389
0.012331
0.01233983
0.01233926
0.01232957
0.01231014
0.01227942
0.01223628
0.01217915
0.01209723
0.01192051
0.01095739
0.01006092
0.009834412
0.00912619
0.008659214
0.008449642
0.008235253
0.01139837
0.01122357
0.01139566
0.01156575
0.01171463
0.01184167
0.01194875
0.01203831
0.0121168
0.0122216
0.01302265
0.0123053
0.01228768
0.01230174
0.01231045
0.01230979
0.01229982
0.01227991
0.01224855
0.01220461
0.01214684
0.01206612
0.01190298
0.01100164
0.01015538
0.009938849
0.009250165
0.009042309
0.008833228
0.008616919
0.01093184
0.01113292
0.01133132
0.01150718
0.01165909
0.01178874
0.01189825
0.01198976
0.01206687
0.01213705
0.0122259
0.01222325
0.01224286
0.0122609
0.01227012
0.01226939
0.01225906
0.01223852
0.01220629
0.01216144
0.01210329
0.01202866
0.01192348
0.01174612
0.01156466
0.01140872
0.0112242
0.01103467
0.01082484
0.0106056
0.01083099
0.01104807
0.01125289
0.01143266
0.01158798
0.01172087
0.0118334
0.01192762
0.01200636
0.0120714
0.01212571
0.01216081
0.01218883
0.01220844
0.01221809
0.01221731
0.01220653
0.01218521
0.01215196
0.01210588
0.01204641
0.01197222
0.01187973
0.0117632
0.01163095
0.01148388
0.01131581
0.01112759
0.01092126
0.010693
0.01072586
0.01094757
0.01115675
0.01134067
0.01150003
0.01163681
0.01175299
0.01185056
0.01193225
0.01199909
0.01205218
0.01209244
0.01212266
0.01214321
0.01215329
0.01215245
0.01214117
0.01211893
0.01208442
0.01203677
0.0119754
0.01189927
0.01180646
0.01169514
0.01156563
0.01141674
0.01124832
0.01107058
0.01091977
0.01063096
0.01060257
0.01082835
0.01104204
0.01123056
0.01139447
0.01153563
0.01165594
0.0117573
0.01184245
0.01191231
0.01196765
0.01201018
0.01204199
0.01206353
0.0120741
0.01207324
0.01206137
0.01203808
0.01200214
0.01195269
0.01188907
0.01181026
0.01171465
0.01160086
0.01146826
0.01131612
0.01115001
0.01102712
0.01191258
0.01058638
0.01045986
0.01068993
0.01090842
0.01110185
0.01127061
0.01141646
0.01154121
0.01164669
0.01173564
0.01180887
0.01186696
0.01191172
0.01194522
0.01196789
0.01197902
0.01197814
0.01196564
0.01194122
0.0119037
0.01185227
0.01178617
0.01170436
0.01160539
0.01148802
0.01135142
0.01119436
0.01101727
0.01083055
0.0106708
0.0103738
0.01029579
0.0105304
0.01075403
0.01095272
0.01112673
0.01127767
0.01140725
0.01151721
0.01161033
0.01168725
0.01174839
0.01179559
0.01183098
0.01185492
0.01186667
0.01186579
0.01185261
0.01182694
0.01178767
0.01173404
0.01166519
0.01158006
0.01147735
0.01135598
0.01121498
0.01105299
0.01086889
0.01066303
0.01043895
0.01019445
0.01010924
0.01034862
0.01057763
0.01078187
0.01096141
0.01111775
0.01125245
0.01136719
0.01146478
0.01154566
0.01161008
0.01165991
0.01169733
0.01172267
0.01173511
0.01173423
0.01172033
0.01169333
0.01165217
0.01159615
0.01152434
0.01143563
0.0113289
0.01120323
0.01105754
0.01089053
0.01070088
0.01048764
0.01025188
0.01000877
0.009899304
0.01014356
0.01037805
0.01058799
0.01077325
0.01093517
0.01107522
0.01119493
0.0112972
0.01138222
0.0114501
0.01150267
0.01154226
0.01156908
0.01158229
0.01158141
0.01156677
0.01153835
0.0114952
0.0114367
0.01136177
0.01126929
0.01115832
0.01102816
0.0108776
0.01070541
0.01051037
0.01029148
0.0100498
0.009802507
0.009665392
0.009914443
0.01015435
0.01036997
0.01056097
0.01072855
0.01087404
0.01099886
0.01110592
0.01119522
0.01126665
0.01132203
0.01136384
0.01139222
0.01140627
0.01140538
0.01138998
0.0113601
0.01131492
0.01125387
0.01117575
0.01107941
0.01096411
0.01082936
0.01067384
0.01049642
0.01029599
0.01007168
0.009824694
0.009572755
0.009409002
0.009662518
0.009907396
0.01012848
0.01032503
0.01049821
0.01064909
0.01077908
0.01089094
0.01098468
0.01105972
0.0111179
0.01116194
0.01119189
0.01120679
0.01120591
0.01118974
0.01115842
0.01111122
0.01104766
0.01096637
0.01086618
0.0107466
0.01060728
0.01044687
0.01026432
0.01005864
0.009829092
0.009577076
0.009320709
0.009148594
0.009405608
0.009653802
0.009879672
0.01008078
0.01025916
0.01041478
0.01054993
0.01066641
0.01076531
0.01084384
0.01090462
0.01095069
0.01098209
0.01099782
0.01099697
0.01098007
0.01094742
0.01089838
0.01083255
0.01074837
0.01064467
0.01052118
0.0103777
0.01021286
0.0100257
0.009815303
0.009581098
0.009324652
0.009064483
)
;
    }
}


// ************************************************************************* //
