/*--------------------------------*- C++ -*----------------------------------*\
| =========                 |                                                 |
| \\      /  F ield         | OpenFOAM: The Open Source CFD Toolbox           |
|  \\    /   O peration     | Version:  2506                                  |
|   \\  /    A nd           | Website:  www.openfoam.com                      |
|    \\/     M anipulation  |                                                 |
\*---------------------------------------------------------------------------*/
FoamFile
{
    version     2.0;
    format      ascii;
    arch        "LSB;label=32;scalar=64";
    class       volScalarField;
    location    "2500/air";
    object      qprimaryRad_1;
}
// * * * * * * * * * * * * * * * * * * * * * * * * * * * * * * * * * * * * * //

dimensions      [1 0 -3 0 0 0 0];

internalField   uniform 0;

boundaryField
{
    maxY
    {
        type            calculated;
        value           uniform 0;
    }
    minX
    {
        type            calculated;
        value           uniform 0;
    }
    maxX
    {
        type            calculated;
        value           uniform 0;
    }
    minY
    {
        type            calculated;
        value           uniform 0;
    }
    maxZ
    {
        type            calculated;
        value           uniform 0;
    }
    air_to_solid
    {
        type            calculated;
        value           nonuniform List<scalar> 
1536
(
0
0
0
0
0
0
0
0
0
0
0
0
0
0
0
0
0
0
0
0
0
0
0
0
0
0
0
0
0
0
0
0
0
0
0
0
4.030141
11.89807
9.587031
2.772918
7.653491
2.772918
7.653491
2.772918
7.653491
2.772918
7.653491
2.772918
7.653491
0
12.54956
10.55714
7.931484
7.931484
7.931484
7.931484
7.931484
0
12.54956
10.55714
7.931484
7.931484
7.931484
7.931484
7.931484
0
12.54956
10.55714
7.931484
7.931484
7.931484
7.931484
7.931484
0
12.54956
10.55714
7.931484
7.931484
7.931484
7.931484
7.931484
0
12.54956
10.55714
7.931484
7.931484
7.931484
7.931484
7.931484
0
3.762062
2.507551
2.507551
2.507551
2.507551
2.507551
3.375883
0.6363687
0.6363687
0.6363687
0.6363687
0.6363687
0.6363687
0.6363687
0.6363687
0.6363687
0.6363687
0
10.20593
10.98401
0
0
0
0
0
0
0
0
0
0
0
0
0
0
0
0
0
0
0
0
10.98401
10.98401
0
0
0
0
0
0
0
0
0
0
0
0
0
0
0
0
0
0
0
0
10.98401
10.98401
0
0
0
0
0
0
0
0
0
0
0
0
0
0
0
0
0
0
0
0
10.98401
10.98401
0
0
0
0
0
0
0
0
0
0
0
0
0
0
0
0
0
0
0
0
10.98401
10.98401
0
0
0
0
0
0
0
0
0
0
0
0
0
0
0
0
0
0
0
0
10.98401
10.12257
0
0
0
3.107135
0.355503
0
0
0
0.355503
0.355503
0
0
0
0.355503
0.355503
0
0
0
0.355503
0.355503
0
0
0
0.355503
0.355503
0
0
0
0
0.355503
0
0
2.772918
7.653491
12.54956
10.55714
7.931484
2.772918
7.653491
7.931484
7.931484
2.772918
7.653491
7.931484
7.931484
2.772918
7.653491
7.931484
7.931484
2.772918
7.653491
7.931484
7.931484
0
5.804061
7.931484
0
4.671026
7.931484
12.54956
10.55714
7.931484
7.931484
7.931484
7.931484
7.931484
7.931484
7.931484
7.931484
7.931484
7.931484
7.931484
7.931484
7.931484
4.671026
7.931484
0
4.671026
7.931484
12.54956
10.55714
7.931484
7.931484
7.931484
7.931484
7.931484
7.931484
7.931484
7.931484
7.931484
7.931484
7.931484
7.931484
7.931484
4.671026
7.931484
0
4.671026
7.931484
12.54956
10.55714
7.931484
7.931484
7.931484
7.931484
7.931484
7.931484
7.931484
7.931484
7.931484
7.931484
7.931484
7.931484
7.931484
4.671026
7.931484
0
4.671026
7.931484
12.54956
10.55714
7.931484
7.931484
7.931484
7.931484
7.931484
7.931484
7.931484
7.931484
7.931484
7.931484
7.931484
7.931484
7.931484
4.671026
7.931484
0
4.671026
7.931484
11.84355
9.536378
2.507551
7.574677
7.931484
7.574677
2.507551
7.574677
7.931484
7.574677
2.507551
7.574677
7.931484
7.574677
2.507551
7.574677
7.931484
7.574677
2.507551
7.574677
4.671026
7.574677
0
0
5.753408
0
0
0
0.309729
8.177631
0
7.421147
0
0
0
0
0
0
0
0
0
0
0
0
0
0
0
0
0
0
0
0
0
0
0
0
0
0
0
0
0
0
7.269087
7.269087
0
0
0
0
0
0
0
0
0
0
0
0
0
0
0
0
0
0
0
0
7.269087
7.269087
0
0
0
0
0
0
0
0
0
0
0
0
0
0
0
0
0
0
0
0
7.269087
7.269087
0
0
0
0
0
0
0
0
0
0
0
0
0
0
0
0
0
0
0
0
7.269087
7.269087
0
0
0
0
0
0
0
0
0
0
0
0
0
0
0
0
0
0
0
0
7.269087
7.279951
0
0
0
0
0
0
0
0
0
0
0
0
0
0
0
0
0
0.04165003
0
0
0
0
0
0
0
0
0
0
0
8.450277
8.056288
3.084781
10.4574
12.48855
7.92651
7.653491
2.772918
7.92651
7.92651
7.653491
2.772918
7.92651
7.92651
7.653491
2.772918
7.92651
7.92651
7.653491
2.772918
7.92651
7.875579
7.616878
2.723004
7.92651
8.520759
8.520759
10.55714
12.54956
7.931484
7.931484
7.931484
7.931484
7.931484
7.931484
7.931484
7.931484
7.931484
7.931484
7.931484
7.931484
7.871847
7.871847
7.931484
8.520759
8.520759
10.55714
12.54956
7.931484
7.931484
7.931484
7.931484
7.931484
7.931484
7.931484
7.931484
7.931484
7.931484
7.931484
7.931484
7.871847
7.871847
7.931484
8.520759
8.520759
10.55714
12.54956
7.931484
7.931484
7.931484
7.931484
7.931484
7.931484
7.931484
7.931484
7.931484
7.931484
7.931484
7.931484
7.871847
7.871847
7.931484
8.520759
8.520759
10.55714
12.54956
7.931484
7.931484
7.931484
7.931484
7.931484
7.931484
7.931484
7.931484
7.931484
7.931484
7.931484
7.931484
7.871847
7.871847
7.931484
8.51418
8.520759
10.54942
12.54472
7.93056
7.931484
7.93056
7.93056
7.931484
7.93056
7.93056
7.931484
7.93056
7.93056
7.931484
7.93056
7.872337
7.871847
7.93056
0
0
3.11853
1.161201
0.2880564
0
0.6874541
0
0
0
0
0.6363687
0
0
0.6363687
0
0
0
0
0.6363687
0
0
0.6363687
0
0
0
0
0.6363687
0
0
0.6363687
0
0
0
0
0.6363687
0
0
0.6363687
0
0
0
0
0.5767691
0
0
0
0
7.269087
7.281077
9.948576
10.92082
10.04768
9.992133
10.9807
9.997344
0
0
0
0
0
0
0
0
0
0
0
0
0
0
0
0
0
0
0
0
0
0
0
0
0
0
0
0
0
0
0
0
0
0
0
0
0
0
0
0
0
0
0
0
0
0
0
0
0
0
0
0
0
0
0
0
0
0
0
0
0
0
7.269087
7.269087
9.992133
10.98401
9.992133
9.992133
10.98401
9.992133
0
0
0
0
0
0
0
0
0
0
0
0
0
0
0
0
0
0
0
0
0
0
0
0
0
0
0
0
0
0
0
0
0
0
0
0
0
0
0
0
0
0
0
0
0
0
0
0
0
0
0
0
0
0
0
0
0
0
0
0
0
0
7.269087
7.269087
9.992133
10.98401
9.992133
9.992133
10.98401
9.992133
0
0
0
0
0
0
0
0
0
0
0
0
0
0
0
0
0
0
0
0
0
0
0
0
0
0
0
0
0
0
0
0
0
0
0
0
0
0
0
0
0
0
0
0
0
0
0
0
0
0
0
0
0
0
0
0
0
0
0
0
0
0
7.269087
7.269087
9.992133
10.98401
9.992133
9.992133
10.98401
9.992133
0
0
0
0
0
0
0
0
0
0
0
0
0
0
0
0
0
0
0
0
0
0
0
0
0
0
0
0
0
0
0
0
0
0
0
0
0
0
0
0
0
0
0
0
0
0
0
0
0
0
0
0
0
0
0
0
0
0
0
0
0
0
7.269087
7.269087
9.992133
10.98401
9.992133
9.992133
10.98401
9.992133
0
0
0
0
0
0
0
0
0
0
0
0
0
0
0
0
0
0
0
0
0
0
0
0
0
0
0
0
0
0
0
0
0
0
0
0
0
0
0
0
0
0
0
0
0
0
0
0
0
0
0
0
0
0
0
0
0
0
0
0
0
0
8.12311
7.409957
9.992133
10.97922
9.995862
9.865216
10.90517
10.03203
0
0
0
0
0
0
0
0
0
0
0
2.849782
0.880647
0.007502642
0
0.4065828
0
0
0
0
0
0
0
0
0
0
0
0
0
0.355503
0
0
0.355503
0
0
0
0
0
0
0
0
0
0
0
0
0
0.355503
0
0
0.355503
0
0
0
0
0
0
0
0
0
0
0
0
0
0.355503
0
0
0.355503
0
0
0
0
0
0
0
0
0
0
0
0
0
0.355503
0
0
0.355503
0
0
0
0
0
0
0
0
0
0
0
0
0
0
0
0
0
0
0.2958978
0
0
0
0
0
0
0
7.977614
7.693776
2.807228
7.92651
8.515547
10.55045
12.54585
8.520759
7.990145
7.932153
7.990866
7.92651
7.653491
2.772918
7.92651
7.932153
7.932153
7.931484
7.932153
7.932153
7.931484
7.92651
7.653491
2.772918
7.92651
7.932153
7.932153
7.931484
7.932153
7.932153
7.931484
7.92651
7.653491
2.772918
7.92651
7.932153
7.932153
7.931484
7.932153
7.932153
7.931484
7.92651
7.653491
2.772918
7.92651
7.932153
7.932153
7.931484
7.932153
7.932153
7.931484
7.386227
7.29085
2.249059
4.824563
0
7.873894
7.932153
7.871847
7.323045
4.682664
0
7.316132
7.990866
7.990866
7.931484
8.520759
10.55714
12.54956
8.520759
7.990866
7.931484
7.990866
7.931484
7.931484
7.931484
7.931484
7.931484
7.931484
7.931484
7.931484
7.931484
7.931484
7.931484
7.931484
7.931484
7.931484
7.931484
7.931484
7.931484
7.931484
7.931484
7.931484
7.931484
7.931484
7.931484
7.931484
7.931484
7.931484
7.931484
7.931484
7.931484
7.931484
7.931484
7.931484
7.931484
7.931484
7.931484
7.931484
7.316132
7.316132
4.671026
0
7.871847
7.931484
7.871847
7.316132
4.671026
0
7.316132
7.990866
7.990866
7.931484
8.520759
10.55714
12.54956
8.520759
7.990866
7.931484
7.990866
7.931484
7.931484
7.931484
7.931484
7.931484
7.931484
7.931484
7.931484
7.931484
7.931484
7.931484
7.931484
7.931484
7.931484
7.931484
7.931484
7.931484
7.931484
7.931484
7.931484
7.931484
7.931484
7.931484
7.931484
7.931484
7.931484
7.931484
7.931484
7.931484
7.931484
7.931484
7.931484
7.931484
7.931484
7.931484
7.931484
7.316132
7.316132
4.671026
0
7.871847
7.931484
7.871847
7.316132
4.671026
0
7.316132
7.990866
7.990866
7.931484
8.520759
10.55714
12.54956
8.520759
7.990866
7.931484
7.990866
7.931484
7.931484
7.931484
7.931484
7.931484
7.931484
7.931484
7.931484
7.931484
7.931484
7.931484
7.931484
7.931484
7.931484
7.931484
7.931484
7.931484
7.931484
7.931484
7.931484
7.931484
7.931484
7.931484
7.931484
7.931484
7.931484
7.931484
7.931484
7.931484
7.931484
7.931484
7.931484
7.931484
7.931484
7.931484
7.931484
7.316132
7.316132
4.671026
0
7.871847
7.931484
7.871847
7.316132
4.671026
0
7.316132
7.990866
7.990866
7.931484
8.520759
10.55714
12.54956
8.520759
7.990866
7.931484
7.990866
7.931484
7.931484
7.931484
7.931484
7.931484
7.931484
7.931484
7.931484
7.931484
7.931484
7.931484
7.931484
7.931484
7.931484
7.931484
7.931484
7.931484
7.931484
7.931484
7.931484
7.931484
7.931484
7.931484
7.931484
7.931484
7.931484
7.931484
7.931484
7.931484
7.931484
7.931484
7.931484
7.931484
7.931484
7.931484
7.931484
7.316132
7.316132
4.671026
0
7.871847
7.931484
7.871847
7.316132
4.671026
0
7.316132
7.988589
7.990866
7.93056
8.43603
10.44715
12.47736
7.980866
2.818344
7.961647
7.91038
7.615208
2.541765
7.93056
7.931484
7.93056
7.91038
7.91038
7.574677
2.507551
7.91038
7.91038
7.574677
2.507551
7.93056
7.931484
7.93056
7.91038
7.91038
7.574677
2.507551
7.91038
7.91038
7.574677
2.507551
7.93056
7.931484
7.93056
7.91038
7.91038
7.574677
2.507551
7.91038
7.91038
7.574677
2.507551
7.93056
7.931484
7.93056
7.91038
7.91038
7.574677
2.507551
7.91038
7.91038
7.574677
2.507551
7.321679
7.316132
4.681634
0
7.859612
7.91038
7.538309
2.457541
7.371979
4.814314
0
7.215428
1.982623
)
;
    }
    air_to_floor
    {
        type            calculated;
        value           nonuniform List<scalar> 
900
(
55.52039
55.52039
55.52039
55.52039
55.52039
55.52039
55.52039
55.52039
55.52039
55.52039
55.52039
55.52039
55.52039
55.52039
55.52039
55.52039
55.52039
55.52039
55.52039
55.52039
55.52039
55.52039
55.52039
55.52039
55.52039
55.52039
55.52039
55.52039
55.52039
55.52039
55.52039
55.52039
55.52039
55.52039
55.52039
55.52039
55.52039
55.52039
55.52039
55.52039
55.52039
55.52039
55.52039
55.52039
55.52039
55.52039
55.52039
55.52039
55.52039
55.52039
55.52039
55.52039
55.52039
55.52039
55.52039
55.52039
55.52039
55.52039
55.52039
55.52039
55.52039
55.52039
55.52039
55.52039
55.52039
55.52039
55.52039
55.52039
55.52039
55.52039
55.52039
55.52039
55.52039
55.52039
55.52039
55.52039
55.52039
55.52039
55.52039
55.52039
55.52039
55.52039
55.52039
55.52039
55.52039
55.52039
55.52039
55.52039
55.52039
55.52039
55.52039
55.52039
55.52039
55.52039
55.52039
55.52039
55.52039
55.52039
55.52039
55.52039
55.52039
55.52039
55.52039
55.52039
55.52039
55.52039
55.52039
55.52039
55.52039
55.52039
55.52039
55.52039
55.52039
55.52039
55.52039
55.52039
55.52039
55.52039
55.52039
55.52039
55.52039
55.52039
55.52039
55.52039
55.52039
55.52039
55.52039
55.52039
55.52039
55.52039
55.52039
55.52039
55.52039
55.52039
55.52039
55.52039
55.52039
55.52039
55.52039
55.52039
55.52039
55.52039
55.52039
55.52039
55.52039
55.52039
55.52039
55.52039
55.52039
55.52039
55.52039
55.52039
55.52039
55.52039
55.52039
55.52039
55.52039
55.52039
55.52039
55.52039
55.52039
55.52039
55.52039
55.52039
55.52039
55.52039
55.52039
55.52039
55.52039
55.52039
55.52039
55.52039
55.52039
55.52039
55.52039
55.52039
55.52039
55.52039
55.52039
55.52039
55.52039
55.52039
55.52039
55.52039
55.52039
55.52039
55.52039
55.52039
55.52039
55.52039
55.52039
55.52039
55.52039
55.52039
55.52039
55.52039
55.52039
55.52039
55.52039
55.52039
55.52039
55.52039
55.52039
55.52039
55.52039
55.52039
55.52039
55.52039
55.52039
55.52039
55.52039
55.52039
55.52039
55.52039
55.52039
55.52039
55.52039
55.52039
55.52039
55.52039
55.52039
55.52039
55.52039
55.52039
55.52039
55.52039
55.52039
55.52039
55.52039
55.52039
55.52039
55.52039
55.52039
55.52039
55.52039
55.52039
55.52039
55.52039
55.52039
55.52039
55.52039
55.52039
55.52039
55.52039
55.52039
55.52039
55.52039
55.52039
55.52039
55.52039
55.52039
55.52039
55.52039
55.52039
55.52039
55.52039
55.52039
55.52039
55.52039
55.52039
55.52039
55.52039
55.52039
55.52039
55.52039
55.52039
55.52039
55.52039
55.52039
55.52039
55.52039
55.52039
55.52039
55.52039
55.52039
55.52039
55.52039
55.52039
55.52039
55.52039
55.52039
55.52039
55.52039
55.52039
55.52039
55.52039
55.52039
55.52039
55.52039
55.52039
55.52039
55.52039
55.52039
55.52039
55.52039
55.52039
55.52039
55.52039
55.52039
55.52039
55.52039
55.52039
55.52039
55.52039
55.52039
55.52039
55.52039
55.52039
55.52039
55.52039
55.52039
55.52039
55.52039
55.52039
55.52039
55.52039
55.52039
55.52039
55.52039
55.52039
55.52039
55.52039
55.52039
55.52039
55.52039
55.52039
55.52039
55.52039
55.52039
55.52039
55.52039
55.52039
55.52039
55.52039
55.52039
55.52039
55.52039
55.52039
55.52039
55.52039
55.52039
55.52039
55.52039
55.52039
55.52039
55.52039
55.52039
55.52039
55.52039
55.52039
55.52039
55.52039
55.52039
55.52039
55.52039
55.52039
55.52039
55.52039
55.52039
55.52039
55.52039
55.52039
55.52039
55.52039
55.52039
55.52039
55.52039
55.52039
55.52039
55.52039
55.52039
55.52039
55.52039
55.52039
55.52039
55.52039
55.52039
55.52039
55.52039
55.52039
55.52039
55.52039
55.52039
55.52039
55.52039
55.52039
55.52039
0
0
0
55.52039
55.52039
55.52039
55.52039
55.52039
55.52039
55.52039
55.52039
55.52039
55.52039
55.52039
55.52039
55.52039
55.52039
55.52039
55.52039
55.52039
55.52039
55.52039
55.52039
55.52039
55.52039
55.52039
55.52039
55.52039
55.52039
55.52039
0
0
0
55.52039
55.52039
55.52039
55.52039
55.52039
55.52039
55.52039
55.52039
55.52039
55.52039
55.52039
55.52039
55.52039
55.52039
55.52039
55.52039
55.52039
55.52039
55.52039
55.52039
55.52039
55.52039
55.52039
55.52039
55.52039
55.52039
55.52039
0
0
0
55.52039
55.52039
55.52039
55.52039
55.52039
55.52039
55.52039
55.52039
55.52039
55.52039
55.52039
55.52039
55.52039
55.52039
55.52039
55.52039
55.52039
55.52039
55.52039
55.52039
55.52039
55.52039
55.52039
55.52039
55.52039
55.52039
55.52039
0
0
0
55.52039
55.52039
55.52039
55.52039
55.52039
55.52039
55.52039
55.52039
55.52039
55.52039
55.52039
55.52039
55.52039
55.52039
55.52039
55.52039
55.52039
55.52039
55.52039
55.52039
55.52039
55.52039
55.52039
55.52039
55.52039
55.52039
55.52039
0
0
0
55.52039
55.52039
55.52039
55.52039
55.52039
55.52039
55.52039
55.52039
55.52039
55.52039
55.52039
55.52039
55.52039
55.52039
55.52039
55.52039
55.52039
55.52039
55.52039
55.52039
55.52039
55.52039
55.52039
55.52039
55.52039
55.52039
55.52039
0
0
0
55.52039
55.52039
55.52039
55.52039
55.52039
55.52039
55.52039
55.52039
55.52039
55.52039
55.52039
55.52039
55.52039
55.52039
55.52039
55.52039
55.52039
55.52039
55.52039
55.52039
55.52039
55.52039
55.52039
55.52039
55.52039
55.52039
55.52039
55.52039
55.52039
55.52039
55.52039
55.52039
55.52039
55.52039
55.52039
55.52039
55.52039
55.52039
55.52039
55.52039
55.52039
55.52039
55.52039
55.52039
55.52039
55.52039
55.52039
55.52039
55.52039
55.52039
55.52039
55.52039
55.52039
55.52039
55.52039
55.52039
55.52039
55.52039
55.52039
55.52039
55.52039
55.52039
55.52039
55.52039
55.52039
55.52039
55.52039
55.52039
55.52039
55.52039
55.52039
55.52039
55.52039
55.52039
55.52039
55.52039
55.52039
55.52039
55.52039
55.52039
55.52039
55.52039
55.52039
55.52039
55.52039
55.52039
55.52039
55.52039
55.52039
55.52039
55.52039
55.52039
55.52039
55.52039
55.52039
55.52039
55.52039
55.52039
55.52039
55.52039
55.52039
55.52039
55.52039
55.52039
55.52039
55.52039
55.52039
55.52039
55.52039
55.52039
55.52039
55.52039
55.52039
55.52039
55.52039
55.52039
55.52039
55.52039
55.52039
55.52039
55.52039
55.52039
55.52039
55.52039
55.52039
55.52039
55.52039
55.52039
55.52039
55.52039
55.52039
55.52039
55.52039
55.52039
55.52039
55.52039
55.52039
55.52039
55.52039
55.52039
55.52039
55.52039
55.52039
55.52039
55.52039
55.52039
55.52039
55.52039
55.52039
55.52039
55.52039
55.52039
55.52039
55.52039
55.52039
55.52039
55.52039
55.52039
55.52039
55.52039
55.52039
55.52039
55.52039
55.52039
55.52039
55.52039
55.52039
55.52039
55.52039
55.52039
55.52039
55.52039
55.52039
55.52039
55.52039
55.52039
55.52039
55.52039
55.52039
55.52039
55.52039
55.52039
55.52039
55.52039
55.52039
55.52039
55.52039
55.52039
55.52039
55.52039
55.52039
55.52039
55.52039
55.52039
55.52039
55.52039
55.52039
55.52039
55.52039
55.52039
55.52039
55.52039
55.52039
55.52039
55.52039
55.52039
55.52039
55.52039
55.52039
55.52039
55.52039
55.52039
55.52039
55.52039
55.52039
55.52039
55.52039
55.52039
55.52039
55.52039
55.52039
55.52039
55.52039
55.52039
55.52039
55.52039
55.52039
55.52039
55.52039
55.52039
55.52039
55.52039
55.52039
55.52039
55.52039
55.52039
55.52039
55.52039
55.52039
55.52039
55.52039
55.52039
55.52039
55.52039
55.52039
55.52039
55.52039
55.52039
55.52039
55.52039
55.52039
55.52039
55.52039
55.52039
55.52039
55.52039
55.52039
55.52039
55.52039
55.52039
55.52039
55.52039
55.52039
55.52039
55.52039
55.52039
55.52039
55.52039
55.52039
55.52039
55.52039
55.52039
55.52039
55.52039
55.52039
55.52039
55.52039
55.52039
55.52039
55.52039
55.52039
55.52039
55.52039
55.52039
55.52039
55.52039
55.52039
55.52039
55.52039
55.52039
55.52039
55.52039
55.52039
55.52039
55.52039
55.52039
55.52039
55.52039
55.52039
55.52039
55.52039
55.52039
55.52039
55.52039
55.52039
55.52039
55.52039
55.52039
55.52039
55.52039
55.52039
55.52039
55.52039
55.52039
55.52039
55.52039
55.52039
55.52039
55.52039
55.52039
55.52039
55.52039
55.52039
55.52039
55.52039
55.52039
55.52039
55.52039
55.52039
55.52039
55.52039
55.52039
55.52039
55.52039
55.52039
55.52039
55.52039
55.52039
55.52039
55.52039
55.52039
55.52039
55.52039
55.52039
55.52039
55.52039
55.52039
55.52039
55.52039
55.52039
55.52039
55.52039
55.52039
55.52039
55.52039
55.52039
55.52039
55.52039
55.52039
55.52039
)
;
    }
}


// ************************************************************************* //
