/*--------------------------------*- C++ -*----------------------------------*\
| =========                 |                                                 |
| \\      /  F ield         | OpenFOAM: The Open Source CFD Toolbox           |
|  \\    /   O peration     | Version:  2506                                  |
|   \\  /    A nd           | Website:  www.openfoam.com                      |
|    \\/     M anipulation  |                                                 |
\*---------------------------------------------------------------------------*/
FoamFile
{
    version     2.0;
    format      ascii;
    arch        "LSB;label=32;scalar=64";
    class       volScalarField;
    location    "3500/air";
    object      qprimaryRad_0;
}
// * * * * * * * * * * * * * * * * * * * * * * * * * * * * * * * * * * * * * //

dimensions      [1 0 -3 0 0 0 0];

internalField   uniform 0;

boundaryField
{
    maxY
    {
        type            calculated;
        value           uniform 0;
    }
    minX
    {
        type            calculated;
        value           uniform 0;
    }
    maxX
    {
        type            calculated;
        value           uniform 0;
    }
    minY
    {
        type            calculated;
        value           uniform 0;
    }
    maxZ
    {
        type            calculated;
        value           uniform 0;
    }
    air_to_solid
    {
        type            calculated;
        value           nonuniform List<scalar> 
1536
(
0
0
0
0
0
0
0
0
0
0
0
0
0
0
0
0
0
0
0
0
0
0
0
0
0
0
0
0
0
0
0
0
0
0
0
0
7.15808
23.72425
17.90729
4.454845
13.90939
4.454845
13.90939
4.454845
13.90939
4.454845
13.90939
4.454845
13.90939
0
25.03986
20.02312
14.61626
14.61626
14.61626
14.61626
14.61626
0
25.03986
20.02312
14.61626
14.61626
14.61626
14.61626
14.61626
0
25.03986
20.02312
14.61626
14.61626
14.61626
14.61626
14.61626
0
25.03986
20.02312
14.61626
14.61626
14.61626
14.61626
14.61626
0
25.03986
20.02312
14.61626
14.61626
14.61626
14.61626
14.61626
0
7.987712
5.276084
5.276084
5.276084
5.276084
5.276084
6.158692
0.4793164
0.4793164
0.4793164
0.4793164
0.4793164
0.4793164
0.4793164
0.4793164
0.4793164
0.4793164
0
20.53956
22.2666
0
0
0
0
0
0
0
0
0
0
0
0
0
0
0
0
0
0
0
0
22.2666
22.2666
0
0
0
0
0
0
0
0
0
0
0
0
0
0
0
0
0
0
0
0
22.2666
22.2666
0
0
0
0
0
0
0
0
0
0
0
0
0
0
0
0
0
0
0
0
22.2666
22.2666
0
0
0
0
0
0
0
0
0
0
0
0
0
0
0
0
0
0
0
0
22.2666
22.2666
0
0
0
0
0
0
0
0
0
0
0
0
0
0
0
0
0
0
0
0
22.2666
20.79754
0
0
0
6.990394
1.34852
0
0
0
1.34852
1.34852
0
0
0
1.34852
1.34852
0
0
0
1.34852
1.34852
0
0
0
1.34852
1.34852
0
0
0
0
1.34852
0
0
4.454845
13.90939
25.03986
20.02312
14.61626
4.454845
13.90939
14.61626
14.61626
4.454845
13.90939
14.61626
14.61626
4.454845
13.90939
14.61626
14.61626
4.454845
13.90939
14.61626
14.61626
0
10.20554
14.61626
0
8.039576
14.61626
25.03986
20.02312
14.61626
14.61626
14.61626
14.61626
14.61626
14.61626
14.61626
14.61626
14.61626
14.61626
14.61626
14.61626
14.61626
8.039576
14.61626
0
8.039576
14.61626
25.03986
20.02312
14.61626
14.61626
14.61626
14.61626
14.61626
14.61626
14.61626
14.61626
14.61626
14.61626
14.61626
14.61626
14.61626
8.039576
14.61626
0
8.039576
14.61626
25.03986
20.02312
14.61626
14.61626
14.61626
14.61626
14.61626
14.61626
14.61626
14.61626
14.61626
14.61626
14.61626
14.61626
14.61626
8.039576
14.61626
0
8.039576
14.61626
25.03986
20.02312
14.61626
14.61626
14.61626
14.61626
14.61626
14.61626
14.61626
14.61626
14.61626
14.61626
14.61626
14.61626
14.61626
8.039576
14.61626
0
8.039576
14.61626
23.89297
18.06405
5.276084
14.1533
14.61626
14.1533
5.276084
14.1533
14.61626
14.1533
5.276084
14.1533
14.61626
14.1533
5.276084
14.1533
14.61626
14.1533
5.276084
14.1533
8.039576
14.1533
0
0
10.3623
0
0
0
0.3020526
16.86816
0
15.56923
0
0
0
0
0
0
0
0
0
0
0
0
0
0
0
0
0
0
0
0
0
0
0
0
0
0
0
0
0
0
15.30893
15.30893
0
0
0
0
0
0
0
0
0
0
0
0
0
0
0
0
0
0
0
0
15.30893
15.30893
0
0
0
0
0
0
0
0
0
0
0
0
0
0
0
0
0
0
0
0
15.30893
15.30893
0
0
0
0
0
0
0
0
0
0
0
0
0
0
0
0
0
0
0
0
15.30893
15.30893
0
0
0
0
0
0
0
0
0
0
0
0
0
0
0
0
0
0
0
0
15.30893
15.33242
0
0
0
0
0
0
0
0
0
0
0
0
0
0
0
0
0
1.131684
0
0
0
0
0
0
0
0
0
0
0
15.63985
14.73394
5.107592
19.78956
24.90752
14.56727
13.90939
4.454845
14.56727
14.56727
13.90939
4.454845
14.56727
14.56727
13.90939
4.454845
14.56727
14.56727
13.90939
4.454845
14.56727
14.46396
13.83511
4.354494
14.56727
15.81848
15.81848
20.02312
25.03986
14.61626
14.61626
14.61626
14.61626
14.61626
14.61626
14.61626
14.61626
14.61626
14.61626
14.61626
14.61626
14.49487
14.49487
14.61626
15.81848
15.81848
20.02312
25.03986
14.61626
14.61626
14.61626
14.61626
14.61626
14.61626
14.61626
14.61626
14.61626
14.61626
14.61626
14.61626
14.49487
14.49487
14.61626
15.81848
15.81848
20.02312
25.03986
14.61626
14.61626
14.61626
14.61626
14.61626
14.61626
14.61626
14.61626
14.61626
14.61626
14.61626
14.61626
14.49487
14.49487
14.61626
15.81848
15.81848
20.02312
25.03986
14.61626
14.61626
14.61626
14.61626
14.61626
14.61626
14.61626
14.61626
14.61626
14.61626
14.61626
14.61626
14.49487
14.49487
14.61626
15.80856
15.81848
20.00967
25.03442
14.61849
14.61626
14.61849
14.61849
14.61626
14.61849
14.61849
14.61626
14.61849
14.61849
14.61626
14.61849
14.49988
14.49487
14.61849
0
0
5.684439
1.560085
0
0
0.5841294
0
0
0
0
0.4793164
0
0
0.4793164
0
0
0
0
0.4793164
0
0
0.4793164
0
0
0
0
0.4793164
0
0
0.4793164
0
0
0
0
0.4793164
0
0
0.4793164
0
0
0
0
0.3587858
0
0
0
0
15.30893
15.32893
20.06531
22.10926
20.50022
20.43875
22.25687
20.44473
0
0
0
0
0
0
0
0
0
0
0
0
0
0
0
0
0
0
0
0
0
0
0
0
0
0
0
0
0
0
0
0
0
0
0
0
0
0
0
0
0
0
0
0
0
0
0
0
0
0
0
0
0
0
0
0
0
0
0
0
0
0
15.30893
15.30893
20.43875
22.2666
20.43875
20.43875
22.2666
20.43875
0
0
0
0
0
0
0
0
0
0
0
0
0
0
0
0
0
0
0
0
0
0
0
0
0
0
0
0
0
0
0
0
0
0
0
0
0
0
0
0
0
0
0
0
0
0
0
0
0
0
0
0
0
0
0
0
0
0
0
0
0
0
15.30893
15.30893
20.43875
22.2666
20.43875
20.43875
22.2666
20.43875
0
0
0
0
0
0
0
0
0
0
0
0
0
0
0
0
0
0
0
0
0
0
0
0
0
0
0
0
0
0
0
0
0
0
0
0
0
0
0
0
0
0
0
0
0
0
0
0
0
0
0
0
0
0
0
0
0
0
0
0
0
0
15.30893
15.30893
20.43875
22.2666
20.43875
20.43875
22.2666
20.43875
0
0
0
0
0
0
0
0
0
0
0
0
0
0
0
0
0
0
0
0
0
0
0
0
0
0
0
0
0
0
0
0
0
0
0
0
0
0
0
0
0
0
0
0
0
0
0
0
0
0
0
0
0
0
0
0
0
0
0
0
0
0
15.30893
15.30893
20.43875
22.2666
20.43875
20.43875
22.2666
20.43875
0
0
0
0
0
0
0
0
0
0
0
0
0
0
0
0
0
0
0
0
0
0
0
0
0
0
0
0
0
0
0
0
0
0
0
0
0
0
0
0
0
0
0
0
0
0
0
0
0
0
0
0
0
0
0
0
0
0
0
0
0
0
17.03689
15.60386
20.43875
22.26146
20.44932
20.32329
22.15769
20.54865
0
0
0
0
0
0
0
0
0
0
0
6.516141
2.428322
0.8192788
0
1.45335
0
0
0
0
0
0
0
0
0
0
0
0
0
1.34852
0
0
1.34852
0
0
0
0
0
0
0
0
0
0
0
0
0
1.34852
0
0
1.34852
0
0
0
0
0
0
0
0
0
0
0
0
0
1.34852
0
0
1.34852
0
0
0
0
0
0
0
0
0
0
0
0
0
1.34852
0
0
1.34852
0
0
0
0
0
0
0
0
0
0
0
0
0
0
0
0
0
0
1.228006
0
0
0
0
0.04895874
0
0
14.6717
13.99166
4.525966
14.56727
15.80433
20.00648
25.03093
15.81848
14.73174
14.61356
14.73718
14.56727
13.90939
4.454845
14.56727
14.61356
14.61356
14.61626
14.61356
14.61356
14.61626
14.56727
13.90939
4.454845
14.56727
14.61356
14.61356
14.61626
14.61356
14.61356
14.61626
14.56727
13.90939
4.454845
14.56727
14.61356
14.61356
14.61626
14.61356
14.61356
14.61626
14.56727
13.90939
4.454845
14.56727
14.61356
14.61356
14.61626
14.61356
14.61356
14.61626
13.47355
13.17559
3.406147
8.321666
0
14.49506
14.61356
14.49487
13.37652
8.06025
0
13.36598
14.73718
14.73718
14.61626
15.81848
20.02312
25.03986
15.81848
14.73718
14.61626
14.73718
14.61626
14.61626
14.61626
14.61626
14.61626
14.61626
14.61626
14.61626
14.61626
14.61626
14.61626
14.61626
14.61626
14.61626
14.61626
14.61626
14.61626
14.61626
14.61626
14.61626
14.61626
14.61626
14.61626
14.61626
14.61626
14.61626
14.61626
14.61626
14.61626
14.61626
14.61626
14.61626
14.61626
14.61626
14.61626
14.61626
13.36598
13.36598
8.039576
0
14.49487
14.61626
14.49487
13.36598
8.039576
0
13.36598
14.73718
14.73718
14.61626
15.81848
20.02312
25.03986
15.81848
14.73718
14.61626
14.73718
14.61626
14.61626
14.61626
14.61626
14.61626
14.61626
14.61626
14.61626
14.61626
14.61626
14.61626
14.61626
14.61626
14.61626
14.61626
14.61626
14.61626
14.61626
14.61626
14.61626
14.61626
14.61626
14.61626
14.61626
14.61626
14.61626
14.61626
14.61626
14.61626
14.61626
14.61626
14.61626
14.61626
14.61626
14.61626
14.61626
13.36598
13.36598
8.039576
0
14.49487
14.61626
14.49487
13.36598
8.039576
0
13.36598
14.73718
14.73718
14.61626
15.81848
20.02312
25.03986
15.81848
14.73718
14.61626
14.73718
14.61626
14.61626
14.61626
14.61626
14.61626
14.61626
14.61626
14.61626
14.61626
14.61626
14.61626
14.61626
14.61626
14.61626
14.61626
14.61626
14.61626
14.61626
14.61626
14.61626
14.61626
14.61626
14.61626
14.61626
14.61626
14.61626
14.61626
14.61626
14.61626
14.61626
14.61626
14.61626
14.61626
14.61626
14.61626
14.61626
13.36598
13.36598
8.039576
0
14.49487
14.61626
14.49487
13.36598
8.039576
0
13.36598
14.73718
14.73718
14.61626
15.81848
20.02312
25.03986
15.81848
14.73718
14.61626
14.73718
14.61626
14.61626
14.61626
14.61626
14.61626
14.61626
14.61626
14.61626
14.61626
14.61626
14.61626
14.61626
14.61626
14.61626
14.61626
14.61626
14.61626
14.61626
14.61626
14.61626
14.61626
14.61626
14.61626
14.61626
14.61626
14.61626
14.61626
14.61626
14.61626
14.61626
14.61626
14.61626
14.61626
14.61626
14.61626
14.61626
13.36598
13.36598
8.039576
0
14.49487
14.61626
14.49487
13.36598
8.039576
0
13.36598
14.73656
14.73718
14.61849
15.68394
19.82128
24.94215
14.96736
5.93214
14.72111
14.61719
14.23481
5.347501
14.61849
14.61626
14.61849
14.61719
14.61719
14.1533
5.276084
14.61719
14.61719
14.1533
5.276084
14.61849
14.61626
14.61849
14.61719
14.61719
14.1533
5.276084
14.61719
14.61719
14.1533
5.276084
14.61849
14.61626
14.61849
14.61719
14.61719
14.1533
5.276084
14.61719
14.61719
14.1533
5.276084
14.61849
14.61626
14.61849
14.61719
14.61719
14.1533
5.276084
14.61719
14.61719
14.1533
5.276084
13.38075
13.36598
8.063436
0
14.51338
14.61719
14.07825
5.17603
13.51764
8.353384
0
13.409
4.230695
)
;
    }
    air_to_floor
    {
        type            calculated;
        value           nonuniform List<scalar> 
900
(
43.84877
43.84877
43.84877
43.84877
43.84877
43.84877
43.84877
43.84877
43.84877
43.84877
43.84877
43.84877
43.84877
43.84877
43.84877
43.84877
43.84877
43.84877
43.84877
43.84877
43.84877
43.84877
43.84877
43.84877
43.84877
43.84877
43.84877
43.84877
43.84877
43.84877
43.84877
43.84877
43.84877
43.84877
43.84877
43.84877
43.84877
43.84877
43.84877
43.84877
43.84877
43.84877
43.84877
43.84877
43.84877
43.84877
43.84877
43.84877
43.84877
43.84877
43.84877
43.84877
43.84877
43.84877
43.84877
43.84877
43.84877
43.84877
43.84877
43.84877
43.84877
43.84877
43.84877
43.84877
43.84877
43.84877
43.84877
43.84877
43.84877
43.84877
43.84877
43.84877
43.84877
43.84877
43.84877
43.84877
43.84877
43.84877
43.84877
43.84877
43.84877
43.84877
43.84877
43.84877
43.84877
43.84877
43.84877
43.84877
43.84877
43.84877
43.84877
43.84877
43.84877
43.84877
43.84877
43.84877
43.84877
43.84877
43.84877
43.84877
43.84877
43.84877
43.84877
43.84877
43.84877
43.84877
43.84877
43.84877
43.84877
43.84877
43.84877
43.84877
43.84877
43.84877
43.84877
43.84877
43.84877
43.84877
43.84877
43.84877
43.84877
43.84877
43.84877
43.84877
43.84877
43.84877
43.84877
43.84877
43.84877
43.84877
43.84877
43.84877
43.84877
43.84877
43.84877
43.84877
43.84877
43.84877
43.84877
43.84877
43.84877
43.84877
43.84877
43.84877
43.84877
43.84877
43.84877
43.84877
43.84877
43.84877
43.84877
43.84877
43.84877
43.84877
43.84877
43.84877
43.84877
43.84877
43.84877
43.84877
43.84877
43.84877
43.84877
43.84877
43.84877
43.84877
43.84877
43.84877
43.84877
43.84877
43.84877
43.84877
43.84877
43.84877
43.84877
43.84877
43.84877
43.84877
43.84877
43.84877
43.84877
43.84877
43.84877
43.84877
43.84877
43.84877
43.84877
43.84877
43.84877
43.84877
43.84877
43.84877
43.84877
43.84877
43.84877
43.84877
43.84877
43.84877
43.84877
43.84877
43.84877
43.84877
43.84877
43.84877
43.84877
43.84877
43.84877
43.84877
43.84877
43.84877
43.84877
43.84877
43.84877
43.84877
43.84877
43.84877
43.84877
43.84877
43.84877
43.84877
43.84877
43.84877
43.84877
43.84877
43.84877
43.84877
43.84877
43.84877
43.84877
43.84877
43.84877
43.84877
43.84877
43.84877
43.84877
43.84877
43.84877
43.84877
43.84877
43.84877
43.84877
43.84877
43.84877
43.84877
43.84877
43.84877
43.84877
43.84877
43.84877
43.84877
43.84877
43.84877
43.84877
43.84877
43.84877
43.84877
43.84877
43.84877
43.84877
43.84877
43.84877
43.84877
43.84877
43.84877
43.84877
43.84877
43.84877
43.84877
43.84877
43.84877
43.84877
43.84877
43.84877
43.84877
43.84877
43.84877
43.84877
43.84877
43.84877
43.84877
43.84877
43.84877
43.84877
43.84877
43.84877
43.84877
43.84877
43.84877
43.84877
43.84877
43.84877
43.84877
43.84877
43.84877
43.84877
43.84877
43.84877
43.84877
43.84877
43.84877
43.84877
43.84877
43.84877
43.84877
43.84877
43.84877
43.84877
43.84877
43.84877
43.84877
43.84877
43.84877
43.84877
43.84877
43.84877
43.84877
43.84877
43.84877
43.84877
43.84877
43.84877
43.84877
43.84877
43.84877
43.84877
43.84877
43.84877
43.84877
43.84877
43.84877
43.84877
43.84877
43.84877
43.84877
43.84877
43.84877
43.84877
43.84877
43.84877
43.84877
43.84877
43.84877
43.84877
43.84877
43.84877
43.84877
43.84877
43.84877
43.84877
43.84877
43.84877
43.84877
43.84877
43.84877
43.84877
43.84877
43.84877
43.84877
43.84877
43.84877
43.84877
43.84877
43.84877
43.84877
43.84877
43.84877
43.84877
43.84877
43.84877
43.84877
43.84877
43.84877
43.84877
43.84877
43.84877
43.84877
43.84877
43.84877
43.84877
43.84877
43.84877
43.84877
43.84877
43.84877
43.84877
43.84877
43.84877
43.84877
0
0
43.84877
43.84877
43.84877
43.84877
43.84877
43.84877
43.84877
43.84877
43.84877
43.84877
43.84877
43.84877
43.84877
43.84877
43.84877
43.84877
43.84877
43.84877
43.84877
43.84877
43.84877
43.84877
43.84877
43.84877
43.84877
43.84877
43.84877
43.84877
0
0
43.84877
43.84877
43.84877
43.84877
43.84877
43.84877
43.84877
43.84877
43.84877
43.84877
43.84877
43.84877
43.84877
43.84877
43.84877
43.84877
43.84877
43.84877
43.84877
43.84877
43.84877
43.84877
43.84877
43.84877
43.84877
43.84877
43.84877
43.84877
0
0
43.84877
43.84877
43.84877
43.84877
43.84877
43.84877
43.84877
43.84877
43.84877
43.84877
43.84877
43.84877
43.84877
43.84877
43.84877
43.84877
43.84877
43.84877
43.84877
43.84877
43.84877
43.84877
43.84877
43.84877
43.84877
43.84877
43.84877
43.84877
0
0
43.84877
43.84877
43.84877
43.84877
43.84877
43.84877
43.84877
43.84877
43.84877
43.84877
43.84877
43.84877
43.84877
43.84877
43.84877
43.84877
43.84877
43.84877
43.84877
43.84877
43.84877
43.84877
43.84877
43.84877
43.84877
43.84877
43.84877
43.84877
0
0
43.84877
43.84877
43.84877
43.84877
43.84877
43.84877
43.84877
43.84877
43.84877
43.84877
43.84877
43.84877
43.84877
43.84877
43.84877
43.84877
43.84877
43.84877
43.84877
43.84877
43.84877
43.84877
43.84877
43.84877
43.84877
43.84877
43.84877
43.84877
43.84877
0
43.84877
43.84877
43.84877
43.84877
43.84877
43.84877
43.84877
43.84877
43.84877
43.84877
43.84877
43.84877
43.84877
43.84877
43.84877
43.84877
43.84877
43.84877
43.84877
43.84877
43.84877
43.84877
43.84877
43.84877
43.84877
43.84877
43.84877
43.84877
43.84877
43.84877
43.84877
43.84877
43.84877
43.84877
43.84877
43.84877
43.84877
43.84877
43.84877
43.84877
43.84877
43.84877
43.84877
43.84877
43.84877
43.84877
43.84877
43.84877
43.84877
43.84877
43.84877
43.84877
43.84877
43.84877
43.84877
43.84877
43.84877
43.84877
43.84877
43.84877
43.84877
43.84877
43.84877
43.84877
43.84877
43.84877
43.84877
43.84877
43.84877
43.84877
43.84877
43.84877
43.84877
43.84877
43.84877
43.84877
43.84877
43.84877
43.84877
43.84877
43.84877
43.84877
43.84877
43.84877
43.84877
43.84877
43.84877
43.84877
43.84877
43.84877
43.84877
43.84877
43.84877
43.84877
43.84877
43.84877
43.84877
43.84877
43.84877
43.84877
43.84877
43.84877
43.84877
43.84877
43.84877
43.84877
43.84877
43.84877
43.84877
43.84877
43.84877
43.84877
43.84877
43.84877
43.84877
43.84877
43.84877
43.84877
43.84877
43.84877
43.84877
43.84877
43.84877
43.84877
43.84877
43.84877
43.84877
43.84877
43.84877
43.84877
43.84877
43.84877
43.84877
43.84877
43.84877
43.84877
43.84877
43.84877
43.84877
43.84877
43.84877
43.84877
43.84877
43.84877
43.84877
43.84877
43.84877
43.84877
43.84877
43.84877
43.84877
43.84877
43.84877
43.84877
43.84877
43.84877
43.84877
43.84877
43.84877
43.84877
43.84877
43.84877
43.84877
43.84877
43.84877
43.84877
43.84877
43.84877
43.84877
43.84877
43.84877
43.84877
43.84877
43.84877
43.84877
43.84877
43.84877
43.84877
43.84877
43.84877
43.84877
43.84877
43.84877
43.84877
43.84877
43.84877
43.84877
43.84877
43.84877
43.84877
43.84877
43.84877
43.84877
43.84877
43.84877
43.84877
43.84877
43.84877
43.84877
43.84877
43.84877
43.84877
43.84877
43.84877
43.84877
43.84877
43.84877
43.84877
43.84877
43.84877
43.84877
43.84877
43.84877
43.84877
43.84877
43.84877
43.84877
43.84877
43.84877
43.84877
43.84877
43.84877
43.84877
43.84877
43.84877
43.84877
43.84877
43.84877
43.84877
43.84877
43.84877
43.84877
43.84877
43.84877
43.84877
43.84877
43.84877
43.84877
43.84877
43.84877
43.84877
43.84877
43.84877
43.84877
43.84877
43.84877
43.84877
43.84877
43.84877
43.84877
43.84877
43.84877
43.84877
43.84877
43.84877
43.84877
43.84877
43.84877
43.84877
43.84877
43.84877
43.84877
43.84877
43.84877
43.84877
43.84877
43.84877
43.84877
43.84877
43.84877
43.84877
43.84877
43.84877
43.84877
43.84877
43.84877
43.84877
43.84877
43.84877
43.84877
43.84877
43.84877
43.84877
43.84877
43.84877
43.84877
43.84877
43.84877
43.84877
43.84877
43.84877
43.84877
43.84877
43.84877
43.84877
43.84877
43.84877
43.84877
43.84877
43.84877
43.84877
43.84877
43.84877
43.84877
43.84877
43.84877
43.84877
43.84877
43.84877
43.84877
43.84877
43.84877
43.84877
43.84877
43.84877
43.84877
43.84877
43.84877
43.84877
43.84877
43.84877
43.84877
43.84877
43.84877
43.84877
43.84877
43.84877
43.84877
43.84877
43.84877
43.84877
43.84877
43.84877
43.84877
43.84877
43.84877
43.84877
43.84877
43.84877
43.84877
43.84877
43.84877
43.84877
43.84877
43.84877
43.84877
43.84877
43.84877
43.84877
43.84877
43.84877
43.84877
43.84877
43.84877
43.84877
43.84877
43.84877
43.84877
43.84877
43.84877
)
;
    }
}


// ************************************************************************* //
