/*--------------------------------*- C++ -*----------------------------------*\
| =========                 |                                                 |
| \\      /  F ield         | OpenFOAM: The Open Source CFD Toolbox           |
|  \\    /   O peration     | Version:  2506                                  |
|   \\  /    A nd           | Website:  www.openfoam.com                      |
|    \\/     M anipulation  |                                                 |
\*---------------------------------------------------------------------------*/
FoamFile
{
    version     2.0;
    format      ascii;
    arch        "LSB;label=32;scalar=64";
    class       volScalarField;
    location    "4000/air";
    object      qprimaryRad_0;
}
// * * * * * * * * * * * * * * * * * * * * * * * * * * * * * * * * * * * * * //

dimensions      [1 0 -3 0 0 0 0];

internalField   uniform 0;

boundaryField
{
    maxY
    {
        type            calculated;
        value           uniform 0;
    }
    minX
    {
        type            calculated;
        value           uniform 0;
    }
    maxX
    {
        type            calculated;
        value           uniform 0;
    }
    minY
    {
        type            calculated;
        value           uniform 0;
    }
    maxZ
    {
        type            calculated;
        value           uniform 0;
    }
    air_to_solid
    {
        type            calculated;
        value           nonuniform List<scalar> 
1536
(
0
0
0
0
0
0
0
0
0
0
0
0
0
0
0
0
0
0
0
0
0
0
0
0
0
0
0
0
0
0
0
0
0
0
0
0
6.221382
23.49911
16.57932
3.355447
12.47874
3.355447
12.47874
3.355447
12.47874
3.355447
12.47874
3.355447
12.47874
0
24.82463
18.85506
13.33404
13.33404
13.33404
13.33404
13.33404
0
24.82463
18.85506
13.33404
13.33404
13.33404
13.33404
13.33404
0
24.82463
18.85506
13.33404
13.33404
13.33404
13.33404
13.33404
0
24.82463
18.85506
13.33404
13.33404
13.33404
13.33404
13.33404
0
24.82463
18.85506
13.33404
13.33404
13.33404
13.33404
13.33404
0
8.40991
5.521832
5.521832
5.521832
5.521832
5.521832
5.523219
0
0
0
0
0
0
0
0
0
0
0
20.52178
22.41038
0
0
0
0
0
0
0
0
0
0
0
0
0
0
0
0
0
0
0
0
22.41038
22.41038
0
0
0
0
0
0
0
0
0
0
0
0
0
0
0
0
0
0
0
0
22.41038
22.41038
0
0
0
0
0
0
0
0
0
0
0
0
0
0
0
0
0
0
0
0
22.41038
22.41038
0
0
0
0
0
0
0
0
0
0
0
0
0
0
0
0
0
0
0
0
22.41038
22.41038
0
0
0
0
0
0
0
0
0
0
0
0
0
0
0
0
0
0
0
0
22.41038
21.20231
0
0
0
7.717205
1.980201
0
0
0
1.980201
1.980201
0
0
0
1.980201
1.980201
0
0
0
1.980201
1.980201
0
0
0
1.980201
1.980201
0
0
0
0
1.980201
0
0
3.355447
12.47874
24.82463
18.85506
13.33404
3.355447
12.47874
13.33404
13.33404
3.355447
12.47874
13.33404
13.33404
3.355447
12.47874
13.33404
13.33404
3.355447
12.47874
13.33404
13.33404
0
8.796791
13.33404
0
6.745826
13.33404
24.82463
18.85506
13.33404
13.33404
13.33404
13.33404
13.33404
13.33404
13.33404
13.33404
13.33404
13.33404
13.33404
13.33404
13.33404
6.745826
13.33404
0
6.745826
13.33404
24.82463
18.85506
13.33404
13.33404
13.33404
13.33404
13.33404
13.33404
13.33404
13.33404
13.33404
13.33404
13.33404
13.33404
13.33404
6.745826
13.33404
0
6.745826
13.33404
24.82463
18.85506
13.33404
13.33404
13.33404
13.33404
13.33404
13.33404
13.33404
13.33404
13.33404
13.33404
13.33404
13.33404
13.33404
6.745826
13.33404
0
6.745826
13.33404
24.82463
18.85506
13.33404
13.33404
13.33404
13.33404
13.33404
13.33404
13.33404
13.33404
13.33404
13.33404
13.33404
13.33404
13.33404
6.745826
13.33404
0
6.745826
13.33404
23.94419
16.99284
5.521832
13.12215
13.33404
13.12215
5.521832
13.12215
13.33404
13.12215
5.521832
13.12215
13.33404
13.12215
5.521832
13.12215
13.33404
13.12215
5.521832
13.12215
6.745826
13.12215
0
0.03320695
9.210309
0
0
0
0
17.24447
0
16.16292
0
0
0
0
0
0
0
0
0
0
0
0
0
0
0
0
0
0
0
0
0
0
0
0
0
0
0
0
0
0
15.94735
15.94735
0
0
0
0
0
0
0
0
0
0
0
0
0
0
0
0
0
0
0
0
15.94735
15.94735
0
0
0
0
0
0
0
0
0
0
0
0
0
0
0
0
0
0
0
0
15.94735
15.94735
0
0
0
0
0
0
0
0
0
0
0
0
0
0
0
0
0
0
0
0
15.94735
15.94735
0
0
0
0
0
0
0
0
0
0
0
0
0
0
0
0
0
0
0
0
15.94735
15.97251
0
0
0
0
0
0
0
0
0
0
0
0
0
0
0
0
0
2.155332
0
0
0
0
0
0
0
0
0
0
0
14.33617
13.31653
4.031629
18.5893
24.68201
13.24628
12.47874
3.355447
13.24628
13.24628
12.47874
3.355447
13.24628
13.24628
12.47874
3.355447
13.24628
13.24628
12.47874
3.355447
13.24628
13.14227
12.40393
3.255224
13.24628
14.55123
14.55123
18.85506
24.82463
13.33404
13.33404
13.33404
13.33404
13.33404
13.33404
13.33404
13.33404
13.33404
13.33404
13.33404
13.33404
13.2114
13.2114
13.33404
14.55123
14.55123
18.85506
24.82463
13.33404
13.33404
13.33404
13.33404
13.33404
13.33404
13.33404
13.33404
13.33404
13.33404
13.33404
13.33404
13.2114
13.2114
13.33404
14.55123
14.55123
18.85506
24.82463
13.33404
13.33404
13.33404
13.33404
13.33404
13.33404
13.33404
13.33404
13.33404
13.33404
13.33404
13.33404
13.2114
13.2114
13.33404
14.55123
14.55123
18.85506
24.82463
13.33404
13.33404
13.33404
13.33404
13.33404
13.33404
13.33404
13.33404
13.33404
13.33404
13.33404
13.33404
13.2114
13.2114
13.33404
14.54462
14.55123
18.8437
24.8234
13.34033
13.33404
13.34033
13.34033
13.33404
13.34033
13.34033
13.33404
13.34033
13.34033
13.33404
13.34033
13.22041
13.2114
13.34033
0
0
5.09057
0.790922
0
0
0
0
0
0
0
0
0
0
0
0
0
0
0
0
0
0
0
0
0
0
0
0
0
0
0
0
0
0
0
0
0
0
0
0
0
0
0
0
0
0
0
0
15.94735
15.96331
20.08913
22.22274
20.75485
20.74288
22.3976
20.74442
0
0
0
0
0
0
0
0
0
0
0
0
0
0
0
0
0
0
0
0
0
0
0
0
0
0
0
0
0
0
0
0
0
0
0
0
0
0
0
0
0
0
0
0
0
0
0
0
0
0
0
0
0
0
0
0
0
0
0
0
0
0
15.94735
15.94735
20.74288
22.41038
20.74288
20.74288
22.41038
20.74288
0
0
0
0
0
0
0
0
0
0
0
0
0
0
0
0
0
0
0
0
0
0
0
0
0
0
0
0
0
0
0
0
0
0
0
0
0
0
0
0
0
0
0
0
0
0
0
0
0
0
0
0
0
0
0
0
0
0
0
0
0
0
15.94735
15.94735
20.74288
22.41038
20.74288
20.74288
22.41038
20.74288
0
0
0
0
0
0
0
0
0
0
0
0
0
0
0
0
0
0
0
0
0
0
0
0
0
0
0
0
0
0
0
0
0
0
0
0
0
0
0
0
0
0
0
0
0
0
0
0
0
0
0
0
0
0
0
0
0
0
0
0
0
0
15.94735
15.94735
20.74288
22.41038
20.74288
20.74288
22.41038
20.74288
0
0
0
0
0
0
0
0
0
0
0
0
0
0
0
0
0
0
0
0
0
0
0
0
0
0
0
0
0
0
0
0
0
0
0
0
0
0
0
0
0
0
0
0
0
0
0
0
0
0
0
0
0
0
0
0
0
0
0
0
0
0
15.94735
15.94735
20.74288
22.41038
20.74288
20.74288
22.41038
20.74288
0
0
0
0
0
0
0
0
0
0
0
0
0
0
0
0
0
0
0
0
0
0
0
0
0
0
0
0
0
0
0
0
0
0
0
0
0
0
0
0
0
0
0
0
0
0
0
0
0
0
0
0
0
0
0
0
0
0
0
0
0
0
17.68956
16.25428
20.74288
22.40969
20.75652
20.76966
22.35049
20.8826
0
0
0
0
0
0
0
0
0
0
0
7.284556
3.081288
1.613398
0.3127005
2.086915
0.433736
0
0
0
0
0
0
0
0
0
0
0
0.3127005
1.980201
0.3127005
0.3127005
1.980201
0.3127005
0
0
0
0
0
0
0
0
0
0
0
0.3127005
1.980201
0.3127005
0.3127005
1.980201
0.3127005
0
0
0
0
0
0
0
0
0
0
0
0.3127005
1.980201
0.3127005
0.3127005
1.980201
0.3127005
0
0
0
0
0
0
0
0
0
0
0
0.3127005
1.980201
0.3127005
0.3127005
1.980201
0.3127005
0
0
0
0
0
0
0
0
0
0
0
0
0
0
0
0
0.3127005
1.859208
0.206045
0
0
0
0.6769677
0
0
13.35218
12.56213
3.428494
13.24628
14.53347
18.8353
24.81419
14.55123
13.44686
13.32732
13.45625
13.24628
12.47874
3.355447
13.24628
13.32732
13.32732
13.33404
13.32732
13.32732
13.33404
13.24628
12.47874
3.355447
13.24628
13.32732
13.32732
13.33404
13.32732
13.32732
13.33404
13.24628
12.47874
3.355447
13.24628
13.32732
13.32732
13.33404
13.32732
13.32732
13.33404
13.24628
12.47874
3.355447
13.24628
13.32732
13.32732
13.33404
13.32732
13.32732
13.33404
12.14715
11.74183
2.312339
7.001124
0
13.2077
13.32732
13.2114
12.08019
6.763769
0
12.07301
13.45625
13.45625
13.33404
14.55123
18.85506
24.82463
14.55123
13.45625
13.33404
13.45625
13.33404
13.33404
13.33404
13.33404
13.33404
13.33404
13.33404
13.33404
13.33404
13.33404
13.33404
13.33404
13.33404
13.33404
13.33404
13.33404
13.33404
13.33404
13.33404
13.33404
13.33404
13.33404
13.33404
13.33404
13.33404
13.33404
13.33404
13.33404
13.33404
13.33404
13.33404
13.33404
13.33404
13.33404
13.33404
13.33404
12.07301
12.07301
6.745826
0
13.2114
13.33404
13.2114
12.07301
6.745826
0
12.07301
13.45625
13.45625
13.33404
14.55123
18.85506
24.82463
14.55123
13.45625
13.33404
13.45625
13.33404
13.33404
13.33404
13.33404
13.33404
13.33404
13.33404
13.33404
13.33404
13.33404
13.33404
13.33404
13.33404
13.33404
13.33404
13.33404
13.33404
13.33404
13.33404
13.33404
13.33404
13.33404
13.33404
13.33404
13.33404
13.33404
13.33404
13.33404
13.33404
13.33404
13.33404
13.33404
13.33404
13.33404
13.33404
13.33404
12.07301
12.07301
6.745826
0
13.2114
13.33404
13.2114
12.07301
6.745826
0
12.07301
13.45625
13.45625
13.33404
14.55123
18.85506
24.82463
14.55123
13.45625
13.33404
13.45625
13.33404
13.33404
13.33404
13.33404
13.33404
13.33404
13.33404
13.33404
13.33404
13.33404
13.33404
13.33404
13.33404
13.33404
13.33404
13.33404
13.33404
13.33404
13.33404
13.33404
13.33404
13.33404
13.33404
13.33404
13.33404
13.33404
13.33404
13.33404
13.33404
13.33404
13.33404
13.33404
13.33404
13.33404
13.33404
13.33404
12.07301
12.07301
6.745826
0
13.2114
13.33404
13.2114
12.07301
6.745826
0
12.07301
13.45625
13.45625
13.33404
14.55123
18.85506
24.82463
14.55123
13.45625
13.33404
13.45625
13.33404
13.33404
13.33404
13.33404
13.33404
13.33404
13.33404
13.33404
13.33404
13.33404
13.33404
13.33404
13.33404
13.33404
13.33404
13.33404
13.33404
13.33404
13.33404
13.33404
13.33404
13.33404
13.33404
13.33404
13.33404
13.33404
13.33404
13.33404
13.33404
13.33404
13.33404
13.33404
13.33404
13.33404
13.33404
13.33404
12.07301
12.07301
6.745826
0
13.2114
13.33404
13.2114
12.07301
6.745826
0
12.07301
13.45957
13.45625
13.34033
14.45249
18.67297
24.77336
13.93226
6.206744
13.48254
13.37796
13.20354
5.595661
13.34033
13.33404
13.34033
13.37796
13.37796
13.12215
5.521832
13.37796
13.37796
13.12215
5.521832
13.34033
13.33404
13.34033
13.37796
13.37796
13.12215
5.521832
13.37796
13.37796
13.12215
5.521832
13.34033
13.33404
13.34033
13.37796
13.37796
13.12215
5.521832
13.37796
13.37796
13.12215
5.521832
13.34033
13.33404
13.34033
13.37796
13.37796
13.12215
5.521832
13.37796
13.37796
13.12215
5.521832
12.09134
12.07301
6.772175
0
13.27262
13.37796
13.04534
5.422391
12.26347
7.084794
0
12.35756
4.487454
)
;
    }
    air_to_floor
    {
        type            calculated;
        value           uniform 40.00212;
    }
}


// ************************************************************************* //
