/*--------------------------------*- C++ -*----------------------------------*\
| =========                 |                                                 |
| \\      /  F ield         | OpenFOAM: The Open Source CFD Toolbox           |
|  \\    /   O peration     | Version:  2506                                  |
|   \\  /    A nd           | Website:  www.openfoam.com                      |
|    \\/     M anipulation  |                                                 |
\*---------------------------------------------------------------------------*/
FoamFile
{
    version     2.0;
    format      ascii;
    arch        "LSB;label=32;scalar=64";
    class       volScalarField;
    location    "3500/solid";
    object      T;
}
// * * * * * * * * * * * * * * * * * * * * * * * * * * * * * * * * * * * * * //

dimensions      [0 0 0 1 0 0 0];

internalField   nonuniform List<scalar> 
2304
(
305.7923
305.8477
305.8712
305.8758
305.8674
305.8347
305.8526
305.9099
305.9336
305.9382
305.9298
305.8968
305.8765
305.9341
305.958
305.9627
305.9543
305.9209
305.8812
305.9387
305.9628
305.9675
305.959
305.9256
305.8729
305.9305
305.9544
305.959
305.9506
305.9172
305.8406
305.8977
305.9212
305.9258
305.9175
305.8846
305.8499
305.8999
305.9043
305.9654
305.9111
305.9308
305.9767
305.9964
305.9343
305.939
305.9998
306.0044
305.939
305.9342
306.0044
305.9997
305.9306
305.9102
305.9962
305.9759
305.8983
305.843
305.9639
305.8972
305.9159
305.9772
305.9361
305.9973
305.9886
306.0083
306.0088
306.0286
306.0118
306.0163
306.0321
306.0367
306.0163
306.0116
306.0367
306.032
306.0081
305.9878
306.0285
306.008
305.9758
305.909
305.9959
305.9293
305.9397
306.0007
305.9444
306.0054
306.0122
306.0322
306.0169
306.0368
306.0356
306.0402
306.0403
306.0449
306.0402
306.0355
306.0449
306.0402
306.032
306.0115
306.0367
306.0162
305.9994
305.9328
306.0041
305.9376
305.9444
306.0054
305.9397
306.0007
306.0169
306.0368
306.0122
306.0321
306.0403
306.0449
306.0356
306.0402
306.0449
306.0402
306.0402
306.0355
306.0367
306.0162
306.032
306.0115
306.0041
305.9376
305.9994
305.9328
305.9361
305.9972
305.9159
305.9771
306.0087
306.0286
305.9885
306.0082
306.0321
306.0367
306.0117
306.0163
306.0367
306.032
306.0162
306.0116
306.0285
306.008
306.0081
305.9877
305.9959
305.9292
305.9757
305.9089
305.9042
305.9653
305.8498
305.8998
305.9766
305.9963
305.9111
305.9308
305.9997
306.0043
305.9343
305.939
306.0043
305.9996
305.9389
305.9341
305.9961
305.9758
305.9306
305.9101
305.9638
305.8971
305.8982
305.8429
305.8363
305.8407
305.8862
305.8676
305.8978
305.9177
305.8759
305.9213
305.9259
305.871
305.9259
305.9211
305.8468
305.9176
305.8969
305.785
305.8847
305.8332
305.8983
305.8729
305.9187
305.93
305.9305
305.9508
305.9382
305.9544
305.9591
305.9334
305.9591
305.9543
305.9091
305.9507
305.9297
305.8451
305.9173
305.8656
305.9222
305.8812
305.9269
305.9544
305.9387
305.9592
305.9627
305.9628
305.9675
305.9579
305.9675
305.9627
305.9333
305.959
305.938
305.8692
305.9256
305.874
305.9269
305.8765
305.9222
305.9592
305.934
305.9544
305.9675
305.958
305.9627
305.9627
305.9627
305.9579
305.938
305.9543
305.9333
305.874
305.9208
305.8692
305.9187
305.8525
305.8982
305.9508
305.9099
305.93
305.9591
305.9335
305.9381
305.9543
305.9381
305.9334
305.9297
305.9298
305.909
305.8656
305.8967
305.845
305.8861
305.7923
305.8363
305.9177
305.8477
305.8676
305.9258
305.8712
305.8758
305.9211
305.8758
305.871
305.8968
305.8674
305.8468
305.8331
305.8347
305.785
305.9292
305.8827
305.9028
305.9044
305.9855
305.9487
305.9573
305.9769
306.0026
305.9721
305.9745
306.0002
306.0041
305.9767
305.976
306.0048
305.9916
305.9683
305.9634
305.9965
305.9477
305.9357
305.9197
305.964
305.9879
305.9524
305.9791
305.9613
306.0459
306.0284
306.0371
306.0373
306.0629
306.0517
306.054
306.0605
306.0643
306.0562
306.0554
306.065
306.0521
306.048
306.0432
306.0569
306.0075
306.0155
305.9986
306.0243
306.0053
305.9763
306.0029
305.9788
306.0631
306.0521
306.0608
306.0545
306.0801
306.0754
306.0777
306.0777
306.0816
306.0799
306.0792
306.0823
306.0693
306.0718
306.0669
306.0742
306.0249
306.0392
306.0225
306.0416
306.0068
305.9811
306.0076
305.9803
306.0646
306.0567
306.0653
306.056
306.0816
306.08
306.0823
306.0792
306.083
306.0845
306.0838
306.0838
306.0708
306.0764
306.0715
306.0756
306.0264
306.0439
306.0271
306.0431
305.9945
305.9727
305.9993
305.9678
306.0525
306.0486
306.0573
306.0438
306.0694
306.0719
306.0742
306.067
306.0708
306.0764
306.0757
306.0716
306.0586
306.0683
306.0634
306.0634
306.014
306.0357
306.0189
306.0309
305.951
305.9405
305.9672
305.9247
306.0082
306.0163
306.0249
305.9996
306.0252
306.0395
306.0419
306.0229
306.0267
306.044
306.0433
306.0274
306.0143
306.0358
306.031
306.0192
305.9701
306.0033
305.9865
305.9867
305.8041
305.8062
305.8186
305.8563
305.8624
305.8709
305.8736
305.8857
305.8881
305.8751
305.8903
305.8896
305.8625
305.882
305.877
305.8188
305.8494
305.8334
305.8651
305.8614
305.8739
305.9186
305.9189
305.9276
305.936
305.9426
305.9451
305.9374
305.9473
305.9465
305.9249
305.9389
305.934
305.8804
305.9057
305.8893
305.8889
305.879
305.8914
305.9429
305.9365
305.9453
305.9605
305.9605
305.9629
305.962
305.9652
305.9645
305.9493
305.9568
305.9518
305.9044
305.9233
305.9069
305.8936
305.8805
305.8929
305.9476
305.938
305.9468
305.9652
305.962
305.9645
305.9668
305.9668
305.966
305.954
305.9583
305.9533
305.9091
305.9248
305.9084
305.8853
305.868
305.8805
305.9393
305.9255
305.9343
305.9568
305.9494
305.9518
305.9583
305.954
305.9533
305.9456
305.9456
305.9407
305.9008
305.9123
305.8959
305.8531
305.825
305.8375
305.9064
305.8817
305.8903
305.9236
305.9051
305.9075
305.9251
305.9097
305.9089
305.9125
305.9013
305.8964
305.8683
305.8686
305.8525
305.95
305.9372
305.9221
305.9655
305.9511
305.9406
305.9248
305.9673
305.9725
306.0047
305.9882
305.9889
305.929
305.8814
305.8674
305.8696
305.9003
305.9023
305.8934
305.9492
305.9333
305.8853
305.9279
305.9186
305.9642
305.9131
305.9505
305.9373
305.8889
305.93
305.9218
305.9662
305.9144
305.9713
306.0026
305.9495
305.9503
305.9865
305.9872
305.9345
305.992
305.9686
305.9638
305.9967
306.0083
306.0164
305.9997
306.025
306.0148
306.0361
306.0195
306.0314
305.984
305.9445
305.9196
305.9391
305.9531
305.9755
305.9475
305.9903
305.9643
305.9261
305.9587
305.9595
305.9951
305.9539
306.0063
306.014
305.9607
305.9852
305.9978
306.0225
305.9692
306.0127
306.0336
305.9803
305.9916
306.0174
306.0289
305.9756
306.0041
305.9767
305.976
306.0048
306.0253
306.0396
306.023
306.042
306.0268
306.0441
306.0275
306.0434
306.0009
305.9678
305.9368
305.9621
305.9702
305.9985
305.9645
306.0024
305.9724
305.9383
305.9667
305.9717
306.0031
305.966
306.0232
306.037
305.9838
306.0022
306.0208
306.0394
305.9861
306.0246
306.0415
305.9883
306.0037
306.0253
306.0408
305.9876
306.0025
305.9719
305.9744
306
306.0268
306.0441
306.0275
306.0434
306.0252
306.0394
306.0228
306.0419
306.0023
305.9724
305.9382
305.9667
305.9716
306.0031
305.9659
306.0008
305.9676
305.9366
305.962
305.9701
305.9983
305.9644
306.0246
306.0415
305.9883
306.0036
306.0253
306.0408
305.9876
306.0231
306.0369
305.9836
306.0021
306.0206
306.0393
305.9861
305.985
305.9477
305.9567
305.9761
306.0144
306.0359
306.0193
306.0311
306.0078
306.0155
305.9989
306.0245
305.99
305.964
305.9257
305.9584
305.9591
305.9948
305.9536
305.9834
305.9436
305.9191
305.9382
305.9525
305.9746
305.947
306.0123
306.0334
305.9801
305.9913
306.0172
306.0286
305.9753
306.0058
306.0132
305.9599
305.9848
305.997
306.022
305.9687
305.9255
305.8771
305.899
305.8988
305.9702
306.0034
305.9868
305.9866
305.9475
305.9352
305.9193
305.9637
305.9468
305.9318
305.8826
305.9263
305.916
305.9627
305.9104
305.9249
305.8751
305.8629
305.8625
305.8962
305.8959
305.889
305.9689
306.0012
305.948
305.9477
305.9851
305.9849
305.9319
305.9465
305.931
305.8818
305.9257
305.9155
305.9623
305.9101
306.0097
306.0168
306.0008
306.0256
305.9945
305.9728
305.9679
305.9994
306.0162
306.037
306.0322
306.021
305.9866
305.949
305.9417
305.9247
305.9779
305.9578
305.9504
306.0077
306.0144
305.962
305.9859
305.999
306.0232
305.9707
305.9931
305.9692
305.9313
305.9617
305.9643
305.9979
305.9569
306.0142
306.0345
305.9925
305.982
306.0297
306.019
305.9772
306.0524
306.0482
306.0435
306.0571
306.0525
306.0487
306.0439
306.0573
306.0589
306.0685
306.0637
306.0637
306.0432
306.0259
305.9972
305.9974
306.0344
306.0347
306.006
306.0496
306.0455
306.0036
306.0172
306.0408
306.0543
306.0124
306.0497
306.046
306.004
306.0174
306.0412
306.0545
306.0126
306.0561
306.0657
306.0238
306.0239
306.0609
306.0609
306.019
306.0644
306.0562
306.0555
306.0651
306.0694
306.0719
306.0671
306.0743
306.0709
306.0764
306.0716
306.0757
306.0601
306.0489
306.0141
306.0206
306.0513
306.0578
306.023
306.0616
306.0535
306.0156
306.0252
306.0528
306.0623
306.0245
306.0667
306.0691
306.0273
306.0345
306.0643
306.0715
306.0296
306.0681
306.0737
306.0318
306.036
306.0688
306.073
306.0311
306.0628
306.0515
306.0539
306.0604
306.0709
306.0764
306.0716
306.0757
306.0694
306.0718
306.0669
306.0742
306.0615
306.0534
306.0156
306.0252
306.0527
306.0623
306.0245
306.06
306.0488
306.0141
306.0205
306.0512
306.0576
306.023
306.0681
306.0737
306.0318
306.036
306.0688
306.0729
306.0311
306.0666
306.069
306.0272
306.0345
306.0642
306.0714
306.0296
306.0455
306.0276
306.0366
306.0365
306.0586
306.0683
306.0635
306.0635
306.052
306.0479
306.0431
306.0569
306.0493
306.0453
306.0033
306.017
306.0405
306.0542
306.0122
306.0428
306.0251
305.9967
305.9966
306.034
306.0339
306.0056
306.0559
306.0655
306.0236
306.0236
306.0607
306.0607
306.0188
306.0493
306.0452
306.0032
306.017
306.0404
306.0541
306.0121
305.9845
305.9471
305.9756
305.956
306.0141
306.0357
306.0309
306.019
305.9911
305.9675
305.9626
305.996
306.0054
306.0131
305.9595
305.9846
305.9967
306.0219
305.9683
305.9828
305.9428
305.9374
305.9178
305.974
305.9516
305.9462
306.012
306.0332
305.9911
305.9796
306.0284
306.0168
305.9748
305.9893
305.9631
305.9244
305.9576
305.9582
305.9942
305.9527
306.0269
306.0405
306.0245
306.0429
306.0068
305.9811
305.9803
306.0076
306.0284
306.0451
306.0444
306.0292
306.0038
305.9727
305.9652
305.9421
306.0014
305.9752
305.9676
306.0248
306.0379
305.9855
306.0031
306.0224
306.0403
305.9879
306.0053
305.9774
305.9436
305.9699
305.9767
306.006
305.9691
306.0263
306.0425
306.0046
305.9901
306.0418
306.027
305.9894
306.0696
306.0719
306.0672
306.0743
306.0646
306.0567
306.056
306.0654
306.0711
306.0765
306.0758
306.0718
306.0604
306.0494
306.0209
306.0146
306.058
306.0518
306.0233
306.0668
306.0691
306.0274
306.0346
306.0644
306.0715
306.0298
306.0619
306.054
306.0161
306.0255
306.0533
306.0626
306.0248
306.0683
306.0737
306.0361
306.032
306.073
306.069
306.0313
306.0816
306.0799
306.0792
306.0823
306.0816
306.08
306.0792
306.0823
306.0831
306.0845
306.0838
306.0838
306.0773
306.0726
306.038
306.038
306.0749
306.075
306.0404
306.0788
306.0771
306.0395
306.0427
306.0764
306.0795
306.042
306.0788
306.0772
306.0396
306.0427
306.0765
306.0796
306.042
306.0803
306.0818
306.0442
306.0442
306.081
306.081
306.0435
306.08
306.0752
306.0776
306.0776
306.0831
306.0845
306.0838
306.0838
306.0815
306.0799
306.0791
306.0823
306.0788
306.0771
306.0395
306.0427
306.0764
306.0795
306.0419
306.0773
306.0725
306.038
306.038
306.0749
306.0749
306.0404
306.0803
306.0817
306.0442
306.0442
306.081
306.081
306.0434
306.0788
306.0771
306.0395
306.0426
306.0764
306.0795
306.0419
306.0627
306.0514
306.0603
306.0538
306.0708
306.0764
306.0757
306.0715
306.0642
306.056
306.0553
306.0649
306.0666
306.069
306.0271
306.0344
306.0642
306.0714
306.0295
306.06
306.0487
306.0205
306.0139
306.0576
306.0511
306.0229
306.0681
306.0736
306.0359
306.0318
306.0729
306.0688
306.0311
306.0615
306.0533
306.0154
306.0251
306.0526
306.0622
306.0244
306.0019
305.9711
305.9995
305.9736
306.0264
306.0439
306.0432
306.0271
306.0035
305.9759
305.9751
306.0042
306.0227
306.0367
305.9831
306.0018
306.0203
306.039
305.9856
306.0001
305.9666
305.9611
305.9353
305.9977
305.9691
305.9635
306.0242
306.0413
306.0033
305.9878
306.0405
306.0249
305.9871
306.0016
305.9713
305.9368
305.9658
305.9706
306.0024
305.965
306.0284
306.0451
306.0292
306.0444
306.0053
305.9763
305.9788
306.0029
306.0269
306.0404
306.0428
306.0245
306.0053
305.9774
305.9698
305.9436
306.006
305.9767
305.9691
306.0263
306.0425
305.9901
306.0046
306.027
306.0418
305.9894
306.0038
305.9727
305.9421
305.9652
305.9751
306.0014
305.9676
306.0248
306.0379
306.0031
305.9855
306.0403
306.0224
305.9879
306.071
306.0765
306.0718
306.0758
306.0631
306.0521
306.0545
306.0607
306.0695
306.0719
306.0743
306.0672
306.0618
306.054
306.0255
306.0161
306.0626
306.0533
306.0248
306.0683
306.0737
306.032
306.0361
306.069
306.073
306.0313
306.0604
306.0494
306.0146
306.0209
306.0518
306.058
306.0233
306.0668
306.0691
306.0345
306.0273
306.0715
306.0644
306.0297
306.0831
306.0845
306.0838
306.0838
306.0801
306.0753
306.0777
306.0777
306.0816
306.0799
306.0823
306.0792
306.0788
306.0772
306.0427
306.0395
306.0796
306.0765
306.042
306.0803
306.0818
306.0442
306.0442
306.081
306.081
306.0435
306.0773
306.0726
306.038
306.038
306.075
306.0749
306.0404
306.0788
306.0771
306.0427
306.0395
306.0795
306.0764
306.0419
306.0815
306.0799
306.0823
306.0791
306.0815
306.0799
306.0823
306.0791
306.08
306.0752
306.0776
306.0776
306.0803
306.0817
306.0442
306.0442
306.081
306.081
306.0434
306.0788
306.0771
306.0426
306.0395
306.0795
306.0764
306.0419
306.0788
306.0771
306.0426
306.0395
306.0795
306.0764
306.0419
306.0773
306.0725
306.038
306.038
306.0749
306.0749
306.0404
306.0642
306.056
306.0649
306.0553
306.0693
306.0717
306.0741
306.0669
306.0627
306.0514
306.0538
306.0603
306.068
306.0736
306.0318
306.0359
306.0688
306.0729
306.031
306.0615
306.0533
306.0251
306.0154
306.0622
306.0526
306.0244
306.0665
306.069
306.0344
306.0271
306.0714
306.0641
306.0295
306.06
306.0487
306.0139
306.0205
306.0511
306.0576
306.0229
306.0035
305.9759
306.0042
305.9751
306.0249
306.0392
306.0416
306.0224
306.0019
305.9711
305.9736
305.9995
306.0242
306.0413
305.9878
306.0033
306.0249
306.0405
305.9871
306.0016
305.9713
305.9658
305.9368
306.0024
305.9706
305.965
306.0226
306.0366
306.0018
305.9831
306.039
306.0202
305.9855
306.0001
305.9666
305.9353
305.9611
305.969
305.9977
305.9635
306.0162
306.037
306.021
306.0321
305.9879
305.9524
305.9612
305.9791
306.0096
306.0167
306.0256
306.0008
305.9931
305.9692
305.9617
305.9312
305.9979
305.9643
305.9569
306.0142
306.0344
305.982
305.9924
306.019
306.0296
305.9772
305.9866
305.9489
305.9246
305.9416
305.9577
305.9778
305.9503
306.0077
306.0144
305.9859
305.9619
306.0231
305.9989
305.9707
306.0589
306.0684
306.0637
306.0636
306.0459
306.0284
306.0373
306.037
306.0523
306.0482
306.0571
306.0434
306.0497
306.0459
306.0174
306.0039
306.0545
306.0411
306.0125
306.0561
306.0657
306.0238
306.0238
306.0609
306.0608
306.019
306.0432
306.0258
305.9974
305.9971
306.0346
306.0344
306.0059
306.0496
306.0455
306.0171
306.0035
306.0543
306.0407
306.0124
306.0709
306.0764
306.0757
306.0716
306.0628
306.0516
306.0605
306.054
306.0643
306.0561
306.065
306.0554
306.0666
306.0691
306.0345
306.0272
306.0714
306.0643
306.0296
306.0681
306.0736
306.036
306.0318
306.0729
306.0688
306.0311
306.0601
306.0489
306.0206
306.0141
306.0577
306.0512
306.023
306.0615
306.0534
306.0252
306.0156
306.0622
306.0527
306.0245
306.0693
306.0717
306.0741
306.0669
306.0643
306.0561
306.065
306.0554
306.0627
306.0514
306.0603
306.0539
306.0681
306.0736
306.0359
306.0318
306.0729
306.0688
306.0311
306.0666
306.069
306.0344
306.0271
306.0714
306.0642
306.0295
306.0615
306.0534
306.0252
306.0155
306.0622
306.0526
306.0244
306.06
306.0487
306.0205
306.014
306.0576
306.0511
306.0229
306.052
306.0479
306.0568
306.0431
306.052
306.048
306.0569
306.0431
306.0454
306.0276
306.0365
306.0365
306.0559
306.0655
306.0236
306.0236
306.0607
306.0607
306.0187
306.0493
306.0452
306.0169
306.0031
306.0541
306.0404
306.0121
306.0493
306.0453
306.017
306.0032
306.0541
306.0404
306.0121
306.0427
306.025
305.9966
305.9966
306.0338
306.0339
306.0055
305.991
305.9675
305.9959
305.9626
306.0075
306.0154
306.0243
305.9986
305.9844
305.947
305.9559
305.9755
306.0119
306.0332
305.9796
305.9911
306.0167
306.0283
305.9748
305.9893
305.963
305.9575
305.9243
305.9941
305.9581
305.9527
306.0054
306.013
305.9845
305.9594
306.0218
305.9966
305.9682
305.9827
305.9427
305.9177
305.9374
305.9515
305.974
305.9461
305.9724
306.0047
305.9888
305.9881
305.9292
305.8826
305.9043
305.9027
305.9499
305.9371
305.9654
305.922
305.9504
305.9372
305.9299
305.8888
305.9661
305.9218
305.9143
305.9712
306.0025
305.9502
305.9494
305.9871
305.9864
305.9344
305.9289
305.8814
305.8695
305.8673
305.9023
305.9002
305.8933
305.9491
305.9332
305.9278
305.8852
305.9641
305.9185
305.913
306.0147
306.0361
306.0313
306.0194
305.9854
305.9486
305.9768
305.9572
305.9919
305.9685
305.9966
305.9637
306.0062
306.0139
305.9852
305.9607
306.0224
305.9977
305.9691
306.0126
306.0335
305.9916
305.9802
306.0288
306.0173
305.9755
305.9839
305.9445
305.939
305.9196
305.9754
305.953
305.9474
305.9902
305.9642
305.9586
305.926
305.995
305.9594
305.9538
306.0267
306.0441
306.0434
306.0274
306.0025
305.972
306.0001
305.9744
306.004
305.9766
306.0047
305.9759
306.0231
306.0369
306.0021
305.9837
306.0393
306.0207
305.9861
306.0245
306.0415
306.0036
305.9882
306.0408
306.0253
305.9875
306.0008
305.9677
305.962
305.9367
305.9984
305.9701
305.9644
306.0023
305.9723
305.9666
305.9382
306.003
305.9716
305.9659
306.0251
306.0394
306.0418
306.0227
306.004
305.9766
306.0047
305.9759
306.0024
305.9718
305.9999
305.9743
306.0245
306.0414
306.0035
305.9882
306.0407
306.0252
305.9875
306.023
306.0368
306.002
305.9835
306.0392
306.0206
305.986
306.0022
305.9723
305.9666
305.9382
306.003
305.9715
305.9658
306.0007
305.9675
305.9619
305.9366
305.9982
305.97
305.9643
306.0077
306.0155
306.0244
305.9988
305.9915
305.9682
305.9964
305.9633
305.9849
305.9476
305.9759
305.9566
306.0122
306.0333
305.9912
305.98
306.0285
306.0171
305.9752
306.0057
306.0131
305.9847
305.9598
306.0219
305.9969
305.9686
305.9899
305.964
305.9583
305.9257
305.9947
305.959
305.9535
305.9833
305.9435
305.9381
305.919
305.9745
305.9524
305.9469
305.9474
305.9351
305.9636
305.9192
305.9475
305.9356
305.9639
305.9196
305.9254
305.877
305.8987
305.8989
305.9687
306.0011
305.9476
305.9479
305.9848
305.9849
305.9318
305.9464
305.9309
305.9256
305.8817
305.9622
305.9154
305.91
305.9466
305.9317
305.9262
305.8826
305.9626
305.9159
305.9103
305.9248
305.875
305.8624
305.8628
305.8958
305.8961
305.8889
305.8216
305.851
305.8362
305.8251
305.8532
305.8376
305.8703
305.8711
305.8554
305.8628
305.8822
305.8774
305.8818
305.9064
305.8904
305.9016
305.9129
305.8969
305.8751
305.8904
305.8896
305.9052
305.9237
305.9076
305.9098
305.9252
305.9091
305.8735
305.8856
305.888
305.9098
305.9251
305.909
305.905
305.9236
305.9075
305.8557
305.8614
305.8704
305.9014
305.9126
305.8965
305.8809
305.9059
305.8898
305.7994
305.7987
305.8139
305.8687
305.8684
305.8526
305.8176
305.8486
305.8329
305.8831
305.9072
305.8919
305.868
305.8854
305.8805
305.9138
305.9034
305.8985
305.9252
305.9391
305.9342
305.9256
305.9393
305.9344
305.9458
305.9459
305.941
305.9375
305.9473
305.9466
305.9494
305.9568
305.9519
305.9541
305.9584
305.9534
305.9359
305.9425
305.945
305.9541
305.9583
305.9533
305.9493
305.9568
305.9518
305.9182
305.9181
305.9272
305.9457
305.9457
305.9407
305.9248
305.9389
305.9339
305.8605
305.854
305.8693
305.9124
305.9009
305.896
305.8607
305.8809
305.876
305.907
305.9247
305.9094
305.8805
305.8936
305.8929
305.9262
305.9116
305.9109
305.9495
305.9569
305.952
305.938
305.9476
305.9469
305.9584
305.9542
305.9535
305.962
305.9652
305.9645
305.962
305.9652
305.9645
305.9668
305.9668
305.966
305.9604
305.9604
305.9629
305.9668
305.9668
305.966
305.962
305.9652
305.9644
305.9425
305.9358
305.9449
305.9583
305.954
305.9533
305.9373
305.9472
305.9465
305.8845
305.8717
305.8869
305.9248
305.9092
305.9084
305.8732
305.8892
305.8885
305.9116
305.9262
305.9109
305.8789
305.8889
305.8914
305.9247
305.9069
305.9094
305.9542
305.9584
305.9535
305.9365
305.9429
305.9453
305.9569
305.9495
305.952
305.9668
305.9668
305.966
305.9605
305.9604
305.9629
305.9652
305.962
305.9645
305.9652
305.9619
305.9644
305.9652
305.962
305.9644
305.9604
305.9604
305.9629
305.9472
305.9373
305.9465
305.9567
305.9493
305.9517
305.9357
305.9424
305.9449
305.8892
305.8732
305.8884
305.9233
305.9044
305.9069
305.8717
305.8844
305.8869
305.9034
305.9138
305.8985
305.8613
305.865
305.8738
305.9071
305.883
305.8919
305.9459
305.9458
305.9409
305.9188
305.9186
305.9276
305.939
305.9251
305.9342
305.9583
305.9541
305.9533
305.9426
305.9359
305.945
305.9472
305.9374
305.9465
305.9567
305.9493
305.9517
305.9472
305.9374
305.9465
305.9425
305.9358
305.9449
305.9388
305.9247
305.9339
305.9389
305.9248
305.9339
305.918
305.9181
305.9271
305.8808
305.8606
305.8759
305.9056
305.8804
305.8893
305.8539
305.8604
305.8693
305.871
305.8702
305.8553
305.8061
305.8041
305.8185
305.8509
305.8215
305.8361
305.9129
305.9016
305.8968
305.8623
305.8563
305.8709
305.8821
305.8628
305.8773
305.9251
305.9097
305.909
305.8856
305.8736
305.8881
305.8903
305.8751
305.8896
305.9235
305.9049
305.9074
305.8903
305.8751
305.8895
305.8855
305.8735
305.8879
305.9058
305.8808
305.8898
305.8819
305.8624
305.877
305.8614
305.8557
305.8703
305.8485
305.8175
305.8328
305.8493
305.8188
305.8333
305.7986
305.7994
305.8138
)
;

boundaryField
{
    solid_to_air
    {
        type            compressible::turbulentTemperatureRadCoupledMixed;
        refValue        nonuniform List<scalar> 
1536
(
300.6069
300.6321
300.6484
300.6524
300.6462
300.6272
300.6282
300.8947
300.9173
300.9129
300.9212
300.8704
300.6439
300.9162
300.8907
300.8771
300.9013
300.9053
300.6477
300.9116
300.8771
300.8624
300.8889
300.906
300.6415
300.9189
300.9013
300.889
300.9112
300.9039
300.6228
300.8645
300.9017
300.9033
300.9014
300.839
300.8594
300.8581
300.3631
300.3705
300.3924
300.3809
300.4097
300.3835
300.413
300.3788
300.4059
300.3669
300.3813
300.8565
300.3706
300.392
300.5594
300.5867
300.5918
300.5816
300.543
300.3703
300.381
300.4093
300.5868
300.6183
300.6243
300.6125
300.5686
300.381
300.3836
300.4127
300.5919
300.6243
300.6305
300.6184
300.5735
300.3835
300.379
300.4055
300.5817
300.6126
300.6185
300.6069
300.5639
300.3789
300.3672
300.381
300.5432
300.5688
300.5735
300.5639
300.5278
300.3669
300.8594
300.3704
300.3809
300.3834
300.3788
300.3668
301.1061
300.4245
300.4278
300.4369
300.4391
300.442
300.442
300.4391
300.4368
300.4277
300.4243
301.1001
301.1031
300.4243
300.6265
300.6229
300.8327
300.6458
300.8646
300.8999
300.6523
300.9019
300.9032
300.6486
300.9034
300.9028
300.6327
300.9014
300.8692
300.6099
300.8391
300.6312
301.1034
300.4248
300.4276
300.4366
300.8635
300.6415
300.8974
300.9201
300.9189
300.911
300.9127
300.9014
300.8889
300.9178
300.889
300.9013
300.8993
300.9111
300.9223
300.637
300.9039
300.6511
300.4281
300.4373
300.4389
300.4418
300.8993
300.6477
300.9005
300.9014
300.9114
300.889
300.877
300.877
300.8623
300.8904
300.8624
300.877
300.919
300.8889
300.914
300.6536
300.9061
300.6576
300.4396
300.4425
300.4417
300.4389
300.9005
300.6439
300.8992
300.8891
300.9159
300.9013
300.8623
300.8905
300.877
300.877
300.877
300.8907
300.914
300.9015
300.9192
300.6575
300.9054
300.6536
300.4425
300.4396
300.4366
300.4275
300.8974
300.6282
300.8634
300.911
300.8946
300.92
300.889
300.9171
300.9127
300.9015
300.9127
300.918
300.9224
300.9212
300.8994
300.6511
300.8704
300.637
300.4373
300.4281
300.4242
301.103
300.8326
300.6068
300.6264
301.1061
300.4244
300.8998
300.632
300.6458
300.4277
300.4368
300.9032
300.6483
300.6523
300.439
300.4419
300.9029
300.6523
300.6485
300.4419
300.439
300.8693
300.6461
300.6326
300.4367
300.4276
300.6311
300.6271
300.6098
300.4247
300.4242
301.1034
301.1
300.3671
300.3814
300.3672
300.381
300.5281
300.3789
300.406
300.5433
300.5641
300.3835
300.4131
300.5688
300.5736
300.3809
300.4097
300.5736
300.5687
300.3703
300.3923
300.564
300.5431
300.855
300.3628
300.5278
300.3669
300.3818
300.5433
300.379
300.4056
300.5642
300.5817
300.5817
300.6071
300.5919
300.6126
300.6185
300.5866
300.6185
300.6125
300.5591
300.607
300.5815
300.3928
300.5639
300.3789
300.4064
300.5689
300.3836
300.4127
300.5738
300.6126
300.592
300.6186
300.6243
300.6243
300.6306
300.6182
300.6305
300.6243
300.5866
300.6185
300.5918
300.4102
300.5735
300.3835
300.4136
300.5737
300.381
300.4093
300.5689
300.6186
300.5868
300.6126
300.6306
300.6182
300.6243
300.6243
300.6243
300.6182
300.5917
300.6125
300.5866
300.4136
300.5686
300.3809
300.4102
300.5642
300.3705
300.392
300.5433
300.607
300.5593
300.5817
300.6185
300.5867
300.5918
300.6125
300.5918
300.5866
300.5815
300.5815
300.5591
300.4064
300.543
300.3703
300.3928
300.5281
300.8581
300.3631
300.3671
300.3813
300.5641
300.3923
300.3789
300.4059
300.5735
300.4096
300.3834
300.413
300.5686
300.413
300.3808
300.4096
300.543
300.4058
300.3702
300.3923
300.3817
300.3812
300.8565
300.855
300.3627
300.6616
300.6322
300.6297
301.0481
301.0457
300.5993
300.5976
300.7356
300.6377
300.7234
300.5212
300.5249
300.7576
300.6505
300.7547
300.5338
300.5355
300.7597
300.6517
300.7604
300.5372
300.5367
300.7458
300.6425
300.7517
300.5315
300.5287
300.6875
300.6252
300.7092
300.5182
300.5265
301.0473
300.5999
300.7319
300.7203
300.6336
300.52
300.5236
300.9229
300.9111
300.9104
300.9129
300.9151
300.9169
300.9098
300.9134
300.9089
300.9257
300.92
300.9235
300.8333
300.8156
300.8886
300.5226
300.5263
300.7529
300.7502
300.646
300.5325
300.5341
300.9124
300.9164
300.914
300.8768
300.8839
300.8839
300.8716
300.8788
300.8697
300.9041
300.9093
300.8953
300.858
300.8555
300.9061
300.5354
300.537
300.7545
300.7554
300.6471
300.5358
300.5352
300.9092
300.9084
300.912
300.8716
300.8698
300.8788
300.8664
300.8643
300.8643
300.9001
300.8985
300.8907
300.8593
300.8598
300.906
300.5387
300.5382
300.7403
300.7462
300.6378
300.53
300.5272
300.9239
300.9223
300.9169
300.9039
300.8953
300.9089
300.9
300.8908
300.8983
300.9227
300.9179
300.9177
300.8446
300.8517
300.8986
300.5329
300.53
300.6829
300.704
300.6213
300.5169
300.5256
300.8261
300.8833
300.8083
300.8522
300.9028
300.8494
300.8541
300.9034
300.8546
300.8401
300.8964
300.8469
300.7447
300.7877
300.7857
300.5193
300.5278
301.048
300.5992
300.5211
300.5248
300.5337
300.5354
300.5371
300.5366
300.5314
300.5286
300.5181
300.5264
300.5393
300.3906
300.4253
300.3901
300.4249
300.5524
300.3978
300.3737
300.5456
300.5674
300.4114
300.3823
300.5654
300.5685
300.4126
300.3831
300.569
300.5575
300.4028
300.3765
300.5614
300.5228
300.3772
300.3713
300.5332
300.5529
300.546
300.3974
300.3738
300.5791
300.5689
300.569
300.6009
300.5896
300.5978
300.6025
300.5911
300.6032
300.5865
300.576
300.5924
300.5355
300.5275
300.552
300.5679
300.5658
300.411
300.3824
300.6009
300.5979
300.5896
300.6252
300.6217
300.6217
300.6269
300.6234
300.6278
300.6091
300.606
300.6158
300.553
300.5507
300.5713
300.5691
300.5696
300.4122
300.3832
300.6026
300.6034
300.5912
300.627
300.6279
300.6235
300.6287
300.6296
300.6296
300.6108
300.6117
300.6176
300.5544
300.555
300.5728
300.5581
300.562
300.4024
300.3767
300.5867
300.5926
300.5762
300.6092
300.6159
300.606
300.6109
300.6176
300.6117
300.5944
300.6005
300.6005
300.5417
300.5462
300.5588
300.5235
300.5339
300.377
300.3718
300.5357
300.5521
300.5277
300.5532
300.5714
300.5508
300.5545
300.5728
300.5551
300.5418
300.5588
300.5464
300.5012
300.5134
300.5135
300.5181
300.5268
301.1801
300.522
300.5755
300.4637
300.4332
300.4748
300.5314
300.5285
300.467
300.4311
300.4704
300.4768
300.4344
300.4741
300.5372
300.5367
300.4793
300.4406
300.4809
300.4826
300.4416
300.4821
300.534
300.5356
300.4826
300.4415
300.4821
300.4794
300.4406
300.481
300.5214
300.5251
300.4769
300.4343
300.4742
300.467
300.431
300.4705
301.0446
300.5979
300.4636
300.4325
300.4741
301.1743
300.5198
300.5731
300.517
300.5257
301.1764
300.5207
300.5735
300.463
300.4327
300.4738
300.6842
300.6246
300.7064
300.683
300.6213
300.704
300.738
300.7808
300.7787
300.7443
300.6421
300.7506
300.8262
300.8084
300.8834
300.8379
300.8454
300.894
300.7593
300.6516
300.7603
300.8523
300.8496
300.9028
300.8537
300.8546
300.9029
300.7581
300.6506
300.7555
300.8542
300.8548
300.9033
300.8529
300.8507
300.9033
300.7374
300.6382
300.7257
300.8401
300.847
300.8963
300.8292
300.8124
300.8866
300.6654
300.6331
300.6359
300.7447
300.7858
300.7878
300.6893
300.6289
300.712
300.5194
300.5279
301.1783
300.5214
300.5755
300.4645
300.4333
300.4753
300.53
300.5272
300.4664
300.4309
300.4699
300.4762
300.4342
300.4735
300.8221
300.8051
300.8816
300.7403
300.6378
300.7463
300.8332
300.8918
300.8404
300.9242
300.9181
300.9227
300.9239
300.9171
300.9222
300.9215
300.9173
300.9171
300.9096
300.9132
300.9087
300.9038
300.9094
300.8952
300.8998
300.8985
300.8905
300.9128
300.9154
300.9172
300.8999
300.8988
300.8905
300.9038
300.9095
300.8949
300.9253
300.9141
300.9148
300.9227
300.9181
300.9176
300.9259
300.9211
300.9235
300.7417
300.7294
300.6428
300.8446
300.8987
300.8517
300.7505
300.6473
300.7567
300.5329
300.5301
300.4678
300.4315
300.4714
300.4778
300.4348
300.4751
300.5358
300.5352
300.4787
300.4403
300.4803
300.4819
300.4413
300.4814
300.8469
300.8444
300.9001
300.7545
300.6471
300.7554
300.8483
300.9002
300.8491
300.9037
300.9092
300.8952
300.9092
300.912
300.9083
300.8997
300.8906
300.8984
300.8715
300.879
300.8696
300.8716
300.8791
300.8696
300.8663
300.8643
300.8643
300.8765
300.8837
300.8838
300.8664
300.8647
300.8643
300.8715
300.8789
300.8694
300.9134
300.9175
300.9168
300.9002
300.8911
300.8984
300.9103
300.9149
300.9089
300.7637
300.7608
300.6557
300.8593
300.9061
300.8599
300.7654
300.6569
300.7662
300.5387
300.5382
300.4803
300.441
300.482
300.4836
300.442
300.4831
300.5324
300.5341
300.4819
300.4413
300.4814
300.4787
300.4403
300.4803
300.8483
300.8491
300.9002
300.7529
300.6459
300.7502
300.8468
300.9
300.8444
300.8997
300.8987
300.8906
300.9121
300.9138
300.9163
300.9036
300.8949
300.9091
300.8664
300.8647
300.8642
300.8766
300.8838
300.8838
300.8715
300.8695
300.879
300.8716
300.8698
300.8788
300.8716
300.8699
300.8789
300.8766
300.8838
300.8838
300.9104
300.9092
300.9147
300.9043
300.8956
300.9095
300.9135
300.9169
300.9176
300.7654
300.7662
300.6569
300.858
300.9062
300.8556
300.7637
300.6557
300.7608
300.5354
300.537
300.4836
300.442
300.4831
300.4803
300.441
300.4819
300.52
300.5235
300.4762
300.4341
300.4735
300.4663
300.4308
300.4698
300.8332
300.8404
300.8917
300.7319
300.6336
300.7203
300.822
300.8814
300.805
300.9216
300.9175
300.917
300.9227
300.9102
300.911
300.9241
300.9222
300.9181
300.9
300.8911
300.8982
300.9127
300.9165
300.9152
300.9096
300.9084
300.9134
300.9041
300.8956
300.9093
300.9099
300.9087
300.9135
300.913
300.9171
300.9157
300.9262
300.924
300.9211
300.9258
300.9235
300.9201
300.9255
300.9149
300.9142
300.7505
300.7567
300.6472
300.8333
300.8886
300.8156
300.7416
300.6427
300.7293
300.5226
300.5263
300.4778
300.4348
300.475
300.4678
300.4315
300.4713
301.0456
300.5975
300.463
300.4326
300.4737
301.1764
300.5206
300.5734
300.7379
300.7786
300.7806
300.6615
300.6296
300.6322
300.6841
300.7063
300.6245
300.518
300.5267
301.1801
300.522
300.5755
300.4636
300.4331
300.4747
300.8378
300.8941
300.8452
300.7355
300.7233
300.6376
300.7443
300.7505
300.642
300.5313
300.5284
300.4668
300.431
300.4703
300.4767
300.4343
300.474
300.8537
300.9031
300.8545
300.7575
300.7546
300.6504
300.7593
300.7602
300.6516
300.5371
300.5366
300.4792
300.4405
300.4808
300.4825
300.4415
300.482
300.853
300.9035
300.8506
300.7596
300.7603
300.6517
300.7581
300.7554
300.6506
300.5339
300.5355
300.4825
300.4415
300.482
300.4793
300.4405
300.4809
300.8292
300.8868
300.8123
300.7457
300.7516
300.6424
300.7373
300.7256
300.6381
300.5213
300.525
300.4768
300.4343
300.474
300.4669
300.4309
300.4704
300.6893
300.712
300.6288
300.6875
300.7091
300.6252
300.6653
300.6359
300.633
301.0473
301.0445
300.5998
300.5979
300.4644
300.4332
300.4753
300.4635
300.4325
300.474
301.1782
301.1742
300.5214
300.5198
300.5754
300.5731
300.5234
300.3775
300.3718
300.5336
300.5236
300.3771
300.3718
300.5339
300.5018
300.5139
300.514
300.5577
300.4029
300.3766
300.5616
300.5358
300.5278
300.5522
300.5421
300.5466
300.5591
300.5686
300.4126
300.3831
300.5691
300.5533
300.5509
300.5715
300.5547
300.5553
300.573
300.5673
300.4113
300.3822
300.5653
300.5546
300.5552
300.5729
300.5532
300.5508
300.5714
300.5522
300.3978
300.3736
300.5453
300.5419
300.5464
300.5589
300.5356
300.5276
300.552
300.5383
300.3901
300.4239
300.3906
300.4244
300.5013
300.5135
300.5134
300.5226
300.3778
300.3715
300.5329
300.536
300.528
300.5522
300.5582
300.4025
300.3767
300.562
300.5423
300.5591
300.5468
300.5867
300.5762
300.5926
300.5867
300.5762
300.5926
300.5946
300.6007
300.6007
300.6025
300.5912
300.6033
300.6093
300.6061
300.6159
300.611
300.6118
300.6177
300.6008
300.5895
300.5977
300.6109
300.6117
300.6176
300.6092
300.606
300.6159
300.5789
300.5687
300.5687
300.5944
300.6006
300.6006
300.5865
300.576
300.5924
300.5519
300.545
300.3983
300.3736
300.5418
300.5588
300.5463
300.5572
300.4034
300.3766
300.561
300.5535
300.5511
300.5716
300.5691
300.4122
300.3832
300.5696
300.5549
300.5731
300.5555
300.6093
300.6061
300.616
300.6026
300.5912
300.6034
300.611
300.6177
300.6118
300.627
300.6235
300.6279
300.627
300.6235
300.6279
300.6288
300.6297
300.6297
300.6251
300.6216
300.6216
300.6287
300.6296
300.6296
300.6269
300.6234
300.6278
300.6007
300.5977
300.5894
300.6109
300.6176
300.6117
300.6024
300.591
300.6032
300.5669
300.5648
300.4119
300.3823
300.5544
300.5728
300.555
300.5681
300.4131
300.3832
300.5686
300.5549
300.5555
300.5731
300.5679
300.411
300.3824
300.5658
300.5535
300.5716
300.5511
300.611
300.6118
300.6177
300.6009
300.5896
300.5979
300.6093
300.6159
300.6061
300.6288
300.6297
300.6297
300.6251
300.6217
300.6217
300.627
300.6278
300.6235
300.6269
300.6278
300.6234
300.6269
300.6278
300.6234
300.6251
300.6216
300.6216
300.6024
300.6032
300.591
300.6091
300.6158
300.6059
300.6007
300.5894
300.5977
300.5681
300.5686
300.4131
300.3831
300.553
300.5713
300.5506
300.5669
300.4118
300.3823
300.5648
300.5422
300.5467
300.5591
300.5528
300.3974
300.3738
300.546
300.5359
300.5522
300.5279
300.5946
300.6007
300.6007
300.579
300.5689
300.5689
300.5866
300.5925
300.5762
300.6109
300.6177
300.6117
300.6008
300.5978
300.5895
300.6025
300.6032
300.5911
300.6091
300.6158
300.606
300.6024
300.6032
300.591
300.6008
300.5977
300.5895
300.5865
300.5924
300.576
300.5865
300.5924
300.576
300.5788
300.5687
300.5687
300.5571
300.561
300.4033
300.3766
300.5354
300.5519
300.5274
300.5518
300.3982
300.3736
300.5449
300.5017
300.5139
300.5138
300.5393
300.3901
300.4249
300.3906
300.4253
300.5233
300.5335
300.3775
300.3718
300.542
300.559
300.5465
300.5524
300.5455
300.3977
300.3736
300.5576
300.5615
300.4028
300.3766
300.5546
300.5729
300.5552
300.5673
300.5653
300.4113
300.3822
300.5685
300.569
300.4126
300.3831
300.5531
300.5713
300.5507
300.5685
300.5689
300.4125
300.383
300.5673
300.5652
300.4113
300.3822
300.5355
300.5519
300.5275
300.5574
300.5613
300.4027
300.3765
300.5521
300.5452
300.3977
300.3735
300.5225
300.5328
300.3777
300.3714
300.5227
300.5331
300.3772
300.3713
300.5383
300.3906
300.4244
300.39
300.4239
)
;
        refGradient     nonuniform List<scalar> 
1536
(
0.07854621
0.07746066
0.07711003
0.07688101
0.07667301
0.07666414
0.07815323
0.07713403
0.07676807
0.07652943
0.07631128
0.07630276
0.07803552
0.07700515
0.07663531
0.07639355
0.07617374
0.07616342
0.07803138
0.07700093
0.07663026
0.076388
0.07616856
0.07615821
0.07803926
0.0770144
0.07664698
0.07640741
0.07618938
0.07618143
0.07824032
0.07723888
0.07687733
0.0766423
0.07642861
0.07642355
0.05084817
0.0876842
-1.205394
0.0336605
-1.213793
0.03357655
-1.21418
0.03353235
-1.214257
0.03343435
-1.214117
0.03346563
-1.213577
0.03028213
0.07982668
-1.202413
-1.213481
-1.213877
-1.213954
-1.213814
-1.213259
0.01680267
0.07985684
-1.202808
-1.213885
-1.214287
-1.214366
-1.214224
-1.213661
0.01669655
0.07987629
-1.202887
-1.213963
-1.214367
-1.214446
-1.214303
-1.21374
0.01671541
0.07978447
-1.202748
-1.213824
-1.214225
-1.214303
-1.214161
-1.2136
0.016759
0.07976306
-1.202214
-1.213274
-1.213667
-1.213744
-1.213604
-1.213053
0.01700144
0.05244604
0.03524661
0.03516254
0.03511824
0.03502017
0.03505138
0.06531323
0.05258786
0.05249009
0.05234892
0.05232587
0.05227273
0.05225393
0.05219441
0.05218036
0.05221764
0.05228733
0.05192872
0.09587972
0.09846221
0.07761197
0.07824823
0.07739844
0.0771764
0.07723839
0.07694251
0.07693672
0.07687379
0.07669374
0.07671902
0.07663583
0.07646735
0.07662148
0.0764191
0.07636469
0.07668289
0.07641063
0.07597246
0.04796329
0.04600572
0.09839234
0.09833475
0.07729507
0.07804391
0.07717661
0.07683686
0.07701446
0.07671485
0.07658757
0.07664534
0.07646284
0.07635994
0.07640418
0.07623354
0.07625646
0.07618448
0.07612858
0.07586823
0.07617465
0.07573956
0.04589981
0.04576619
0.09833645
0.09834339
0.07716725
0.07803192
0.07716289
0.07670502
0.07700096
0.07670012
0.07645228
0.07663009
0.07644647
0.07622276
0.07638764
0.07621696
0.07611765
0.07616801
0.07611208
0.07572744
0.07615746
0.07572089
0.04575351
0.04575102
0.09833958
0.09830998
0.0771628
0.07803184
0.07716683
0.07670022
0.07700507
0.07670596
0.07644676
0.07663654
0.07645446
0.07621743
0.07639602
0.07622621
0.07611276
0.07617751
0.07612253
0.07572212
0.07616868
0.07573602
0.04575532
0.0457835
0.09830093
0.09833743
0.07717609
0.07814605
0.07729463
0.07671604
0.07713431
0.07683922
0.07646564
0.07677109
0.07659254
0.07623797
0.07653505
0.07636757
0.07613485
0.07631961
0.07626706
0.07575058
0.07631416
0.07588652
0.04580461
0.04596282
0.09840066
0.09624838
0.07739811
0.0785368
0.07761159
0.06679267
0.05425479
0.07694529
0.07746182
0.07718192
0.054157
0.05401572
0.07669945
0.07711696
0.07694782
0.05399263
0.05393941
0.07647605
0.07689349
0.07673573
0.05392059
0.05386101
0.07637671
0.07669118
0.07664423
0.05384694
0.05388417
0.0759931
0.07668848
0.07671276
0.04607659
0.05395384
0.04810586
0.05206746
0.03373101
-1.213603
0.07986536
-1.202215
-1.213079
0.03358475
-1.214121
-1.213276
-1.213609
0.03354914
-1.214258
-1.213668
-1.213745
0.03345919
-1.214178
-1.213745
-1.213666
0.0334187
-1.213777
-1.213605
-1.213261
0.03653414
-1.219711
-1.213055
0.01689587
-1.224553
-1.213283
0.07984042
-1.202749
-1.213624
-1.213817
-1.213824
-1.214164
-1.213954
-1.214225
-1.214304
-1.213875
-1.214304
-1.214224
-1.213468
-1.214162
-1.213812
-1.224751
-1.213601
0.01670167
-1.225089
-1.213684
0.07988259
-1.202887
-1.213762
-1.214226
-1.213963
-1.214305
-1.214366
-1.214367
-1.214446
-1.214286
-1.214446
-1.214365
-1.213873
-1.214303
-1.213951
-1.225149
-1.21374
0.01670898
-1.225228
-1.213762
0.0798131
-1.202808
-1.213683
-1.214305
-1.213884
-1.214226
-1.214446
-1.214287
-1.214366
-1.214365
-1.214366
-1.214285
-1.213951
-1.214223
-1.213872
-1.225228
-1.213661
0.01674131
-1.225148
-1.213623
0.07973554
-1.202412
-1.213282
-1.214164
-1.21348
-1.213816
-1.214304
-1.213876
-1.213953
-1.214223
-1.213953
-1.213874
-1.213811
-1.213812
-1.213466
-1.225088
-1.213258
0.01689658
-1.22475
-1.213078
0.08783693
-1.2051
0.03531714
-1.213145
-1.213607
-1.213335
0.03517076
-1.213664
-1.213744
-1.213723
0.03513505
-1.2138
-1.213665
-1.2138
0.03504503
-1.21372
-1.21326
-1.21366
0.03500448
-1.21332
-1.224552
-1.213119
0.03046538
0.03657668
-1.219416
0.07825191
0.07810444
0.0785539
0.06497537
0.09873791
0.06677534
0.09884717
0.07746126
0.07734495
0.07758008
0.06665316
0.06656546
0.0771581
0.07704983
0.07722006
0.06640843
0.06637233
0.07692793
0.07682543
0.07698478
0.06627077
0.06623609
0.07673509
0.07663675
0.07677213
0.06614264
0.06612495
0.07685224
0.07675132
0.07676291
0.06620609
0.06626878
0.05978845
0.06276848
0.07777232
0.07783278
0.07809548
0.09841981
0.09837361
0.07694883
0.07701241
0.07707096
0.07664104
0.07670546
0.07670389
0.07640617
0.07647144
0.07646437
0.07620685
0.07627301
0.07624535
0.07633039
0.07639654
0.07623643
0.06283138
0.06276488
0.07770473
0.07770828
0.07803262
0.09833712
0.0983383
0.07687905
0.07688261
0.07700169
0.07656755
0.07657176
0.07663126
0.07633051
0.07633504
0.07638907
0.0761307
0.07613519
0.07616925
0.07625169
0.07625667
0.07615868
0.06268888
0.06268412
0.0777031
0.07770346
0.07803039
0.09833782
0.09833325
0.07687831
0.0768783
0.07700086
0.07656698
0.0765665
0.07663065
0.07633034
0.07632952
0.07638877
0.07613121
0.07613017
0.07616957
0.07625263
0.07625111
0.07615957
0.06268778
0.0626919
0.07773448
0.07771559
0.07805615
0.09832013
0.09832596
0.07691245
0.07689235
0.07703427
0.07660557
0.07658402
0.07666821
0.07637188
0.07634937
0.07642975
0.07617428
0.07615126
0.07621232
0.07629964
0.07627555
0.07620516
0.0627263
0.06275494
0.0780795
0.07792892
0.07838247
0.09846656
0.09860261
0.07728065
0.07711868
0.07739989
0.07697885
0.07681554
0.07704039
0.07675002
0.07658531
0.07680658
0.07655814
0.07639143
0.07659487
0.07668192
0.07651744
0.07658978
0.06298398
0.06310668
0.06645646
0.06675488
0.06665654
0.06657229
0.06642533
0.06639252
0.06630075
0.06626933
0.0661858
0.06617151
0.06626312
0.06633071
-1.210042
-1.211528
0.03692572
-1.202087
0.08127061
-1.212921
-1.213934
0.03362009
-1.212779
-1.213207
-1.21422
0.0335699
-1.213167
-1.213231
-1.214245
0.0335109
-1.213244
-1.213023
-1.214036
0.03341427
-1.213104
-1.212492
-1.213455
0.03348253
-1.212561
-1.210624
-1.210478
-1.202558
0.07981798
-1.213776
-1.213626
-1.21363
-1.214069
-1.213917
-1.214028
-1.214093
-1.213942
-1.214106
-1.213882
-1.213732
-1.213965
-1.213362
-1.213215
-1.213407
-1.210915
-1.210874
-1.202849
0.07987147
-1.214073
-1.214032
-1.213925
-1.21437
-1.214328
-1.214329
-1.214395
-1.214353
-1.214407
-1.214181
-1.21414
-1.214265
-1.213656
-1.213615
-1.213702
-1.21094
-1.210952
-1.202874
0.07986173
-1.214098
-1.214111
-1.213951
-1.214396
-1.214408
-1.214354
-1.214421
-1.214433
-1.214434
-1.214207
-1.214219
-1.214291
-1.213681
-1.213693
-1.213727
-1.210733
-1.210814
-1.202667
0.07975706
-1.213888
-1.213971
-1.213742
-1.214182
-1.214266
-1.214142
-1.214207
-1.214291
-1.21422
-1.213995
-1.214078
-1.214078
-1.213473
-1.213554
-1.213518
-1.210038
-1.210277
-1.201983
0.0799239
-1.213146
-1.213418
-1.213004
-1.213434
-1.213707
-1.213394
-1.213458
-1.213731
-1.213471
-1.21325
-1.213522
-1.213331
-1.21274
-1.213011
-1.212784
0.06677559
0.06691824
0.06610122
0.05505466
0.05749413
0.05767057
0.05292452
0.05777827
0.06644981
0.06650008
0.05756632
0.05242452
0.05749509
0.05740997
0.05237973
0.05744528
0.06630485
0.06633836
0.05738297
0.05230735
0.05736085
0.05732019
0.05229019
0.05734047
0.06616954
0.06620178
0.05729898
0.05223378
0.05727683
0.0572346
0.05221335
0.0572548
0.06614572
0.06612327
0.05721958
0.05217476
0.05721351
0.05725668
0.05218454
0.05722322
0.06267402
0.06587643
0.05732712
0.05216814
0.05738371
0.05351936
0.05163754
0.05688665
0.09850163
0.09863508
0.09644888
0.09840433
0.1000425
0.1002392
0.09854874
0.1003212
0.07794879
0.07781599
0.07773578
0.07808268
0.07839112
0.07793191
0.07777605
0.07755756
0.07762018
0.07736665
0.07725265
0.07728824
0.07727907
0.07739919
0.0771174
0.07718377
0.07710485
0.0770217
0.07709933
0.07699264
0.07704189
0.07697392
0.07703629
0.07681127
0.07691473
0.07685682
0.0767519
0.07687216
0.07677088
0.07681922
0.07674182
0.07679921
0.07657811
0.07668547
0.07663189
0.07652137
0.07671451
0.07661685
0.07671914
0.07654648
0.07658411
0.0763811
0.07652544
0.07653016
0.07635982
0.076904
0.07682959
0.07634974
0.07666627
0.07657524
0.07650351
0.07670196
0.07612979
0.07654134
0.06293704
0.06305422
0.04980968
0.04646221
0.05243594
0.05271939
0.04616001
0.05282158
0.09833957
0.09834951
0.1001647
0.09835549
0.100124
0.1000978
0.09833884
0.1001043
0.07745682
0.07751847
0.0772326
0.0777368
0.07806172
0.07771757
0.0774208
0.07719625
0.07740131
0.07685248
0.0769163
0.07677283
0.07691192
0.07703427
0.07689197
0.07681535
0.07673539
0.07679512
0.07658129
0.07664593
0.0765227
0.07660304
0.07666614
0.076582
0.07654306
0.07648427
0.07652181
0.07634889
0.07641435
0.07629428
0.07636741
0.07642574
0.07634575
0.07631003
0.07625531
0.07628831
0.07618516
0.07625156
0.07619005
0.07616773
0.07620628
0.07614593
0.07614591
0.07615059
0.07612409
0.07636985
0.07643577
0.07580266
0.07629064
0.07619684
0.07626819
0.07632981
0.07576245
0.07630701
0.06270091
0.06272403
0.05261336
0.04583221
0.05254578
0.05247985
0.04579019
0.05250383
0.09834002
0.09833984
0.1000978
0.09834042
0.1001005
0.1001029
0.09834332
0.1001029
0.07738837
0.07739195
0.07716372
0.07770381
0.078032
0.0777037
0.07738748
0.0771629
0.07738743
0.07678182
0.07678553
0.07670114
0.07687824
0.07700092
0.07687827
0.07678092
0.07670015
0.07678093
0.07650706
0.07651137
0.07644788
0.07656635
0.07663013
0.07656629
0.0765058
0.07644657
0.07650571
0.07627301
0.07627753
0.07621825
0.07632916
0.07638769
0.07632913
0.07627169
0.07621694
0.07627168
0.07610884
0.07611331
0.07611313
0.07612946
0.07616794
0.07612958
0.07610764
0.07611191
0.0761078
0.07628986
0.0762951
0.07572219
0.07625018
0.07615731
0.0762503
0.07628821
0.07572058
0.07628832
0.06268493
0.06268337
0.05246722
0.04574871
0.05246226
0.05246381
0.04574846
0.05246169
0.09832189
0.09832736
0.1000997
0.0983319
0.1000933
0.1000757
0.09832144
0.1000847
0.07738708
0.07738728
0.07716266
0.07770357
0.07802996
0.07770669
0.07738775
0.0771634
0.07739111
0.07678113
0.07678098
0.0767005
0.07687923
0.07700161
0.07688287
0.07678225
0.07670182
0.07678613
0.07650655
0.07650593
0.07644747
0.07656866
0.07663212
0.07657331
0.0765084
0.07644944
0.07651325
0.07627298
0.07627207
0.07621839
0.07633251
0.07639082
0.07633783
0.07627525
0.07622072
0.07628066
0.07610953
0.07610841
0.07611398
0.07613365
0.07617192
0.07613932
0.07611206
0.07611662
0.07611782
0.07629098
0.07628924
0.07572426
0.07625577
0.07616243
0.07626238
0.07629449
0.07572832
0.07630158
0.06270869
0.06269831
0.05246756
0.04576137
0.05247295
0.05249337
0.04577019
0.05248098
0.09838845
0.09834608
0.1000695
0.0982978
0.1000701
0.100119
0.09830741
0.100084
0.07741962
0.07740027
0.07719569
0.07776973
0.07808907
0.07782997
0.07745557
0.07723209
0.07751719
0.07681639
0.07679589
0.07673693
0.07694957
0.07707108
0.07701339
0.07685384
0.0767748
0.07691798
0.07654606
0.07652418
0.07648777
0.07664413
0.07670642
0.07670912
0.07658496
0.07652696
0.07665025
0.07631498
0.07629229
0.0762608
0.07641154
0.07646916
0.07647771
0.07635485
0.07630085
0.0764213
0.07615301
0.07612985
0.07615829
0.07621464
0.07625251
0.07628207
0.07619363
0.07619921
0.07626137
0.07634
0.07631534
0.07577591
0.07634104
0.07624628
0.07640884
0.07638189
0.07581854
0.07644966
0.0628731
0.06280125
0.05251336
0.04583694
0.05254461
0.05266832
0.04588717
0.05259371
0.0989881
0.09886647
0.100188
0.09848846
0.1002725
0.0968248
0.09841266
0.1000643
0.07777479
0.07761891
0.07755735
0.07824836
0.0785444
0.07809976
0.07794737
0.0777356
0.07781387
0.06677542
0.06691312
0.06757564
0.0567195
0.05903865
0.05770222
0.05459145
0.05780655
0.0771862
0.07702372
0.07710812
0.0774632
0.07758097
0.07734759
0.07736959
0.07729217
0.07725675
0.0664634
0.06651031
0.05759834
0.05409139
0.05752746
0.05744301
0.05404655
0.05747799
0.07692045
0.07675687
0.07686336
0.077164
0.07722498
0.07705815
0.07710618
0.07704971
0.07700235
0.06633157
0.06636182
0.05741634
0.05397408
0.05739455
0.05735455
0.0539569
0.05737451
0.07669449
0.0765293
0.07664177
0.0769377
0.07699358
0.07683931
0.07688292
0.07683098
0.07678617
0.06620936
0.0662383
0.05733367
0.05390042
0.05731186
0.0572703
0.05387997
0.05729016
0.07653803
0.07637097
0.07654372
0.07674895
0.07678493
0.07665641
0.07672946
0.07673521
0.07663803
0.0661992
0.06617326
0.05725562
0.05384133
0.0572499
0.05729378
0.0538511
0.05725996
0.07671956
0.07655705
0.07615278
0.07687071
0.07678013
0.07677735
0.07692439
0.07637558
0.07685764
0.05987747
0.06280381
0.06283004
0.06595367
0.05278121
0.04623957
0.05289095
0.05736457
0.05383471
0.05742438
0.04994552
0.05366276
0.04655889
0.05176681
0.05252048
0.05694495
-1.212147
-1.213206
0.03410009
-1.212587
-1.210047
-1.20199
0.08003211
-1.210279
-1.212351
-1.21282
-1.212602
-1.213028
-1.214042
0.03359698
-1.213108
-1.213157
-1.213015
-1.213419
-1.213266
-1.213345
-1.213529
-1.213232
-1.214246
0.03356128
-1.213244
-1.213445
-1.213405
-1.213708
-1.21347
-1.213482
-1.213734
-1.213205
-1.214219
0.03348597
-1.213164
-1.213469
-1.213481
-1.213733
-1.213443
-1.213402
-1.213707
-1.212911
-1.213925
0.03340652
-1.212764
-1.21326
-1.213342
-1.213524
-1.213148
-1.213
-1.213411
-1.214025
-1.214373
0.03330914
-1.223458
0.01909681
-1.212751
-1.212795
-1.213013
-1.214521
-1.224257
0.01717448
-1.214799
-1.212951
-1.212804
-1.213431
-1.210734
-1.202668
0.079825
-1.210814
-1.213061
-1.213542
-1.213142
-1.213887
-1.213736
-1.213968
-1.213889
-1.213743
-1.213971
-1.214
-1.214082
-1.214083
-1.214094
-1.213942
-1.214106
-1.214183
-1.214142
-1.214266
-1.214209
-1.214221
-1.214292
-1.214067
-1.213916
-1.214026
-1.214208
-1.21422
-1.214291
-1.214182
-1.214141
-1.214265
-1.213769
-1.213618
-1.213617
-1.213996
-1.214079
-1.214079
-1.213882
-1.21373
-1.213964
-1.215146
-1.214999
-1.224897
0.0167475
-1.213474
-1.213519
-1.213555
-1.215257
-1.225008
0.01671623
-1.215337
-1.213242
-1.213202
-1.213724
-1.21094
-1.202875
0.0798806
-1.210952
-1.213268
-1.21375
-1.21328
-1.214185
-1.214144
-1.214267
-1.214099
-1.213951
-1.214111
-1.214211
-1.214293
-1.214223
-1.214396
-1.214354
-1.214408
-1.214396
-1.214355
-1.214408
-1.214422
-1.214434
-1.214434
-1.214369
-1.214327
-1.214327
-1.214421
-1.214434
-1.214433
-1.214395
-1.214353
-1.214407
-1.214066
-1.214025
-1.213913
-1.214207
-1.214291
-1.214219
-1.214092
-1.213939
-1.214104
-1.215438
-1.215398
-1.22519
0.01669816
-1.213681
-1.213728
-1.213694
-1.215464
-1.225215
0.01670284
-1.215476
-1.213268
-1.21328
-1.21375
-1.210914
-1.202849
0.07984011
-1.210874
-1.213242
-1.213724
-1.213202
-1.214211
-1.214223
-1.214293
-1.214073
-1.213925
-1.214032
-1.214185
-1.214267
-1.214144
-1.214422
-1.214434
-1.214434
-1.214369
-1.214328
-1.214328
-1.214395
-1.214407
-1.214354
-1.214395
-1.214407
-1.214353
-1.214395
-1.214407
-1.214353
-1.214368
-1.214327
-1.214327
-1.214092
-1.214104
-1.213939
-1.214181
-1.214265
-1.21414
-1.214066
-1.213913
-1.214025
-1.215464
-1.215476
-1.225215
0.01672212
-1.213655
-1.213702
-1.213615
-1.215438
-1.225189
0.01673023
-1.215397
-1.213061
-1.213142
-1.213542
-1.210623
-1.202557
0.07973829
-1.210477
-1.21295
-1.21343
-1.212803
-1.214
-1.214082
-1.214081
-1.213775
-1.213629
-1.213625
-1.213886
-1.213967
-1.213735
-1.214208
-1.214292
-1.21422
-1.214068
-1.214027
-1.213916
-1.214093
-1.214105
-1.213941
-1.214181
-1.214265
-1.21414
-1.214093
-1.214105
-1.21394
-1.214067
-1.214025
-1.213915
-1.213881
-1.213964
-1.213729
-1.213881
-1.213964
-1.21373
-1.213768
-1.213616
-1.213617
-1.215256
-1.215337
-1.225007
0.01678596
-1.213361
-1.213406
-1.213214
-1.215145
-1.224896
0.01682944
-1.214998
-1.212341
-1.212601
-1.21281
-1.209958
-1.202027
0.08119854
-1.21109
0.03851762
-1.212053
-1.212492
-1.21275
0.03568675
-1.213255
-1.213527
-1.213335
-1.212826
-1.212684
-1.213477
0.03520617
-1.212934
-1.213013
-1.213584
0.03518302
-1.213459
-1.213732
-1.213471
-1.213112
-1.213072
-1.213763
0.03515586
-1.213138
-1.213149
-1.213788
0.03514722
-1.213432
-1.213705
-1.213392
-1.213136
-1.213149
-1.213787
0.03509677
-1.21311
-1.21307
-1.213761
0.03507182
-1.213138
-1.21341
-1.212989
-1.212928
-1.213009
-1.213578
0.03500008
-1.212816
-1.212669
-1.213467
0.03499231
-1.214511
-1.214798
-1.22425
0.01729322
-1.212397
-1.212466
-1.212998
0.03506882
-1.213941
-1.223397
0.01924088
-1.213934
0.03490078
)
;
        valueFraction   nonuniform List<scalar> 
1536
(
0.00338184
0.003193186
0.003136462
0.003125587
0.003143843
0.003223524
0.003198444
0.003001422
0.003004057
0.003029204
0.002988604
0.003037167
0.003142608
0.00300469
0.003143766
0.003197145
0.003106177
0.003000411
0.00313203
0.003028553
0.003195509
0.003253064
0.003154248
0.003009022
0.003150442
0.002989365
0.003103376
0.003152618
0.003069174
0.002996053
0.003230093
0.003044203
0.003003033
0.003011002
0.002999134
0.003089304
0.003968326
0.003968388
0.003613927
0.003912798
0.003540777
0.003864809
0.003492454
0.003855415
0.003484392
0.00387444
0.00350507
0.003942907
0.00358025
0.003968374
0.003913688
0.003541318
0.003847082
0.003768885
0.003758437
0.003790586
0.00391922
0.003913411
0.003865348
0.003492519
0.003768002
0.003677162
0.003664421
0.003701744
0.003846713
0.003865051
0.003855576
0.003484026
0.003756892
0.003663596
0.003649906
0.003688871
0.003836491
0.003855291
0.003874244
0.003504378
0.003788575
0.003700394
0.003688208
0.003724159
0.003865657
0.003874022
0.003942459
0.003579297
0.003916599
0.003844718
0.003835084
0.003864773
0.003984114
0.003942311
0.003968917
0.003913397
0.003865396
0.003855996
0.003875026
0.003943511
0.004056734
0.00442454
0.004391042
0.004343373
0.004333125
0.004321259
0.004321391
0.004333873
0.004344357
0.004392586
0.004426226
0.004055673
0.004056773
0.00442641
0.003225088
0.003229882
0.00309803
0.003144355
0.003043956
0.002999567
0.003125684
0.003002783
0.003010987
0.003136215
0.003010833
0.003003388
0.003192068
0.002999164
0.003038886
0.003377537
0.003089365
0.003218303
0.004055648
0.004424206
0.004392881
0.004344979
0.003045609
0.003150364
0.003002633
0.002987888
0.002989172
0.003067367
0.003029741
0.003103606
0.003153129
0.003005623
0.00315289
0.0031067
0.002996813
0.003068969
0.00298782
0.003186265
0.002996108
0.003137231
0.004390582
0.004342581
0.004334668
0.004322567
0.003005596
0.003132057
0.003012806
0.003103131
0.0030292
0.00315135
0.003197593
0.00319629
0.003253167
0.003146934
0.003254023
0.003199031
0.003004578
0.003154451
0.003030823
0.003129395
0.003008905
0.003118621
0.004332205
0.004320062
0.004322599
0.004334798
0.003012554
0.003142749
0.003005971
0.003150763
0.003005323
0.003103869
0.003253689
0.003144293
0.003197473
0.003198887
0.003197651
0.003147137
0.003029816
0.003106107
0.003005416
0.003118628
0.0030002
0.003129464
0.004320091
0.004332372
0.004345176
0.0043932
0.00300256
0.003198688
0.003045952
0.003066076
0.003001626
0.002988318
0.003152476
0.00300439
0.003030389
0.003105703
0.003029504
0.003006157
0.002987068
0.002988396
0.002996626
0.00313731
0.003036934
0.003186447
0.004342808
0.004390954
0.004426805
0.004057325
0.003098111
0.003382236
0.003225471
0.004057385
0.004425288
0.002999485
0.003193569
0.003144686
0.00439178
0.004344101
0.003010787
0.003136822
0.003125975
0.004333841
0.004321969
0.003003054
0.003125911
0.003136485
0.004322088
0.004334577
0.003038564
0.003144152
0.003192361
0.00434505
0.004393295
0.00321849
0.003223859
0.003377942
0.004424641
0.00442693
0.004056231
0.004056331
0.003941194
0.003578305
0.003942126
0.003578944
0.003980465
0.003873452
0.003504017
0.003916204
0.003862859
0.003855273
0.003484203
0.003844321
0.003834418
0.003865546
0.003493194
0.003834689
0.003845365
0.003914334
0.003542439
0.003864352
0.003918813
0.00396842
0.003614326
0.003983678
0.003941913
0.003579573
0.003915924
0.003874078
0.003504205
0.003861957
0.003789034
0.003788381
0.003722249
0.00375812
0.003700192
0.003687729
0.00376992
0.003688003
0.003701465
0.003849761
0.003723938
0.003791304
0.003541929
0.00386543
0.003873812
0.003504972
0.003843198
0.003855547
0.003483998
0.003832922
0.00369994
0.003756848
0.003686997
0.003664054
0.003663541
0.003649546
0.003678403
0.003649858
0.003665003
0.003770907
0.003688828
0.003759876
0.003493265
0.003836462
0.003855264
0.003484804
0.003832934
0.003865455
0.003492633
0.00384334
0.003686971
0.003768102
0.003700117
0.003649509
0.003677249
0.003664255
0.003664958
0.003664522
0.003678623
0.003759854
0.003701864
0.003771109
0.003484822
0.003846857
0.003865205
0.003493415
0.003862129
0.003913955
0.00354159
0.003916198
0.003722387
0.003847337
0.003789331
0.003687868
0.003769125
0.00375844
0.00370161
0.003758688
0.003770259
0.003791486
0.003790868
0.003850091
0.003505166
0.003919531
0.003913749
0.003542242
0.003980851
0.003968893
0.0036144
0.003941797
0.003578797
0.00386324
0.003541265
0.003874047
0.003504505
0.003834801
0.003492929
0.003855864
0.003484689
0.003845753
0.00348486
0.003866139
0.00349368
0.003919233
0.003505545
0.003914938
0.003542929
0.003579957
0.003580738
0.003968941
0.003969051
0.003614834
0.003532904
0.003333759
0.003335585
0.003787096
0.003786949
0.003726522
0.003727695
0.003276274
0.003171836
0.003307353
0.003564799
0.003543708
0.003226941
0.003130776
0.003232694
0.003503787
0.003497483
0.003223549
0.003127279
0.003221925
0.00349112
0.003493022
0.003253446
0.003155085
0.003239975
0.003513711
0.003525503
0.003422344
0.003268792
0.003350074
0.003599031
0.003647848
0.003784836
0.003723828
0.003285195
0.003315382
0.003177416
0.003568193
0.003547152
0.002976022
0.00298334
0.002984242
0.003047399
0.003016033
0.003031032
0.003061455
0.003026477
0.00306645
0.002989708
0.002982337
0.003007158
0.003097971
0.003131109
0.003010075
0.003561472
0.003540018
0.003237238
0.003242863
0.003137018
0.0035076
0.003501392
0.003046717
0.003030728
0.003016307
0.003196125
0.003169626
0.003169239
0.003217493
0.003190703
0.003224623
0.003093016
0.003073009
0.003129765
0.003063569
0.003065637
0.003003863
0.003499605
0.003493303
0.00323417
0.003232461
0.003133746
0.003495194
0.003497085
0.003059593
0.00306473
0.003025818
0.003215903
0.003223371
0.003188756
0.00323785
0.003245951
0.003245611
0.003108914
0.003116011
0.003147696
0.003063051
0.003062745
0.003007494
0.003486952
0.003488892
0.003264865
0.003251146
0.003161703
0.003517693
0.003529458
0.002989323
0.003005858
0.002984064
0.003090675
0.003127136
0.003070654
0.003107751
0.00314643
0.003114508
0.00301504
0.003040306
0.003040361
0.003079151
0.003068964
0.002999198
0.003509926
0.003521915
0.003433798
0.003361836
0.003275163
0.003602834
0.003650909
0.003108023
0.003015669
0.003141678
0.003071037
0.003006018
0.003073569
0.003070556
0.003009744
0.003070071
0.003086661
0.003002142
0.003076738
0.003282035
0.003186863
0.0031901
0.00359695
0.003646079
0.003787662
0.003727156
0.003565387
0.003544301
0.003504349
0.003498049
0.003491661
0.003493576
0.003514234
0.003526055
0.003599586
0.003648412
0.004100759
0.003657113
0.004017481
0.003657848
0.004018207
0.003976488
0.003527315
0.003896561
0.003990777
0.003929737
0.003488829
0.003860061
0.003933212
0.00392586
0.003485426
0.003856911
0.003925003
0.003957476
0.003512179
0.003883503
0.003950208
0.004076534
0.00361168
0.003979388
0.004045709
0.003975519
0.003989998
0.003527721
0.003897357
0.003804714
0.00382671
0.003826455
0.00373985
0.003764515
0.003744604
0.003734781
0.00375959
0.00373362
0.003777753
0.003800652
0.00376699
0.003944395
0.003961019
0.003900519
0.003928168
0.003931748
0.00348881
0.003860512
0.003739066
0.003743947
0.003763516
0.003665778
0.003671714
0.003671555
0.003659947
0.003665964
0.003658408
0.003709119
0.003714207
0.003696464
0.003890361
0.003894146
0.00384263
0.003923753
0.003922982
0.003484998
0.003856985
0.003733335
0.00373227
0.003757956
0.003659109
0.003657705
0.003665016
0.003653173
0.003651718
0.003651542
0.003703046
0.003701897
0.003690213
0.003885394
0.003884534
0.00383748
0.003954899
0.003947741
0.003511435
0.003883238
0.003775782
0.003765154
0.003798507
0.003707738
0.003695221
0.00371272
0.003702338
0.003689682
0.003701073
0.003747363
0.003736189
0.003735985
0.003920189
0.003912173
0.003874661
0.004073453
0.004042762
0.003610739
0.00397897
0.003941665
0.003898057
0.003958139
0.003888167
0.003840729
0.003891862
0.003883773
0.003836166
0.003882827
0.003919132
0.003873949
0.003910966
0.004055627
0.004021845
0.004021444
0.003599626
0.003648618
0.00398746
0.004491678
0.004357098
0.004262874
0.004468082
0.004312388
0.00351388
0.00352573
0.004225982
0.004371368
0.004204086
0.004172796
0.004354323
0.004185099
0.003491139
0.003493069
0.004161603
0.004327186
0.004154961
0.004148223
0.004322922
0.004150175
0.003503704
0.003497433
0.004148278
0.00432325
0.00415033
0.004162002
0.004327737
0.004155254
0.003564475
0.003543416
0.004173264
0.004355507
0.004185662
0.004226735
0.004372735
0.004204737
0.003784686
0.003725081
0.004263606
0.004469785
0.004313048
0.00398539
0.004492696
0.004356938
0.00360252
0.003650549
0.003987583
0.00449314
0.004359278
0.00426581
0.004469983
0.004315284
0.003428704
0.003270739
0.003354881
0.003433478
0.003274857
0.003361588
0.003293562
0.003197477
0.003201445
0.003255191
0.003155739
0.003241116
0.003107735
0.003141429
0.003015502
0.00308841
0.00307728
0.003003717
0.003223794
0.003127421
0.003222086
0.003070898
0.003073285
0.003006052
0.003070286
0.003069617
0.003009748
0.003226599
0.003130582
0.003232118
0.003070526
0.003069715
0.003009879
0.003071276
0.003073223
0.003006859
0.003273752
0.003170942
0.003303873
0.003086644
0.003076535
0.003002252
0.003104697
0.0031364
0.003012808
0.003520392
0.003329296
0.003327313
0.003281899
0.003189967
0.003186795
0.003416058
0.003264263
0.003342159
0.003596646
0.003645723
0.003985267
0.004491148
0.004354619
0.004260386
0.004467773
0.004309948
0.003517539
0.003529289
0.004228977
0.004373117
0.004207047
0.004175776
0.004356013
0.004188081
0.003114479
0.003147167
0.003018062
0.003264729
0.003161564
0.00325105
0.003095693
0.003006667
0.00308482
0.00298901
0.002982766
0.003004654
0.002989186
0.002983964
0.003004844
0.003014153
0.003038485
0.003038518
0.003060856
0.003026527
0.003065919
0.003091432
0.003070819
0.00312721
0.003107574
0.003114318
0.003145964
0.003048793
0.003017775
0.003031974
0.003108171
0.003114489
0.003146593
0.003092988
0.003072832
0.003130245
0.002974818
0.002981365
0.002980244
0.00301546
0.003040251
0.003039907
0.002989523
0.002981039
0.003007975
0.003264162
0.003294909
0.00316482
0.003079246
0.002999164
0.003068979
0.003243333
0.003148661
0.003229532
0.003509771
0.003521724
0.004223359
0.004370812
0.004201328
0.00416978
0.004353651
0.004182192
0.003495176
0.003497057
0.004164626
0.00432865
0.004157983
0.004151222
0.00432431
0.004153195
0.003078322
0.003080822
0.003008543
0.003234175
0.003133728
0.003232533
0.003077524
0.003011838
0.003076634
0.003090569
0.003070388
0.003126329
0.00305968
0.003026282
0.003064392
0.003106216
0.003144581
0.003112594
0.003216911
0.003189828
0.00322508
0.003216428
0.003188928
0.003224187
0.003236862
0.003245272
0.003244891
0.003198704
0.003172708
0.003172279
0.003237728
0.003245642
0.003246526
0.003218131
0.003191586
0.003226502
0.003048748
0.003033272
0.003015694
0.003108889
0.003147528
0.003116102
0.003062431
0.003026681
0.003069108
0.003215698
0.003221368
0.003123698
0.003063056
0.003007347
0.003062739
0.003212533
0.003120335
0.003210986
0.003486929
0.003488836
0.004158517
0.004326181
0.004151794
0.004144924
0.004321817
0.004146924
0.003507705
0.003501477
0.00415124
0.004324363
0.004153234
0.004164771
0.004328755
0.004158096
0.003077474
0.003076608
0.003011668
0.003237355
0.003137093
0.003243039
0.003078508
0.00300892
0.003080919
0.003105889
0.003112498
0.003144176
0.00304683
0.003017164
0.003030185
0.003090497
0.003127543
0.003070386
0.003236622
0.003244935
0.003245807
0.003196657
0.003170347
0.003169919
0.003216555
0.003225303
0.003189683
0.003217913
0.003226377
0.00319137
0.003217435
0.003225507
0.003190526
0.003198266
0.003172847
0.003172487
0.003061484
0.003068182
0.003025536
0.003092835
0.003130024
0.003072535
0.003049065
0.003016992
0.00303369
0.003212602
0.003210986
0.003120373
0.00306342
0.003003723
0.003065598
0.003215629
0.003123735
0.003221363
0.003499716
0.003493379
0.004144968
0.004321886
0.004146991
0.004158651
0.004326307
0.004151902
0.003568446
0.003547377
0.004175964
0.004356238
0.004188296
0.004229312
0.004373402
0.004207336
0.003095789
0.003084909
0.003006636
0.003285428
0.003177612
0.003315663
0.003114752
0.003018434
0.003147314
0.003013929
0.00303801
0.003037643
0.002976035
0.002984447
0.002983309
0.002989135
0.003006738
0.002982735
0.003106783
0.003145249
0.003114296
0.003046957
0.00303165
0.003015201
0.003060757
0.003067643
0.00302617
0.003092123
0.003129256
0.0030722
0.003060569
0.003066902
0.003025528
0.00304856
0.003033544
0.00301738
0.002988493
0.003006691
0.002980727
0.002988717
0.003006918
0.002981946
0.002974469
0.002980148
0.002981039
0.003243426
0.003229507
0.003148783
0.003097782
0.003009863
0.003130999
0.003264152
0.003164956
0.003295004
0.003561729
0.003540239
0.004169999
0.004353919
0.004182438
0.004223687
0.004371142
0.004201626
0.003787426
0.003728134
0.004266202
0.004470432
0.004315728
0.00398814
0.004493685
0.004359832
0.003293821
0.003201636
0.003197758
0.003533343
0.003335968
0.003334216
0.003429127
0.003355266
0.003271155
0.003600244
0.003649238
0.003988118
0.004492457
0.004357902
0.004263642
0.004468843
0.004313168
0.003088598
0.00300352
0.003077577
0.003276669
0.003307753
0.003172226
0.003255474
0.003241439
0.003156091
0.003514468
0.003526324
0.004226761
0.004372114
0.004204855
0.004173537
0.004355063
0.004185847
0.003070251
0.003009268
0.003069926
0.003227245
0.003233053
0.003131124
0.003223953
0.003222318
0.003127731
0.003491694
0.003493621
0.00416236
0.004327914
0.004155708
0.004148935
0.004323643
0.004150893
0.003071091
0.003006306
0.003073363
0.003223783
0.003222227
0.003127603
0.003226716
0.003232295
0.003130879
0.003504251
0.003497979
0.004149007
0.004323965
0.004151055
0.004162697
0.004328448
0.004155957
0.003104544
0.003012404
0.00313646
0.003253681
0.003240176
0.003155396
0.003273897
0.003304035
0.003171247
0.003565027
0.003543976
0.00417397
0.004356216
0.004186369
0.004227427
0.004373447
0.00420544
0.003416237
0.003342205
0.003264509
0.003422604
0.003350271
0.003269123
0.003520633
0.003327627
0.003329666
0.003785336
0.003785256
0.003724256
0.00372566
0.004260788
0.00446826
0.004310393
0.004264303
0.004470506
0.004313752
0.003985833
0.003986033
0.004491713
0.004493432
0.004355153
0.004357659
0.004073196
0.003609531
0.00397762
0.004042901
0.004073019
0.003610353
0.003978588
0.004042353
0.004051438
0.004017911
0.004017492
0.003955793
0.003510933
0.00388232
0.00394881
0.003941239
0.0039577
0.003897641
0.003916883
0.00390903
0.003871668
0.00392538
0.00348506
0.00385657
0.003924741
0.003887734
0.00389141
0.003840294
0.003882791
0.003882092
0.003835187
0.003930495
0.003489414
0.003860609
0.003934164
0.003883333
0.003882372
0.003835731
0.003888522
0.003892421
0.003841112
0.003978507
0.003528791
0.003897925
0.003993088
0.003918684
0.003910494
0.003873508
0.003943383
0.003960183
0.003899873
0.004104161
0.003659118
0.004018875
0.003658314
0.004018108
0.004055169
0.004020986
0.004021417
0.004076782
0.003610826
0.003978368
0.004046338
0.003940334
0.003957012
0.003897118
0.003954679
0.003511238
0.003883041
0.003947538
0.003915805
0.003870956
0.003907784
0.003775758
0.003798721
0.003765365
0.003775559
0.00379827
0.003764949
0.003745038
0.003734069
0.003733844
0.003734175
0.003758981
0.003733292
0.003707508
0.003712457
0.003694997
0.003701467
0.003700519
0.003688809
0.003740699
0.003765313
0.003745689
0.003702088
0.003700801
0.003689452
0.003708399
0.003713648
0.003695963
0.003807088
0.003828984
0.00382922
0.003747097
0.003735695
0.003735946
0.003778015
0.003801124
0.003767472
0.003979635
0.003994067
0.003528426
0.003897103
0.003919921
0.003874392
0.00391195
0.003958815
0.00351195
0.003882773
0.003951738
0.00388617
0.003889951
0.003839061
0.003923708
0.003484949
0.003856932
0.003922944
0.003881116
0.003833842
0.003880276
0.003706896
0.003711984
0.003694593
0.00373327
0.003757868
0.003732221
0.003700723
0.003688262
0.003699603
0.003659197
0.00366521
0.003658022
0.003659036
0.003664897
0.003657645
0.003652319
0.003651096
0.003650867
0.003666818
0.003672654
0.003672858
0.003653085
0.003651414
0.003651657
0.00366012
0.003666308
0.003658784
0.003741652
0.003746464
0.003766454
0.003702954
0.003690082
0.003701835
0.003735887
0.003760854
0.003734855
0.003932385
0.003935955
0.0034896
0.003860228
0.003885303
0.003837375
0.003884507
0.003927907
0.003485734
0.003856648
0.003927189
0.003881178
0.003880301
0.00383389
0.003928287
0.003488902
0.003860595
0.003931879
0.003886262
0.003839166
0.003890083
0.003700778
0.003699594
0.003688305
0.003739145
0.003763575
0.003744052
0.003706979
0.003694701
0.003712142
0.003652373
0.003650848
0.003651143
0.003665859
0.003671588
0.003671814
0.003659285
0.003658136
0.003665383
0.003660187
0.003658761
0.003666361
0.003660028
0.003658438
0.003666072
0.003666906
0.003672976
0.003672838
0.003735953
0.003734845
0.003760926
0.003709209
0.003696499
0.00371432
0.003741759
0.003766565
0.003746641
0.003927984
0.003927217
0.003485806
0.003856715
0.003890459
0.003842699
0.003894298
0.003932497
0.003489699
0.003860343
0.003936105
0.003916036
0.003907966
0.00387116
0.003975822
0.003527974
0.003897592
0.003990299
0.003940615
0.003897395
0.003957286
0.003745255
0.00373399
0.003734261
0.003804983
0.003826709
0.003826967
0.003776042
0.003765653
0.003798999
0.00370168
0.003688954
0.003700722
0.003740129
0.003744843
0.003764769
0.003734466
0.003733591
0.003759267
0.003708633
0.003696113
0.003713865
0.003735071
0.003733858
0.003759857
0.003741003
0.003745996
0.003765616
0.003778263
0.003767651
0.003801367
0.003778059
0.003767249
0.003800932
0.00380742
0.00382953
0.003829295
0.003959077
0.003951962
0.003512187
0.003883021
0.003944709
0.003900812
0.003961344
0.003979959
0.003528704
0.003897403
0.00399438
0.004051889
0.004017909
0.004018362
0.004101301
0.00365832
0.004018655
0.003657623
0.004018101
0.004073726
0.004043437
0.003610033
0.003978235
0.003917312
0.003872059
0.003909479
0.003977013
0.003991323
0.003527813
0.003897163
0.003956305
0.003949354
0.003511421
0.003882924
0.00388321
0.003835571
0.00388255
0.003930266
0.003933749
0.00348932
0.003860656
0.003925885
0.003925286
0.003485537
0.003857167
0.003888949
0.0038415
0.00389288
0.003926385
0.003925531
0.003485913
0.003857502
0.003931
0.0039347
0.00348989
0.003861205
0.003943826
0.003900291
0.003960658
0.003958001
0.003950745
0.003512668
0.003884099
0.003979023
0.003993616
0.003529275
0.003898528
0.004077234
0.004046775
0.003611248
0.003978812
0.004077066
0.004046255
0.003612187
0.003980005
0.004104689
0.0036588
0.004018615
0.003659624
0.004019506
)
;
        source          uniform 0;
        value           nonuniform List<scalar> 
1536
(
305.8707
305.9377
305.9614
305.9661
305.9576
305.9246
305.9414
306.0196
306.0429
306.0472
306.0393
306.0064
305.9656
306.0433
306.0658
306.07
306.0624
306.0304
305.9704
306.0478
306.0701
306.0743
306.0667
306.035
305.962
306.0399
306.0625
306.0667
306.0591
306.0269
305.9293
306.0072
306.0307
306.0352
306.027
305.9939
305.7779
305.779
305.7425
305.8311
305.7954
305.8548
305.8191
305.8595
305.8238
305.8509
305.8152
305.8179
305.7821
305.77
305.8374
305.8005
305.8473
305.8714
305.8761
305.8676
305.8338
305.8279
305.8616
305.8247
305.8719
305.8964
305.9012
305.8925
305.8583
305.8523
305.8664
305.8295
305.8767
305.9012
305.9061
305.8974
305.863
305.8571
305.8579
305.821
305.8682
305.8926
305.8974
305.8887
305.8545
305.8486
305.8253
305.7883
305.8347
305.8586
305.8633
305.8548
305.8212
305.8158
305.7779
305.8311
305.8548
305.8595
305.851
305.8179
305.8364
305.8814
305.8928
305.9128
305.9164
305.9211
305.9211
305.9162
305.9126
305.8919
305.8799
305.829
305.8373
305.8876
305.9261
305.9294
305.9953
305.9579
306.0073
306.0274
305.9661
306.0308
306.0353
305.9612
306.0353
306.0306
305.9368
306.0271
306.0065
305.865
305.994
305.9241
305.8289
305.8785
305.8995
305.9199
306.0077
305.962
306.0282
306.0395
306.04
306.0593
306.0473
306.0625
306.0668
306.0427
306.0668
306.0624
306.0188
306.0591
306.0392
305.9361
306.027
305.9568
305.8904
305.911
305.9235
305.9283
306.0316
305.9704
306.0362
306.0626
306.0478
306.0669
306.07
306.07
306.0743
306.0656
306.0743
306.0699
306.0426
306.0667
306.0471
305.9605
306.035
305.9653
305.9146
305.9194
305.9283
305.9235
306.0362
305.9656
306.0316
306.0669
306.0433
306.0625
306.0743
306.0657
306.07
306.0699
306.07
306.0656
306.0471
306.0624
306.0426
305.9653
306.0304
305.9604
305.9194
305.9146
305.9199
305.8994
306.0282
305.9414
306.0076
306.0593
306.0196
306.0395
306.0668
306.0428
306.0472
306.0624
306.0472
306.0426
306.0392
306.0392
306.0188
305.9568
306.0063
305.936
305.911
305.8904
305.8875
305.8373
305.9952
305.8706
305.926
305.8364
305.8815
306.0273
305.9376
305.9578
305.8929
305.9128
306.0352
305.9613
305.966
305.9164
305.9211
306.0305
305.966
305.9611
305.9211
305.9162
306.0064
305.9575
305.9367
305.9126
305.8919
305.924
305.9245
305.8649
305.8784
305.8799
305.8288
305.8289
305.8195
305.7838
305.8254
305.7884
305.8228
305.8512
305.8155
305.8348
305.8551
305.8595
305.8238
305.8587
305.8634
305.8546
305.8189
305.8634
305.8586
305.8301
305.7944
305.8549
305.8339
305.7702
305.7349
305.8213
305.8159
305.7803
305.8353
305.858
305.8211
305.856
305.8678
305.8682
305.8889
305.8761
305.8926
305.8974
305.8713
305.8974
305.8925
305.8465
305.8888
305.8674
305.7924
305.8546
305.8486
305.8131
305.8597
305.8664
305.8295
305.8644
305.8927
305.8767
305.8975
305.9012
305.9012
305.9061
305.8963
305.9061
305.9012
305.8711
305.8974
305.8759
305.8168
305.863
305.8571
305.8216
305.8644
305.8616
305.8247
305.8596
305.8975
305.8719
305.8927
305.9061
305.8964
305.9012
305.9012
305.9012
305.8963
305.8759
305.8925
305.8711
305.8216
305.8582
305.8522
305.8167
305.856
305.8373
305.8004
305.8352
305.8889
305.8473
305.8677
305.8974
305.8713
305.8761
305.8925
305.876
305.8712
305.8674
305.8675
305.8464
305.8131
305.8337
305.8279
305.7924
305.8227
305.779
305.7425
305.8196
305.7837
305.855
305.7954
305.8512
305.8155
305.8633
305.8191
305.8595
305.8238
305.8585
305.8238
305.8546
305.8189
305.8338
305.8152
305.8301
305.7944
305.7802
305.7821
305.7699
305.7701
305.7348
305.9171
305.8912
305.8928
305.87
305.871
305.8888
305.8914
305.9748
305.9464
305.9661
305.9352
305.9439
305.9922
305.9639
305.9898
305.9589
305.9613
305.9937
305.9653
305.9945
305.9636
305.9628
305.981
305.9526
305.986
305.9551
305.9501
305.9361
305.9083
305.9529
305.9221
305.9058
305.8642
305.8847
305.9772
305.9682
305.9504
305.9399
305.9489
306.0373
306.0284
306.0286
306.0538
306.0452
306.0516
306.0552
306.0465
306.0559
306.0434
306.0345
306.0481
305.998
305.989
306.0154
305.9335
305.9425
305.9949
305.9924
305.9681
305.9641
305.9666
306.0541
306.0518
306.0457
306.0702
306.068
306.068
306.0715
306.0693
306.0722
306.06
306.0577
306.0646
306.0156
306.0132
306.0328
305.9578
305.9603
305.9964
305.9971
305.9697
305.9689
305.9682
306.0555
306.0562
306.0471
306.0716
306.0723
306.0694
306.0729
306.0736
306.0736
306.0614
306.0621
306.066
306.0171
306.0179
306.0343
305.9627
305.9619
305.9839
305.9888
305.957
305.9605
305.9555
306.0438
306.0485
306.0351
306.0601
306.0647
306.0579
306.0614
306.066
306.0621
306.0497
306.0544
306.0544
306.0047
306.0096
306.022
305.9542
305.9492
305.9394
305.956
305.9133
305.9278
305.9118
305.9987
306.016
305.9899
306.016
306.033
306.0136
306.0174
306.0344
306.0182
306.0049
306.0222
306.0098
305.9595
305.9765
305.9766
305.9213
305.9052
305.8699
305.8887
305.9351
305.9438
305.9588
305.9613
305.9635
305.9627
305.955
305.95
305.9219
305.9057
305.7573
305.7518
305.7873
305.7542
305.7909
305.8091
305.804
305.8398
305.8004
305.8265
305.8215
305.8572
305.8241
305.828
305.823
305.8587
305.8288
305.8153
305.8102
305.846
305.8203
305.7711
305.7661
305.8019
305.7871
305.8121
305.8032
305.8094
305.8463
305.8653
305.8562
305.8564
305.8831
305.8739
305.8806
305.8846
305.8754
305.8854
305.8718
305.8626
305.8768
305.8263
305.8173
305.8428
305.8299
305.8274
305.8272
305.8641
305.8834
305.8809
305.8744
305.9014
305.8989
305.8989
305.903
305.9004
305.9037
305.89
305.8875
305.895
305.8441
305.8417
305.8607
305.8314
305.8321
305.8288
305.8656
305.8849
305.8857
305.8759
305.903
305.9037
305.9005
305.9045
305.9053
305.9053
305.8915
305.8923
305.8966
305.8457
305.8464
305.8623
305.8188
305.8237
305.8161
305.853
305.8721
305.8771
305.8632
305.89
305.8951
305.8876
305.8915
305.8966
305.8923
305.8786
305.8837
305.8837
305.833
305.838
305.8496
305.7753
305.791
305.7727
305.8096
305.8273
305.8435
305.8186
305.8448
305.8611
305.8423
305.8462
305.8625
305.847
305.8335
305.8498
305.8385
305.789
305.8049
305.8052
305.9236
305.9082
305.8684
305.8492
305.883
305.916
305.8667
305.9011
305.9553
305.9504
305.9274
305.9015
305.936
305.9474
305.908
305.9426
305.9636
305.9629
305.951
305.9188
305.9534
305.9557
305.9204
305.955
305.9587
305.9612
305.9557
305.9203
305.9549
305.9508
305.9187
305.9533
305.9342
305.9433
305.9472
305.9076
305.9422
305.9265
305.9009
305.9355
305.8643
305.885
305.9144
305.864
305.8985
305.8617
305.8446
305.8789
305.9279
305.9119
305.8694
305.8531
305.8867
305.9217
305.8721
305.906
305.9385
305.9108
305.9543
305.9395
305.9134
305.9561
305.9618
305.9781
305.9788
305.9814
305.953
305.9863
305.9988
305.99
306.0161
306.0054
306.0102
306.0226
305.9938
305.9654
305.9945
306.0161
306.0137
306.0331
306.0176
306.0183
306.0346
305.9921
305.9637
305.9896
306.0175
306.0182
306.0345
306.0159
306.0135
306.033
305.9743
305.9458
305.9652
306.005
306.0099
306.0222
305.9983
305.9892
306.0156
305.9134
305.8874
305.8872
305.9596
305.9767
305.9766
305.936
305.9079
305.9526
305.9214
305.9053
305.8616
305.8439
305.8784
305.9135
305.8629
305.8978
305.9605
305.9556
305.9335
305.9083
305.9424
305.954
305.915
305.9491
306.0001
305.9911
306.0167
305.9839
305.9571
305.9888
306.0068
306.0233
306.0117
306.0437
306.0348
306.0483
306.0438
306.0352
306.0485
306.0501
306.0547
306.0547
306.0552
306.0466
306.0559
306.0601
306.0579
306.0648
306.0615
306.0622
306.0661
306.0537
306.045
306.0514
306.0615
306.0622
306.0661
306.06
306.0578
306.0646
306.0368
306.0279
306.0278
306.0498
306.0545
306.0545
306.0433
306.0344
306.048
305.9739
305.9648
305.9451
306.0047
306.0221
306.0097
305.9806
305.9519
305.9855
305.9542
305.9492
305.9255
305.8993
305.9344
305.946
305.906
305.9411
305.9689
305.9682
305.9576
305.926
305.9601
305.9624
305.9275
305.9616
306.0176
306.0152
306.034
305.9964
305.9697
305.9971
306.0191
306.0355
306.0199
306.0603
306.058
306.0648
306.0555
306.0471
306.0562
306.0617
306.0662
306.0624
306.0716
306.0693
306.0722
306.0716
306.0694
306.0723
306.0729
306.0736
306.0736
306.0701
306.0679
306.0679
306.0729
306.0736
306.0736
306.0715
306.0692
306.0722
306.0537
306.0514
306.0449
306.0614
306.066
306.0621
306.0551
306.0464
306.0558
305.9916
305.9891
305.963
306.0172
306.0343
306.0179
305.9932
305.9645
305.9939
305.9627
305.9619
305.9496
305.9171
305.9521
305.9545
305.9187
305.9537
305.9641
305.9666
305.9624
305.9275
305.9616
305.9576
305.926
305.96
306.0191
306.0199
306.0355
305.9948
305.9681
305.9924
306.0176
306.034
306.0152
306.0617
306.0624
306.0662
306.0541
306.0456
306.0518
306.0603
306.0648
306.058
306.0729
306.0736
306.0736
306.0702
306.068
306.0679
306.0715
306.0722
306.0693
306.0715
306.0722
306.0692
306.0715
306.0722
306.0693
306.0701
306.0678
306.0678
306.0551
306.0558
306.0464
306.06
306.0646
306.0577
306.0536
306.0449
306.0513
305.9932
305.9939
305.9645
306.0156
306.0328
306.0132
305.9916
305.9629
305.9891
305.9578
305.9603
305.9545
305.9187
305.9537
305.9496
305.9171
305.9521
305.9399
305.9488
305.954
305.915
305.949
305.9335
305.9083
305.9424
306.0067
306.0116
306.0233
305.9772
305.9503
305.9682
306
306.0167
305.991
306.05
306.0547
306.0546
306.0373
306.0286
306.0283
306.0436
306.0483
306.0348
306.0615
306.0661
306.0621
306.0538
306.0515
306.0451
306.0552
306.0559
306.0465
306.06
306.0646
306.0577
306.0551
306.0558
306.0465
306.0537
306.0514
306.045
306.0433
306.048
306.0344
306.0433
306.048
306.0344
306.0368
306.0278
306.0278
305.9805
305.9855
305.9518
305.998
306.0154
305.9889
305.9738
305.9451
305.9647
305.9334
305.9424
305.946
305.906
305.941
305.9254
305.8993
305.9343
305.8709
305.8913
305.9216
305.872
305.9059
305.8694
305.853
305.8866
305.9617
305.9787
305.978
305.917
305.8927
305.8911
305.9384
305.9542
305.9107
305.9235
305.9081
305.8684
305.8492
305.883
305.9159
305.8667
305.901
306.0053
306.0225
306.0101
305.9747
305.966
305.9463
305.9813
305.9862
305.9529
305.9552
305.9503
305.9273
305.9015
305.936
305.9473
305.908
305.9425
306.0175
306.0345
306.0182
305.9921
305.9897
305.9638
305.9937
305.9944
305.9653
305.9635
305.9628
305.9509
305.9188
305.9533
305.9556
305.9204
305.9549
306.0159
306.0329
306.0134
305.9936
305.9944
305.9652
305.992
305.9895
305.9636
305.9586
305.9611
305.9556
305.9203
305.9548
305.9507
305.9187
305.9532
305.9982
306.0155
305.9891
305.9809
305.9859
305.9525
305.9742
305.9651
305.9457
305.9341
305.9432
305.9471
305.9076
305.9421
305.9264
305.9009
305.9354
305.9359
305.9525
305.9078
305.936
305.9528
305.9082
305.9133
305.8871
305.8873
305.8641
305.8642
305.8846
305.8849
305.9134
305.8628
305.8977
305.9143
305.864
305.8984
305.8615
305.8616
305.8438
305.8445
305.8783
305.8788
305.7739
305.7689
305.8047
305.7887
305.7754
305.7728
305.8097
305.7911
305.7918
305.8068
305.8077
305.8157
305.8106
305.8463
305.8205
305.8274
305.8187
305.8436
305.834
305.8388
305.8502
305.8281
305.8231
305.8588
305.8288
305.8448
305.8424
305.8611
305.8464
305.8471
305.8627
305.8264
305.8214
305.8571
305.8239
305.8463
305.8471
305.8626
305.8447
305.8423
305.861
305.8085
305.8034
305.8392
305.7995
305.8336
305.8386
305.8499
305.8268
305.8178
305.843
305.7525
305.747
305.7825
305.746
305.7813
305.7891
305.8053
305.805
305.7705
305.7646
305.8001
305.7863
305.8289
305.82
305.8443
305.8188
305.8161
305.853
305.8238
305.8357
305.8511
305.8406
305.872
305.8629
305.877
305.8722
305.8633
305.8772
305.879
305.8839
305.884
305.8846
305.8754
305.8854
305.8901
305.8876
305.8951
305.8916
305.8924
305.8967
305.883
305.8738
305.8805
305.8916
305.8923
305.8967
305.89
305.8875
305.8951
305.8648
305.8557
305.8556
305.8787
305.8837
305.8837
305.8717
305.8625
305.8767
305.8074
305.7985
305.8014
305.8369
305.8331
305.8496
305.838
305.8142
305.8081
305.8436
305.8191
305.8467
305.8442
305.8621
305.8314
305.8288
305.8656
305.8321
305.8482
305.8637
305.849
305.8902
305.8877
305.8952
305.8849
305.8759
305.8857
305.8918
305.8968
305.8925
305.903
305.9005
305.9037
305.903
305.9005
305.9038
305.9046
305.9053
305.9053
305.9014
305.8988
305.8988
305.9046
305.9053
305.9053
305.9029
305.9004
305.9037
305.8829
305.8805
305.8736
305.8915
305.8966
305.8923
305.8845
305.8752
305.8853
305.8252
305.8228
305.8193
305.8548
305.8457
305.8623
305.8464
305.8268
305.8209
305.8563
305.8275
305.8482
305.849
305.8637
305.8298
305.8272
305.8641
305.8274
305.8467
305.8621
305.8442
305.8918
305.8925
305.8968
305.8833
305.8744
305.8809
305.8902
305.8952
305.8877
305.9046
305.9053
305.9053
305.9014
305.8989
305.8989
305.903
305.9037
305.9004
305.9029
305.9037
305.9004
305.9029
305.9037
305.9004
305.9013
305.8988
305.8988
305.8845
305.8853
305.8752
305.8899
305.895
305.8874
305.8829
305.8736
305.8804
305.8268
305.8275
305.8208
305.8563
305.8441
305.8607
305.8416
305.8252
305.8193
305.8547
305.8227
305.8356
305.8405
305.851
305.8121
305.8094
305.8463
305.8032
305.8289
305.8442
305.8199
305.8789
305.8839
305.8839
305.8652
305.8564
305.8561
305.872
305.8769
305.8628
305.8916
305.8967
305.8923
305.883
305.8806
305.8738
305.8846
305.8853
305.8753
305.89
305.895
305.8874
305.8845
305.8853
305.8753
305.883
305.8805
305.8737
305.8717
305.8767
305.8624
305.8717
305.8767
305.8625
305.8648
305.8555
305.8556
305.8141
305.8191
305.8081
305.8436
305.8262
305.8427
305.8172
305.8073
305.8013
305.8368
305.7984
305.7917
305.8076
305.8067
305.7573
305.7541
305.7908
305.7518
305.7873
305.7738
305.7887
305.7689
305.8047
305.8339
305.8501
305.8387
305.809
305.8004
305.804
305.8398
305.8156
305.8204
305.8106
305.8464
305.8463
305.8626
305.847
305.8265
305.824
305.8215
305.8573
305.828
305.8287
305.8231
305.8588
305.8447
305.861
305.8422
305.8279
305.8287
305.823
305.8587
305.8264
305.8239
305.8214
305.8572
305.8267
305.8429
305.8177
305.8152
305.8202
305.8102
305.846
305.8084
305.7994
305.8034
305.8392
305.7704
305.7862
305.7645
305.8
305.771
305.7871
305.7661
305.8019
305.7524
305.7459
305.7812
305.747
305.7825
)
;
        qrNbr           qr;
        logInterval     -1;
        writePrecision  7;
        updateHeader    1;
        writeToFile     0;
        useUserTime     1;
        kappaMethod     solidThermo;
        kappa           none;
    }
}


// ************************************************************************* //
