/*--------------------------------*- C++ -*----------------------------------*\
| =========                 |                                                 |
| \\      /  F ield         | OpenFOAM: The Open Source CFD Toolbox           |
|  \\    /   O peration     | Version:  2506                                  |
|   \\  /    A nd           | Website:  www.openfoam.com                      |
|    \\/     M anipulation  |                                                 |
\*---------------------------------------------------------------------------*/
FoamFile
{
    version     2.0;
    format      ascii;
    arch        "LSB;label=32;scalar=64";
    class       volScalarField;
    location    "1500/solid";
    object      T;
}
// * * * * * * * * * * * * * * * * * * * * * * * * * * * * * * * * * * * * * //

dimensions      [0 0 0 1 0 0 0];

internalField   nonuniform List<scalar> 
2304
(
313.6758
313.8822
313.9569
313.9675
313.9459
313.8433
313.8818
314.1066
314.1822
314.1929
314.1721
314.0683
313.9546
314.18
314.2564
314.2673
314.2466
314.1427
313.9657
314.1908
314.2673
314.2782
314.2576
314.1537
313.945
314.1705
314.2468
314.2576
314.237
314.1329
313.8422
314.0657
314.141
314.1515
314.1306
314.0272
313.7625
313.9344
313.9346
314.141
313.974
314.0388
314.1816
314.2466
314.0484
314.0591
314.2561
314.2666
314.0589
314.0471
314.2665
314.2552
314.0375
313.9744
314.2459
314.1832
313.9356
313.763
314.1438
313.9378
313.9735
314.1807
314.0364
314.2437
314.2215
314.2868
314.2848
314.3505
314.2963
314.3069
314.36
314.3708
314.3068
314.2956
314.3707
314.3597
314.2863
314.2236
314.3505
314.2876
314.184
313.9775
314.2481
314.0419
314.0458
314.2529
314.0568
314.2636
314.294
314.3597
314.3046
314.3703
314.3693
314.3801
314.3799
314.3908
314.38
314.369
314.3907
314.3798
314.3598
314.297
314.3705
314.3078
314.2574
314.0515
314.2683
314.0628
314.0568
314.2636
314.0457
314.2529
314.3046
314.3703
314.2939
314.3596
314.3799
314.3908
314.3692
314.38
314.3907
314.3798
314.3799
314.3689
314.3705
314.3078
314.3597
314.2969
314.2683
314.0628
314.2573
314.0514
314.0363
314.2436
313.9732
314.1804
314.2847
314.3504
314.2213
314.2866
314.3599
314.3707
314.296
314.3067
314.3706
314.3596
314.3065
314.2954
314.3504
314.2875
314.2861
314.2232
314.2479
314.0417
314.1837
313.9771
313.9342
314.1406
313.7615
313.9335
314.1812
314.2463
313.9732
314.038
314.2557
314.2663
314.0475
314.0582
314.2661
314.2549
314.058
314.0462
314.2455
314.1828
314.0366
313.9734
314.1434
313.9373
313.9346
313.762
313.8422
313.8426
314.0251
313.9473
314.0661
314.1317
313.9677
314.1414
314.1521
313.9556
314.1519
314.1405
313.8824
314.131
314.0675
313.6755
314.0276
313.8447
314.0653
313.9452
314.129
314.1726
314.1706
314.2371
314.193
314.2469
314.2579
314.1815
314.2577
314.2466
314.1085
314.2371
314.1733
313.8847
314.1331
313.9495
314.1384
313.9657
314.1492
314.2466
314.1908
314.2574
314.2674
314.2673
314.2783
314.2561
314.2782
314.2671
314.1829
314.2576
314.1939
313.9592
314.1537
313.9706
314.1492
313.9545
314.1383
314.2574
314.18
314.2465
314.2783
314.2563
314.2673
314.2671
314.2672
314.256
314.1939
314.2466
314.1828
313.9706
314.1425
313.9591
314.1289
313.8815
314.065
314.237
314.1063
314.1723
314.2578
314.182
314.1928
314.2464
314.1926
314.1813
314.1732
314.1718
314.1081
313.9493
314.068
313.8843
314.0247
313.6748
313.8412
314.1314
313.8812
313.9463
314.1517
313.956
313.9668
314.1401
313.9665
313.9546
314.0671
313.9449
313.8814
313.8442
313.8423
313.6744
313.9188
313.7806
313.8446
313.8447
314.1086
313.9994
314.029
314.0791
314.1596
314.0742
314.0802
314.1536
314.1621
314.0846
314.0827
314.164
314.1285
314.063
314.0488
314.1427
313.9884
313.9605
313.9095
314.0403
314.1052
313.9971
314.0764
314.0258
314.301
314.242
314.2719
314.2711
314.3519
314.3168
314.3227
314.346
314.3546
314.3271
314.3254
314.3563
314.3219
314.3065
314.2925
314.3358
314.18
314.2038
314.1507
314.2331
314.1548
314.0698
314.1489
314.0758
314.3504
314.3146
314.3446
314.3204
314.4014
314.3897
314.3956
314.3955
314.4043
314.4002
314.3985
314.406
314.3717
314.3798
314.3658
314.3856
314.2302
314.2772
314.2243
314.2831
314.1582
314.0809
314.1598
314.0793
314.3537
314.3253
314.3552
314.3237
314.4047
314.4004
314.4063
314.3988
314.4076
314.4109
314.4092
314.4093
314.375
314.3905
314.3766
314.3889
314.2336
314.2881
314.2352
314.2865
314.1254
314.0603
314.1395
314.0462
314.3214
314.3053
314.3353
314.2914
314.3723
314.3804
314.3863
314.3664
314.375
314.3908
314.3891
314.3768
314.3423
314.3704
314.3565
314.3563
314.2005
314.2678
314.2147
314.2536
313.9844
313.9576
314.0367
313.9063
314.1772
314.2015
314.2313
314.1475
314.228
314.2762
314.2821
314.2221
314.2305
314.2865
314.2847
314.2323
314.1972
314.2656
314.2516
314.2113
314.0562
314.163
314.11
314.1088
313.7304
313.7313
313.792
313.9117
313.9474
313.9769
313.963
314.0221
314.028
313.9656
314.0325
314.0307
313.9317
314.0112
313.9971
313.7924
313.9086
313.857
313.9461
313.9105
313.9749
314.1367
314.1359
314.166
314.1882
314.2118
314.2178
314.1911
314.2225
314.2208
314.158
314.2018
314.1877
314.0154
314.0979
314.0449
314.0188
313.9606
314.0247
314.2104
314.1859
314.2162
314.2625
314.2623
314.2684
314.2656
314.2732
314.2716
314.2326
314.2526
314.2385
314.0897
314.1486
314.0957
314.0297
313.9641
314.0281
314.2211
314.1893
314.2196
314.2734
314.2657
314.2718
314.2766
314.2767
314.275
314.2435
314.256
314.2419
314.1007
314.1521
314.0991
314.0093
313.9309
313.9952
314.2008
314.1564
314.1867
314.2528
314.2325
314.2386
314.256
314.2433
314.2416
314.2229
314.2226
314.2085
314.0799
314.1186
314.0655
313.9063
313.7912
313.8545
314.0956
314.0123
314.042
314.147
314.0872
314.0932
314.1498
314.0977
314.0959
314.1165
314.0766
314.0625
313.9745
313.9736
313.9213
313.9856
313.9593
313.9073
314.0387
313.9849
313.958
313.9068
314.0371
314.0532
314.1608
314.1072
314.1063
313.9414
313.7996
313.8226
313.8234
313.8613
313.8619
313.8999
314.0087
313.9738
313.8833
314.0188
313.9225
314.0613
313.9666
314.0084
313.9734
313.8841
314.0181
313.9228
314.0602
313.9665
314.0776
314.1843
314.088
314.0873
314.131
314.1302
314.0349
314.1297
314.0646
314.0501
314.1441
314.1776
314.2018
314.1479
314.2317
314.1987
314.2671
314.213
314.2527
314.1306
314.0135
314.0034
314.0587
314.0429
314.1012
314.088
314.1515
314.0783
314.0244
314.1233
314.0639
314.1658
314.1089
314.2008
314.2249
314.1282
314.2112
314.1713
314.2545
314.1577
314.2217
314.2898
314.193
314.2322
314.2361
314.2755
314.1786
314.1629
314.0849
314.0835
314.1643
314.2284
314.2765
314.2225
314.2824
314.2317
314.287
314.233
314.2857
314.1812
314.0879
314.0544
314.1328
314.0938
314.1753
314.1387
314.1845
314.0985
314.0577
314.1434
314.0972
314.1858
314.142
314.2513
314.2992
314.2024
314.262
314.2455
314.3051
314.2083
314.2546
314.3097
314.213
314.2653
314.256
314.3084
314.2116
314.1584
314.0727
314.0789
314.1522
314.2309
314.2868
314.2328
314.285
314.2273
314.2754
314.2212
314.2814
314.1838
314.0983
314.057
314.1431
314.0964
314.1856
314.1413
314.1801
314.0864
314.0533
314.1316
314.0926
314.174
314.1377
314.254
314.3095
314.2128
314.2647
314.2557
314.3078
314.211
314.2504
314.2983
314.2014
314.2612
314.2443
314.3042
314.2074
314.1081
313.9996
314.0283
314.0795
314.1977
314.266
314.2118
314.252
314.1774
314.203
314.1487
314.2317
314.1506
314.0769
314.0233
314.1221
314.0627
314.1646
314.1081
314.1303
314.0138
314.0029
314.0594
314.0423
314.1019
314.0878
314.2211
314.289
314.192
314.232
314.235
314.2751
314.1781
314.2009
314.2264
314.1294
314.2118
314.1724
314.2549
314.1579
313.9227
313.7833
313.8475
313.8488
314.0567
314.1634
314.1093
314.1104
313.9898
313.9644
313.9121
314.0429
314.0115
313.975
313.8851
314.0205
313.9246
314.063
313.9691
313.9447
313.8012
313.8243
313.8247
313.8636
313.8645
313.9025
314.0811
314.1871
314.0902
314.0912
314.1333
314.1344
314.038
314.0127
313.9782
313.8864
314.0224
313.9266
314.0653
313.9699
314.1748
314.2008
314.146
314.2298
314.1256
314.0604
314.0463
314.1396
314.1952
314.2641
314.2502
314.2092
314.1277
314.0122
314.0571
314.002
314.0992
314.0408
314.0857
314.1982
314.224
314.1267
314.2095
314.1696
314.2527
314.1554
314.148
314.0752
314.0224
314.1198
314.0612
314.1619
314.1059
314.2185
314.2869
314.2299
314.1895
314.273
314.2323
314.1756
314.3222
314.3074
314.293
314.3366
314.3215
314.3054
314.2915
314.3354
314.3426
314.371
314.3571
314.3566
314.3235
314.2648
314.2513
314.2505
314.2946
314.2937
314.2804
314.3446
314.3299
314.2724
314.316
314.3156
314.359
314.3015
314.3439
314.3279
314.2709
314.3148
314.314
314.3578
314.3008
314.365
314.3933
314.3365
314.336
314.3794
314.3789
314.322
314.3552
314.3273
314.326
314.3565
314.3724
314.3805
314.3665
314.3864
314.3757
314.3911
314.3771
314.3897
314.3743
314.3393
314.3022
314.3255
314.3452
314.3684
314.3314
314.3776
314.3499
314.3055
314.3362
314.3485
314.379
314.3347
314.3947
314.4028
314.346
314.366
314.3888
314.4086
314.352
314.398
314.4134
314.3567
314.3693
314.3994
314.412
314.3553
314.351
314.3158
314.3218
314.3451
314.3752
314.3909
314.3769
314.3892
314.3716
314.3798
314.3657
314.3857
314.3771
314.3497
314.3051
314.336
314.348
314.3788
314.3343
314.3736
314.3385
314.3015
314.3249
314.3444
314.3677
314.3308
314.3976
314.4133
314.3566
314.369
314.3993
314.4116
314.355
314.3941
314.4023
314.3456
314.3656
314.3883
314.4081
314.3515
314.3015
314.2435
314.2722
314.2728
314.3425
314.3705
314.3564
314.3566
314.3222
314.3075
314.2934
314.3363
314.3447
314.3293
314.2725
314.3157
314.3155
314.3585
314.3018
314.3245
314.2667
314.2522
314.2529
314.2953
314.2959
314.2815
314.3653
314.3931
314.3364
314.3366
314.3791
314.3793
314.3225
314.3451
314.3305
314.2735
314.3163
314.3165
314.3591
314.3022
314.1122
314.0043
314.0829
314.0337
314.2007
314.2679
314.2538
314.2149
314.133
314.069
314.0546
314.1473
314.2035
314.2273
314.1312
314.2133
314.1744
314.2565
314.1604
314.1341
314.0179
314.0621
314.0067
314.105
314.0471
314.0912
314.2241
314.2911
314.2339
314.1952
314.277
314.2382
314.181
314.1548
314.0823
314.0275
314.1262
314.0679
314.169
314.1119
314.2243
314.2734
314.2184
314.2792
314.1583
314.0809
314.0793
314.1598
314.2276
314.2841
314.2825
314.2292
314.177
314.0845
314.1291
314.0517
314.1711
314.0905
314.135
314.2473
314.296
314.1987
314.2587
314.2415
314.3018
314.2045
314.1804
314.0955
314.0552
314.1399
314.0939
314.1819
314.1384
314.2507
314.3066
314.2621
314.2094
314.3051
314.2522
314.2079
314.3716
314.3802
314.3658
314.386
314.3537
314.3253
314.3237
314.3552
314.3749
314.3909
314.3893
314.3764
314.3726
314.337
314.324
314.2997
314.3669
314.3427
314.3297
314.3938
314.4024
314.3452
314.3655
314.388
314.4082
314.351
314.3759
314.3476
314.3031
314.3346
314.3461
314.3774
314.3331
314.3971
314.413
314.3688
314.3558
314.4115
314.3986
314.3543
314.4047
314.4003
314.3989
314.4061
314.4047
314.4004
314.3988
314.4063
314.4081
314.411
314.4095
314.4096
314.4236
314.4119
314.3752
314.3751
314.4178
314.4177
314.381
314.4269
314.4226
314.3786
314.3859
314.4212
314.4284
314.3844
314.4269
314.4225
314.3784
314.3859
314.421
314.4284
314.3844
314.4303
314.4332
314.3893
314.3893
314.4317
314.4318
314.3878
314.4008
314.389
314.3949
314.3948
314.4076
314.4109
314.4093
314.4092
314.4041
314.3997
314.3982
314.4056
314.4266
314.4225
314.3783
314.3858
314.4208
314.4283
314.3842
314.4232
314.4115
314.3749
314.3749
314.4174
314.4173
314.3807
314.4299
314.4331
314.3892
314.3891
314.4316
314.4315
314.3875
314.4265
314.4222
314.3782
314.3856
314.4207
314.428
314.3841
314.3514
314.3168
314.3456
314.3227
314.375
314.3905
314.389
314.3766
314.3548
314.3276
314.3261
314.3563
314.3943
314.4023
314.3459
314.3656
314.3885
314.4081
314.3518
314.3742
314.3398
314.3257
314.3029
314.3684
314.3456
314.3315
314.3977
314.413
314.369
314.3567
314.4115
314.3992
314.3551
314.3776
314.3505
314.3063
314.3364
314.349
314.3791
314.3349
314.1628
314.0786
314.1568
314.0847
314.2337
314.2881
314.2865
314.2352
314.1663
314.0899
314.0883
314.1679
314.2535
314.3004
314.2046
314.2633
314.2476
314.3063
314.2105
314.1844
314.0918
314.1357
314.0576
314.1785
314.0979
314.1417
314.2569
314.3112
314.2667
314.2155
314.3097
314.2585
314.214
314.1879
314.1031
314.0612
314.1467
314.1015
314.1895
314.1452
314.2276
314.2841
314.2292
314.2825
314.1548
314.0698
314.0758
314.1488
314.2242
314.2733
314.2791
314.2183
314.1803
314.0955
314.1399
314.0552
314.1819
314.0939
314.1383
314.2506
314.3066
314.2094
314.262
314.2522
314.3051
314.2079
314.1769
314.0845
314.0517
314.129
314.0904
314.1711
314.1349
314.2473
314.2959
314.2587
314.1986
314.3017
314.2414
314.2045
314.3749
314.3909
314.3764
314.3893
314.3503
314.3145
314.3203
314.3445
314.3715
314.3802
314.386
314.3657
314.3759
314.3476
314.3346
314.3031
314.3774
314.346
314.333
314.397
314.413
314.3558
314.3688
314.3986
314.4115
314.3543
314.3726
314.3369
314.2997
314.3239
314.3427
314.3668
314.3297
314.3937
314.4024
314.3655
314.3451
314.4081
314.388
314.3509
314.4081
314.411
314.4096
314.4095
314.4013
314.3896
314.3954
314.3955
314.4047
314.4003
314.4061
314.3989
314.4269
314.4225
314.3859
314.3784
314.4284
314.421
314.3844
314.4302
314.4332
314.3893
314.3892
314.4318
314.4317
314.3878
314.4235
314.4119
314.375
314.3752
314.4176
314.4178
314.381
314.4269
314.4225
314.3859
314.3786
314.4283
314.4211
314.3844
314.4041
314.3997
314.4056
314.3982
314.4042
314.4001
314.4059
314.3984
314.4007
314.3889
314.3948
314.3949
314.4299
314.4331
314.3891
314.3891
314.4314
314.4316
314.3875
314.4265
314.4222
314.3856
314.3782
314.428
314.4206
314.3841
314.4266
314.4224
314.3858
314.3783
314.4282
314.4207
314.3841
314.4231
314.4114
314.3748
314.3748
314.4173
314.4173
314.3807
314.3548
314.3276
314.3563
314.3261
314.3716
314.3797
314.3855
314.3658
314.3513
314.3167
314.3226
314.3455
314.3977
314.413
314.3567
314.369
314.3992
314.4115
314.3551
314.3775
314.3505
314.3364
314.3062
314.3791
314.349
314.3349
314.3943
314.4023
314.3656
314.3458
314.4081
314.3885
314.3517
314.3741
314.3397
314.3028
314.3256
314.3456
314.3683
314.3315
314.1663
314.0899
314.1679
314.0882
314.2301
314.2771
314.2831
314.2241
314.1627
314.0785
314.0846
314.1566
314.2569
314.3112
314.2155
314.2667
314.2585
314.3096
314.2139
314.1879
314.1031
314.1467
314.0611
314.1895
314.1014
314.1451
314.2534
314.3003
314.2633
314.2045
314.3062
314.2475
314.2104
314.1843
314.0917
314.0575
314.1355
314.0978
314.1783
314.1416
314.1951
314.264
314.2091
314.2501
314.105
313.9969
314.0257
314.0762
314.1746
314.2006
314.2296
314.1457
314.1478
314.0751
314.1197
314.0222
314.1618
314.061
314.1058
314.2183
314.2868
314.1894
314.2297
314.2322
314.2729
314.1755
314.1275
314.012
314.0018
314.0568
314.0406
314.0989
314.0855
314.198
314.2237
314.2093
314.1264
314.2525
314.1693
314.1552
314.3425
314.3709
314.3565
314.3569
314.3008
314.2418
314.2709
314.2717
314.322
314.3072
314.3364
314.2928
314.3438
314.3278
314.3147
314.2707
314.3577
314.3139
314.3007
314.3649
314.3932
314.3359
314.3364
314.3788
314.3792
314.3219
314.3233
314.2645
314.2503
314.2511
314.2935
314.2943
314.2802
314.3444
314.3297
314.3158
314.2722
314.3588
314.3153
314.3013
314.3756
314.391
314.3896
314.3769
314.3517
314.3166
314.3458
314.3224
314.355
314.3271
314.3563
314.3257
314.3946
314.4027
314.3659
314.3459
314.4085
314.3887
314.3518
314.3979
314.4133
314.3692
314.3566
314.4119
314.3993
314.3552
314.3741
314.3391
314.3253
314.3019
314.3682
314.3449
314.3312
314.3774
314.3496
314.336
314.3053
314.3788
314.3482
314.3345
314.3715
314.3796
314.3856
314.3655
314.3544
314.3269
314.3561
314.3251
314.3508
314.3155
314.3449
314.3215
314.3975
314.4132
314.3689
314.3565
314.4115
314.3991
314.3548
314.394
314.4022
314.3655
314.3455
314.408
314.3881
314.3513
314.3769
314.3494
314.3358
314.3048
314.3786
314.3477
314.3341
314.3734
314.3383
314.3247
314.3013
314.3675
314.3442
314.3306
314.322
314.3074
314.3362
314.2933
314.3216
314.3062
314.3356
314.2922
314.3013
314.2431
314.2726
314.2719
314.3651
314.393
314.3365
314.3362
314.3792
314.3789
314.3223
314.3449
314.3304
314.3162
314.2734
314.359
314.3163
314.3021
314.3445
314.329
314.3155
314.2722
314.3583
314.3152
314.3016
314.3243
314.2664
314.2526
314.2519
314.2957
314.295
314.2813
314.1327
314.0688
314.1471
314.0543
314.1797
314.2035
314.2329
314.1503
314.1119
314.0039
314.0333
314.0825
314.2239
314.291
314.195
314.2338
314.2381
314.2769
314.1808
314.1546
314.082
314.126
314.0273
314.1688
314.0676
314.1117
314.2032
314.227
314.213
314.1308
314.2562
314.174
314.1601
314.1338
314.0174
314.0063
314.0617
314.0467
314.1046
314.0909
314.0528
314.1605
314.1059
314.1068
313.9182
313.7798
313.8441
313.8439
313.985
313.9587
314.0382
313.9066
314.0079
313.973
314.0177
313.8836
314.0598
313.9223
313.966
314.0771
314.1839
314.0869
314.0875
314.1299
314.1306
314.0344
313.9407
313.7987
313.8227
313.8216
313.8612
313.8604
313.8992
314.0081
313.973
314.0182
313.8824
314.0607
313.9217
313.9659
314.1982
314.2668
314.2524
314.2126
314.1081
313.9988
314.0785
314.0283
314.1292
314.064
314.1436
314.0495
314.2004
314.2245
314.2109
314.1277
314.2542
314.1709
314.1572
314.2213
314.2895
314.2319
314.1925
314.2752
314.2356
314.1781
314.13
314.0128
314.058
314.0025
314.1006
314.0422
314.0874
314.1509
314.0776
314.1227
314.0235
314.1653
314.0632
314.1083
314.2313
314.2867
314.2853
314.2326
314.1591
314.0736
314.1531
314.0796
314.1624
314.0843
314.1637
314.0829
314.2509
314.2989
314.2616
314.202
314.3047
314.245
314.2078
314.2542
314.3094
314.2649
314.2125
314.308
314.2555
314.2111
314.1806
314.0872
314.1321
314.0535
314.1747
314.0931
314.1381
314.1839
314.0978
314.1427
314.0569
314.1853
314.0965
314.1414
314.2268
314.275
314.281
314.2207
314.1616
314.084
314.1634
314.0821
314.1578
314.072
314.1517
314.0783
314.2535
314.3092
314.2644
314.2123
314.3074
314.2553
314.2105
314.2499
314.2979
314.2608
314.2009
314.3039
314.2439
314.2069
314.1832
314.0976
314.1425
314.0561
314.185
314.0957
314.1407
314.1795
314.0857
314.1309
314.0524
314.1734
314.0919
314.137
314.1769
314.2026
314.2313
314.1482
314.128
314.0624
314.1421
314.0481
314.1075
313.9988
314.0788
314.0276
314.2206
314.2886
314.2316
314.1915
314.2748
314.2345
314.1776
314.2004
314.226
314.2114
314.1288
314.2546
314.1719
314.1573
314.1499
314.0761
314.1215
314.0224
314.164
314.062
314.1074
314.1297
314.013
314.0587
314.002
314.1012
314.0415
314.0871
313.9892
313.9638
314.0424
313.9115
313.9877
313.9598
314.0397
313.9087
313.922
313.7824
313.848
313.8467
314.0805
314.1867
314.0907
314.0897
314.134
314.1328
314.0375
314.012
313.9777
314.0219
313.8857
314.0648
313.926
313.9693
314.0108
313.9742
314.0198
313.8842
314.0624
313.9237
313.9683
313.9439
313.8003
313.8238
313.8233
313.8637
313.8628
313.9017
313.7908
313.9071
313.855
313.7917
313.9066
313.855
313.9721
313.9716
313.9192
313.9328
314.0124
313.998
314.0128
314.096
314.0425
314.0781
314.1172
314.0636
313.9664
314.0328
314.0314
314.0877
314.1473
314.0936
314.0984
314.1507
314.097
313.9618
314.0208
314.027
314.0982
314.1501
314.0964
314.0866
314.1465
314.0927
313.9111
313.948
313.9766
314.0771
314.1169
314.063
314.0138
314.0964
314.0425
313.7316
313.7315
313.7938
313.9741
313.975
313.9219
313.7929
313.9101
313.8576
314.0115
314.0944
314.0404
313.931
314.0094
313.9953
314.115
314.0749
314.0609
314.158
314.2021
314.1875
314.1565
314.2009
314.1868
314.2229
314.2224
314.2083
314.1916
314.2226
314.2212
314.2327
314.2529
314.2387
314.2436
314.2564
314.2421
314.1875
314.2112
314.2172
314.2435
314.2561
314.2418
314.2322
314.2525
314.2382
314.1374
314.1381
314.1671
314.2228
314.223
314.2087
314.159
314.2024
314.1881
313.9503
313.9141
313.9796
314.1188
314.0801
314.0658
313.9351
314.0149
314.0005
314.0843
314.1443
314.0902
313.9641
314.0297
314.0282
314.1477
314.0951
314.0936
314.2319
314.2525
314.2378
314.1893
314.2212
314.2196
314.2559
314.2427
314.2412
314.2659
314.2734
314.2719
314.2657
314.2734
314.2718
314.2768
314.2768
314.2753
314.2621
314.2621
314.268
314.2767
314.2766
314.275
314.2655
314.273
314.2715
314.212
314.1889
314.2179
314.2561
314.2435
314.242
314.1923
314.2229
314.2214
314.0245
313.9654
314.0306
314.1521
314.1008
314.0992
313.969
314.0357
314.0341
314.0951
314.1476
314.0935
313.9606
314.0187
314.0247
314.1442
314.0842
314.0901
314.2427
314.2559
314.2412
314.1858
314.2103
314.2162
314.2524
314.2318
314.2377
314.2768
314.2768
314.2753
314.2623
314.2624
314.2683
314.2733
314.2659
314.2718
314.273
314.2655
314.2715
314.2732
314.2656
314.2715
314.262
314.262
314.268
314.2229
314.1923
314.2214
314.2526
314.2325
314.2385
314.1888
314.2119
314.2179
314.0357
313.9689
314.0341
314.1486
314.0895
314.0956
313.9653
314.0244
314.0305
314.0748
314.1148
314.0607
313.9103
313.9459
313.9747
314.0942
314.0112
314.0402
314.2223
314.2228
314.2081
314.1357
314.1364
314.1658
314.2019
314.1577
314.1873
314.2563
314.2435
314.242
314.2116
314.188
314.2176
314.2225
314.1913
314.221
314.2524
314.2321
314.2381
314.2223
314.1909
314.2206
314.211
314.1873
314.217
314.2023
314.1589
314.1879
314.2016
314.1577
314.1875
314.1378
314.1371
314.1669
314.0147
313.9348
314.0003
314.0976
314.0151
314.0446
313.9137
313.9499
313.9793
313.9712
313.9716
313.9187
313.7305
313.7293
313.7912
313.9064
313.7898
313.8542
314.1169
314.0776
314.0631
313.9467
313.9107
313.9762
314.0118
313.9318
313.9973
314.1503
314.0979
314.0965
314.0214
313.962
314.0274
314.0321
313.9654
314.0307
314.1462
314.0861
314.0922
314.0319
313.9646
314.03
314.0201
313.9609
314.0263
314.096
314.0132
314.042
314.0105
313.9307
313.9964
313.9472
313.9101
313.9759
313.9096
313.7922
313.857
313.9078
313.7913
313.8563
313.7306
313.7306
313.793
)
;

boundaryField
{
    solid_to_air
    {
        type            compressible::turbulentTemperatureRadCoupledMixed;
        refValue        nonuniform List<scalar> 
1536
(
301.2968
301.3709
301.3816
301.3805
301.3746
301.36
301.2855
301.3011
301.2108
301.1795
301.1809
301.2333
301.2971
301.2313
301.1525
301.1283
301.1266
301.1661
301.2991
301.2155
301.1413
301.1189
301.1169
301.1525
301.2957
301.2429
301.1598
301.1342
301.133
301.1764
301.2827
301.3347
301.2486
301.2138
301.2167
301.2686
302.1262
302.1044
300.7945
300.8611
300.7932
300.8821
300.8126
300.8886
300.8163
300.8825
300.8122
300.8633
300.787
302.13
300.8545
300.7734
301.1666
301.194
301.1996
301.1994
301.1706
300.8794
300.872
300.7908
301.1889
301.2173
301.2245
301.2262
301.2002
300.9015
300.8762
300.7944
301.1937
301.2236
301.2316
301.2331
301.2064
300.9069
300.869
300.7907
301.1942
301.2256
301.2332
301.2331
301.2026
300.8981
300.8504
300.7657
301.1651
301.1978
301.2045
301.2006
301.1628
300.8741
302.1259
300.861
300.8821
300.8886
300.8826
300.8633
302.6548
300.9699
300.9733
300.9922
300.9958
301.0021
301.0022
300.9983
300.9953
300.9787
300.9731
302.5726
302.6076
300.9431
301.3675
301.2827
301.3626
301.3813
301.3348
301.2637
301.3815
301.2478
301.2179
301.3763
301.2134
301.2114
301.363
301.2163
301.2463
301.3613
301.2679
301.4233
302.6969
301.0136
300.9471
300.9624
301.3395
301.2956
301.2868
301.2264
301.2428
301.1713
301.1839
301.1597
301.1374
301.1775
301.1341
301.1312
301.2105
301.133
301.1559
301.4194
301.1764
301.4138
301.0198
301.0408
300.965
300.9692
301.2765
301.2988
301.258
301.1634
301.2153
301.1507
301.1316
301.1412
301.1217
301.1254
301.1187
301.1159
301.1475
301.1168
301.1354
301.4102
301.1525
301.4063
301.0446
301.0505
300.9692
300.965
301.2599
301.2967
301.2749
301.1511
301.2313
301.1631
301.1219
301.1526
301.1315
301.116
301.1283
301.1254
301.1356
301.1266
301.1474
301.4064
301.1662
301.4102
301.0506
301.0447
300.9623
300.947
301.2885
301.2851
301.3384
301.1719
301.3017
301.2265
301.1377
301.2113
301.184
301.1315
301.1798
301.1776
301.1562
301.1811
301.2105
301.4139
301.2337
301.4195
301.0409
301.0199
300.9429
302.6072
301.3634
301.2967
301.3676
302.6541
300.9699
301.2662
301.3711
301.3816
300.9733
300.9922
301.219
301.3818
301.3819
300.9959
301.0021
301.2123
301.3807
301.3766
301.0023
300.9984
301.2474
301.3749
301.3633
300.9954
300.9788
301.4234
301.3601
301.3613
301.0138
300.9732
302.6968
302.5723
300.8571
300.7847
300.8505
300.7658
301.1566
300.8786
300.8125
301.1651
301.1993
300.8883
300.8169
301.1978
301.2051
300.8854
300.8129
301.2045
301.1998
300.8679
300.7949
301.2007
301.1717
302.0705
300.8005
301.1629
300.8741
300.8129
301.1653
300.8691
300.7907
301.196
301.1984
301.1941
301.2311
301.2005
301.2255
301.2336
301.196
301.2331
301.2279
301.1736
301.233
301.2029
300.8217
301.2025
300.8981
300.8415
301.1944
300.8763
300.7944
301.1999
301.2245
301.1937
301.2308
301.2253
301.2236
301.232
301.22
301.2316
301.2261
301.1981
301.233
301.2032
300.8416
301.2064
300.9069
300.8456
301.2003
300.872
300.7907
301.194
301.2313
301.1889
301.224
301.2325
301.2173
301.2248
301.2266
301.2244
301.2196
301.2035
301.2261
301.1978
300.8457
301.2001
300.9015
300.8416
301.1962
300.8544
300.7733
301.1651
301.2315
301.1667
301.1982
301.2341
301.1942
301.2004
301.2284
301.1998
301.1959
301.2033
301.1995
301.1737
300.8416
301.1706
300.8795
300.8218
301.1567
302.1041
300.7944
300.857
300.7847
301.1994
300.7932
300.8785
300.8125
301.2053
300.8127
300.8883
300.8169
301.2
300.8164
300.8854
300.813
301.1718
300.8123
300.8679
300.795
300.813
300.7871
302.1297
302.0701
300.8005
301.3354
301.3788
301.3158
302.3577
302.3353
301.334
301.2673
301.3507
301.3764
301.3554
301.145
301.1526
301.3165
301.3826
301.3232
301.1673
301.1701
301.2983
301.3797
301.3002
301.172
301.1713
301.3025
301.3715
301.2997
301.1648
301.1602
301.3122
301.3589
301.3142
301.1421
301.1529
302.4101
301.3697
301.3352
301.3365
301.29
301.1
301.1063
301.2443
301.2704
301.2762
301.1754
301.1989
301.1864
301.1549
301.1769
301.1572
301.1632
301.1867
301.1576
301.2326
301.2548
301.208
301.2124
301.2212
301.3209
301.3232
301.2984
301.1183
301.1204
301.1926
301.2
301.223
301.1373
301.143
301.1462
301.1209
301.126
301.123
301.1249
301.1303
301.1212
301.1834
301.1909
301.1586
301.2354
301.2381
301.3187
301.317
301.2987
301.1222
301.1214
301.188
301.1853
301.218
301.1343
301.1324
301.1429
301.1183
301.1167
301.1203
301.1219
301.1202
301.1183
301.1787
301.1766
301.1543
301.2401
301.2392
301.3314
301.3277
301.2929
301.1157
301.1112
301.2253
301.2107
301.2572
301.1611
301.1497
301.1714
301.1421
301.1318
301.1443
301.1486
301.1372
301.1436
301.2151
301.202
301.1896
301.2329
301.2274
301.33
301.3374
301.2861
301.0955
301.1117
301.3352
301.3077
301.3531
301.2739
301.2351
301.286
301.2498
301.2107
301.2528
301.2606
301.2229
301.2552
301.3001
301.2839
301.2945
301.2057
301.2179
302.3573
301.3342
301.1451
301.1527
301.1674
301.1703
301.1722
301.1715
301.165
301.1604
301.1422
301.153
301.2592
300.842
301.0282
300.8241
301.0064
301.2469
300.8036
300.8677
301.2311
301.2674
300.8158
300.8852
301.2628
301.2691
300.8157
300.8883
301.2694
301.2563
300.8071
300.8785
301.263
301.2
300.7838
300.8758
301.2239
301.2504
301.2358
300.783
300.8602
301.2098
301.1881
301.1857
301.2241
301.1995
301.2171
301.2236
301.1987
301.2241
301.2129
301.19
301.2228
301.1562
301.1389
301.19
301.2687
301.2649
300.7937
300.8743
301.221
301.2148
301.1937
301.2323
301.2245
301.2239
301.231
301.2232
301.2319
301.2213
301.2145
301.2329
301.1686
301.1639
301.2053
301.2693
301.2701
300.7937
300.8755
301.2194
301.2207
301.192
301.2296
301.2315
301.2213
301.2282
301.2302
301.2291
301.2191
301.2207
301.2307
301.168
301.1689
301.2046
301.2557
301.2628
300.7854
300.8648
301.2085
301.2195
301.1838
301.2193
301.2327
301.2122
301.2182
301.2319
301.2188
301.2095
301.2215
301.2195
301.1577
301.1662
301.1919
301.1991
301.2219
300.7657
300.8658
301.1515
301.1853
301.1336
301.1656
301.2031
301.1606
301.1657
301.2035
301.1658
301.1562
301.1915
301.1632
301.1068
301.1322
301.1318
301.1408
301.1622
302.724
301.2495
301.3415
301.0419
301.0012
301.0768
301.1643
301.1588
301.0454
300.9802
301.0529
301.0657
300.9867
301.0598
301.1723
301.1713
301.0693
300.999
301.0725
301.0753
301.0008
301.0741
301.1676
301.1699
301.0752
301.0018
301.0747
301.0709
301.0005
301.0732
301.1478
301.1548
301.0676
300.9909
301.0629
301.0498
300.9853
301.0569
302.3256
301.2925
301.0434
300.9899
301.0604
302.6782
301.1873
301.2679
301.0957
301.1118
302.7022
301.1807
301.2532
301.0018
300.9649
301.025
301.3466
301.3667
301.3586
301.3303
301.2863
301.3375
301.3591
301.3681
301.3642
301.342
301.3787
301.3337
301.3362
301.3526
301.309
301.3166
301.2999
301.2827
301.3099
301.3815
301.3047
301.2745
301.285
301.2357
301.2646
301.2568
301.2249
301.2976
301.378
301.2978
301.2502
301.2521
301.2111
301.2494
301.2501
301.2097
301.3065
301.3681
301.3098
301.2607
301.2546
301.2231
301.269
301.2789
301.2324
301.3266
301.3802
301.4317
301.2999
301.2937
301.2841
301.3107
301.4209
301.3044
301.2056
301.2177
302.7868
301.2648
301.3693
301.1062
301.0365
301.1299
301.1158
301.1113
301.0064
300.953
301.0126
301.0226
300.9581
301.0182
301.3421
301.3527
301.32
301.3316
301.2929
301.3279
301.3295
301.3005
301.3187
301.2197
301.245
301.2013
301.2252
301.2567
301.2111
301.2016
301.1838
301.1879
301.1675
301.1901
301.1616
301.1608
301.1711
301.1498
301.1535
301.1477
301.1427
301.154
301.1759
301.1552
301.1419
301.1442
301.1318
301.1408
301.1415
301.1304
301.1717
301.1958
301.1859
301.1484
301.1436
301.1373
301.1554
301.1682
301.1433
301.2716
301.2861
301.4191
301.2147
301.1895
301.2024
301.2575
301.4152
301.2475
301.2328
301.2272
301.1135
301.028
301.1227
301.1366
301.035
301.1303
301.1222
301.1214
301.0252
300.9673
301.0275
301.0293
300.9685
301.0286
301.3047
301.3099
301.2689
301.3188
301.2986
301.3173
301.2994
301.261
301.2959
301.1722
301.179
301.1568
301.188
301.2175
301.1857
301.1679
301.1526
301.1656
301.1312
301.1366
301.1263
301.1341
301.1428
301.1325
301.1282
301.1233
301.1264
301.1198
301.1248
301.1203
301.1182
301.1202
301.1167
301.117
301.1173
301.1154
301.13
301.1358
301.1411
301.1219
301.1183
301.1202
301.1267
301.1371
301.1247
301.2314
301.2378
301.4085
301.1785
301.1543
301.1769
301.2268
301.4066
301.2251
301.24
301.2391
301.1404
301.0478
301.1436
301.1464
301.0495
301.1453
301.1182
301.1203
301.0293
300.9685
301.0286
301.0252
300.9673
301.0274
301.3002
301.2967
301.2634
301.3211
301.2982
301.3235
301.3041
301.267
301.3093
301.1683
301.1658
301.1532
301.1927
301.2228
301.2006
301.1721
301.1563
301.1789
301.1284
301.1266
301.1235
301.1373
301.1462
301.1432
301.1312
301.1261
301.1366
301.1172
301.1155
301.1176
301.1209
301.123
301.1261
301.1198
301.1201
301.1248
301.1269
301.1249
301.1375
301.1249
301.1212
301.1305
301.13
301.1408
301.1358
301.2271
301.2251
301.4069
301.1833
301.1586
301.1913
301.2312
301.4083
301.2378
301.2355
301.2381
301.1464
301.0495
301.1454
301.1404
301.0478
301.1436
301.0999
301.1061
301.0225
300.958
301.0181
301.0063
300.9529
301.0125
301.33
301.3195
301.3027
301.3354
301.2898
301.3367
301.3416
301.3188
301.3522
301.2019
301.1884
301.1847
301.2449
301.2766
301.2712
301.2196
301.2009
301.2449
301.1539
301.143
301.1482
301.1757
301.1867
301.1995
301.1675
301.1613
301.1902
301.1411
301.1307
301.1419
301.1552
301.1575
301.1774
301.1541
301.155
301.176
301.1558
301.1436
301.1688
301.1635
301.1579
301.1872
301.1717
301.1856
301.1959
301.258
301.2476
301.4155
301.2329
301.2084
301.2555
301.2716
301.4191
301.2863
301.2125
301.2213
301.1367
301.0351
301.1304
301.1137
301.0281
301.1228
302.3349
301.267
301.0016
300.9647
301.0249
302.7018
301.1804
301.2529
301.3591
301.3645
301.3695
301.3352
301.3154
301.3786
301.3464
301.3589
301.3667
301.1408
301.1623
302.7234
301.2498
301.3419
301.042
301.0013
301.077
301.3163
301.2836
301.3024
301.3506
301.356
301.3763
301.3414
301.3341
301.3788
301.1644
301.1588
301.0455
300.9802
301.053
301.0658
300.9867
301.0599
301.2643
301.2253
301.2586
301.3165
301.324
301.3827
301.3094
301.3051
301.3817
301.1724
301.1714
301.0694
300.9991
301.0727
301.0755
301.0009
301.0743
301.2492
301.2101
301.2516
301.2984
301.3008
301.3798
301.2972
301.2981
301.3782
301.1678
301.1701
301.0754
301.0019
301.0749
301.0711
301.0006
301.0734
301.2691
301.233
301.2803
301.3026
301.3003
301.3717
301.3062
301.31
301.3683
301.1479
301.1549
301.0679
300.991
301.0631
301.0499
300.9854
301.0571
301.3109
301.3044
301.4211
301.3124
301.3146
301.3591
301.3266
301.4317
301.3803
302.41
302.3256
301.3698
301.2926
301.1064
301.0366
301.13
301.0436
300.9899
301.0606
302.7865
302.6781
301.2648
301.1873
301.3694
301.268
301.1947
300.784
300.8755
301.2173
301.1992
300.7658
300.866
301.2221
301.1023
301.1268
301.1264
301.2529
300.8069
300.8735
301.2607
301.1515
301.1339
301.1857
301.1539
301.1625
301.1889
301.2683
300.816
300.887
301.2698
301.1655
301.1608
301.2035
301.1651
301.1666
301.2032
301.2684
300.8156
300.8874
301.2654
301.1654
301.166
301.2037
301.1657
301.1623
301.2038
301.251
300.8045
300.8738
301.2373
301.156
301.1634
301.1916
301.1542
301.1393
301.189
301.2563
300.8385
301.0069
300.8635
301.0324
301.1067
301.1318
301.1321
301.193
300.8084
300.8885
301.2163
301.1493
301.1332
301.1839
301.2558
300.7856
300.8649
301.2628
301.1508
301.1864
301.1586
301.2097
301.1876
301.2215
301.2087
301.1842
301.2198
301.2063
301.2184
301.2176
301.223
301.1985
301.2251
301.2194
301.2126
301.2328
301.2177
301.2198
301.2311
301.2247
301.2
301.2197
301.2183
301.2191
301.2319
301.2198
301.2147
301.2332
301.2135
301.1913
301.194
301.2095
301.2198
301.2215
301.2121
301.1922
301.2237
301.2446
301.2289
300.8328
300.8869
301.1577
301.192
301.1661
301.2496
300.8357
300.8927
301.2572
301.1606
301.1565
301.1992
301.2693
300.7938
300.8756
301.2701
301.1599
301.1987
301.1608
301.2171
301.2109
301.2312
301.2195
301.1924
301.2208
301.2149
301.229
301.2162
301.2302
301.2227
301.2329
301.2297
301.2217
301.2316
301.2274
301.23
301.2293
301.233
301.2254
301.227
301.2283
301.2295
301.2302
301.2303
301.2243
301.2321
301.2252
301.2188
301.2035
301.2191
301.231
301.2207
301.2236
301.2018
301.225
301.2631
301.2586
300.8448
300.9044
301.1681
301.2048
301.1688
301.2636
300.8449
300.9059
301.2643
301.1599
301.1609
301.1987
301.2686
300.7937
300.8743
301.2647
301.1605
301.1991
301.1562
301.2149
301.2165
301.229
301.221
301.1939
301.2147
301.2171
301.231
301.2104
301.2274
301.2296
301.23
301.2323
301.2243
301.2245
301.2302
301.2328
301.2223
301.2304
301.2325
301.2243
301.2311
301.2322
301.2232
301.2331
301.227
301.225
301.2236
301.2253
301.2018
301.2214
301.2332
301.2146
301.2253
301.2035
301.2186
301.2636
301.2644
300.8448
300.906
301.1688
301.2055
301.1638
301.2631
300.8449
300.9044
301.2585
301.1507
301.1587
301.1862
301.2502
300.7829
300.8601
301.2356
301.1492
301.1836
301.1331
301.2061
301.2178
301.2183
301.2096
301.1858
301.1881
301.2095
301.2212
301.1874
301.2177
301.2313
301.2197
301.2241
301.2173
301.1997
301.2229
301.225
301.1985
301.2198
301.2336
301.2147
301.2236
301.2243
301.199
301.2246
301.2197
301.2
301.2121
301.224
301.1924
301.213
301.223
301.1904
301.2134
301.194
301.1913
301.2495
301.2573
300.8357
300.8927
301.1563
301.1901
301.139
301.2445
300.8329
300.8869
301.2289
301.1023
301.1263
301.1265
301.259
300.8239
301.0063
300.8419
301.0282
301.1946
301.217
300.784
300.8754
301.1541
301.1888
301.1623
301.2468
301.2309
300.8035
300.8676
301.2529
301.2604
300.8069
300.8733
301.1654
301.2032
301.1665
301.2674
301.2626
300.8158
300.8851
301.2684
301.2696
300.8161
300.8869
301.166
301.2038
301.1623
301.2692
301.2691
300.8158
300.8883
301.2686
301.2653
300.8157
300.8873
301.1545
301.189
301.1393
301.2564
301.2628
300.8071
300.8785
301.2511
301.2373
300.8046
300.8738
301.1931
301.2162
300.8085
300.8884
301.2001
301.2238
300.7839
300.8758
301.2564
300.8636
301.0324
300.8386
301.0067
)
;
        refGradient     nonuniform List<scalar> 
1536
(
0.01031948
0.005579407
0.003989642
0.003288557
0.002884932
0.003643182
0.007080547
0.0009339595
-0.0007305143
-0.001497518
-0.001993634
-0.001304576
0.006090823
-0.0001069582
-0.001798129
-0.002594077
-0.003125492
-0.002477109
0.005996527
-0.0002196569
-0.00192556
-0.00273998
-0.003293048
-0.002672458
0.006255939
2.457177e-05
-0.00168751
-0.002508749
-0.003070377
-0.002456348
0.007771973
0.001593744
-0.0001099049
-0.0009259264
-0.001477983
-0.0008581452
-0.01360281
0.01746799
-1.333194
-0.03330366
-1.343792
-0.03432926
-1.345122
-0.03449735
-1.345308
-0.03438296
-1.344923
-0.03310946
-1.343092
-0.05433632
0.005852268
-1.334247
-1.348507
-1.349867
-1.350055
-1.34968
-1.347806
-0.07588654
0.005008916
-1.335542
-1.349829
-1.351204
-1.351398
-1.351025
-1.349141
-0.07766185
0.004927691
-1.335738
-1.350021
-1.351399
-1.351594
-1.35122
-1.349337
-0.07828247
0.00507
-1.335371
-1.349655
-1.351029
-1.351222
-1.350848
-1.348965
-0.07826149
0.006342588
-1.333537
-1.347762
-1.349113
-1.3493
-1.348923
-1.347057
-0.07667108
-0.01982181
-0.0394627
-0.04048618
-0.04065092
-0.0405321
-0.03925255
-0.001087967
-0.01595673
-0.01658054
-0.01755554
-0.01769356
-0.0178719
-0.01789221
-0.0178447
-0.01775676
-0.01696337
-0.01640635
-0.01803516
0.02469356
0.02291392
0.006321071
0.007672203
0.002346194
0.004248567
0.001565858
0.0001804932
0.003437423
-9.068161e-05
-0.000684182
0.002936384
-0.0008496526
-0.001260305
0.003240445
-0.00133393
-0.00103411
0.005029939
-0.0006345679
0.001046067
-0.0338674
-0.04257084
0.02234842
0.02152523
0.001719675
0.006200851
0.0008002487
-0.000458013
8.727695e-06
-0.001399418
-0.001329803
-0.001677214
-0.002292868
-0.001916892
-0.00246681
-0.002906606
-0.001702337
-0.002990859
-0.002722333
0.000369605
-0.002332739
-0.0007187862
-0.04337148
-0.0447899
0.02142614
0.02133564
0.0006849242
0.005990294
0.000571899
-0.001519067
-0.000221531
-0.001641813
-0.002418565
-0.001924442
-0.002555736
-0.003039351
-0.002735273
-0.003193246
-0.002863881
-0.003284088
-0.003038544
-0.0008843974
-0.002658525
-0.001113146
-0.04504962
-0.04550444
0.02133704
0.02143592
0.00057434
0.006134009
0.0007018336
-0.001642342
-9.453986e-05
-0.001521335
-0.002559572
-0.001806109
-0.00244459
-0.003201132
-0.002626817
-0.003093627
-0.003051243
-0.003187669
-0.002951413
-0.001136823
-0.002573872
-0.001048554
-0.04558434
-0.04560412
0.02153783
0.02236979
0.0008216835
0.007169617
0.001753933
-0.001402859
0.0009590294
-0.0004636112
-0.00232648
-0.0007476401
-0.001384218
-0.002976219
-0.001565687
-0.002029508
-0.002834365
-0.00212246
-0.001883431
-0.0009284999
-0.001504578
3.020786e-05
-0.04549877
-0.04452284
0.02293861
0.02305919
0.002384336
0.01040432
0.006317817
-0.007139853
-0.02133773
0.0001739297
0.005558681
0.004169983
-0.02195905
-0.02292492
-0.0007453686
0.003889872
0.003267993
-0.02305946
-0.02322612
-0.001386455
0.003093863
0.002659338
-0.02324213
-0.02318029
-0.001236684
0.002578219
0.002837567
-0.02308707
-0.02227595
0.0006664575
0.003205795
0.004479842
-0.04386079
-0.02171241
-0.03649844
-0.01994174
-0.03270994
-1.343076
0.00638783
-1.333544
-1.347022
-0.03420668
-1.34495
-1.347769
-1.348945
-0.03447982
-1.345313
-1.34912
-1.34931
-0.03446118
-1.345096
-1.349306
-1.349103
-0.03364323
-1.343794
-1.34893
-1.347791
-0.02934993
-1.346589
-1.347065
-0.07506005
-1.354436
-1.347754
0.005095992
-1.335373
-1.348897
-1.349691
-1.349657
-1.350853
-1.350059
-1.351031
-1.351226
-1.349853
-1.351224
-1.351023
-1.348537
-1.35085
-1.349702
-1.355154
-1.348967
-0.07737748
-1.356306
-1.349068
0.00493065
-1.335738
-1.34926
-1.351026
-1.350021
-1.35122
-1.351401
-1.351399
-1.351596
-1.351198
-1.351594
-1.351394
-1.349876
-1.35122
-1.350072
-1.35648
-1.349337
-0.07818288
-1.356681
-1.34926
0.004988523
-1.335541
-1.349066
-1.35122
-1.349827
-1.351025
-1.351596
-1.351203
-1.3514
-1.351394
-1.351397
-1.351197
-1.350072
-1.351023
-1.349875
-1.356681
-1.349139
-0.07835319
-1.356477
-1.348895
0.005811154
-1.334242
-1.347749
-1.350851
-1.348503
-1.349687
-1.351225
-1.349862
-1.350054
-1.351021
-1.350051
-1.349848
-1.3497
-1.349675
-1.348532
-1.356302
-1.3478
-0.07732383
-1.355146
-1.347015
0.0161382
-1.334318
-0.03886919
-1.344835
-1.348939
-1.345552
-0.04036428
-1.346709
-1.349304
-1.346882
-0.04063432
-1.347072
-1.349096
-1.347067
-0.04061156
-1.346856
-1.347784
-1.346682
-0.03978802
-1.345553
-1.354426
-1.344851
-0.05755539
-0.03305726
-1.347712
0.006895179
0.00853549
0.009433493
-0.001758438
0.02689741
-0.002663373
0.02506519
0.003110424
0.00501157
0.003691332
-0.004960059
-0.005442568
0.001842624
0.003779207
0.002061535
-0.006198268
-0.006316161
0.00117661
0.003151435
0.001324158
-0.006516485
-0.006552145
0.0008767675
0.002897888
0.0008754896
-0.006497998
-0.006372309
0.002189778
0.004225148
0.001597576
-0.00526793
-0.00460073
-0.01937843
-0.01721565
0.003897931
0.004324935
0.006663756
0.02250124
0.02210531
-0.0001036816
0.0003387813
0.0004938864
-0.001405351
-0.0009553327
-0.001178591
-0.002113871
-0.001655276
-0.001953597
-0.002474617
-0.002005225
-0.002460155
-0.001179411
-0.0007000115
-0.001781268
-0.01953533
-0.02009982
0.003244852
0.003309496
0.006029545
0.02158138
0.02153174
-0.0007759832
-0.0007087055
-0.0001731871
-0.002101794
-0.002029628
-0.001868807
-0.002838038
-0.002760008
-0.002670427
-0.003231608
-0.003146691
-0.003208427
-0.001981149
-0.001886064
-0.002568886
-0.02104471
-0.02120632
0.003224082
0.003204313
0.006018165
0.02151845
0.02154154
-0.0008078774
-0.0008244143
-0.0002022874
-0.002147292
-0.002161375
-0.001910638
-0.002899876
-0.002910988
-0.002727922
-0.003312793
-0.003320352
-0.003284446
-0.002086854
-0.002090907
-0.002667492
-0.02146804
-0.02149777
0.003652113
0.003458779
0.006448303
0.02176839
0.021952
-0.0003891849
-0.0005820734
0.0002174974
-0.001731282
-0.001924838
-0.001493878
-0.002487836
-0.002681735
-0.00231478
-0.002905612
-0.003099871
-0.002876091
-0.001678466
-0.001874651
-0.002261083
-0.02133425
-0.02113867
0.005833896
0.004996469
0.008574446
0.0232361
0.02402281
0.001875332
0.0009907542
0.002474859
0.000540493
-0.0003463261
0.0007769343
-0.0002068955
-0.001096908
-3.711641e-05
-0.000607371
-0.001505131
-0.0005820646
0.0006125183
-0.0002768461
3.81469e-05
-0.01971271
-0.01889176
-0.003642103
-0.002757906
-0.005247189
-0.00576521
-0.006637526
-0.006797797
-0.007135857
-0.007221092
-0.007326786
-0.007258219
-0.006336937
-0.005748207
-1.340535
-1.339612
-0.02808798
-1.331741
0.00941483
-1.345835
-1.344316
-0.03372565
-1.345308
-1.346749
-1.345228
-0.03440433
-1.346643
-1.346795
-1.345274
-0.03450444
-1.346828
-1.346195
-1.344671
-0.03424212
-1.346447
-1.343851
-1.342311
-0.03244626
-1.344604
-1.343847
-1.343334
-1.334757
0.005485295
-1.349574
-1.349047
-1.349032
-1.350505
-1.349973
-1.350398
-1.350558
-1.350025
-1.350588
-1.349962
-1.349429
-1.350214
-1.347576
-1.347049
-1.348335
-1.344738
-1.344633
-1.335648
0.004963329
-1.350478
-1.350374
-1.349933
-1.351418
-1.351313
-1.35131
-1.351475
-1.351369
-1.351504
-1.350878
-1.350772
-1.351131
-1.348487
-1.348381
-1.349247
-1.344799
-1.344827
-1.33571
0.004931735
-1.350539
-1.350566
-1.349994
-1.35148
-1.351507
-1.351371
-1.351537
-1.351564
-1.351566
-1.35094
-1.350968
-1.351193
-1.348549
-1.348578
-1.349309
-1.344212
-1.344462
-1.33512
0.005212469
-1.349947
-1.3502
-1.349404
-1.350881
-1.351137
-1.350774
-1.350936
-1.351192
-1.350966
-1.35034
-1.350596
-1.350592
-1.347948
-1.348204
-1.348709
-1.341711
-1.342613
-1.332659
0.007142905
-1.347334
-1.348298
-1.346803
-1.348251
-1.349219
-1.348146
-1.3483
-1.349269
-1.348331
-1.347702
-1.348672
-1.347953
-1.34535
-1.346306
-1.346097
-0.004301685
-0.003456959
-0.0005571552
-0.01204312
-0.01033558
-0.01409097
-0.01495008
-0.01308458
-0.006029888
-0.005788362
-0.01472187
-0.01703076
-0.01517811
-0.01571251
-0.01734508
-0.01549755
-0.00646667
-0.006401925
-0.01585416
-0.01778124
-0.01594515
-0.01604125
-0.01783696
-0.01600377
-0.006556354
-0.006568677
-0.01606365
-0.01789873
-0.01607175
-0.01601979
-0.01788618
-0.01606042
-0.005794179
-0.006148662
-0.01593253
-0.01760168
-0.01577738
-0.01513764
-0.01734819
-0.01552341
-0.006967462
-0.00431159
-0.01457961
-0.01587048
-0.01405431
-0.01663762
-0.0169488
-0.01450218
0.02307051
0.02386361
0.02502891
0.02458159
0.02581081
0.02423145
0.02366979
0.02498371
0.005451745
0.007276444
0.004451899
0.00576434
0.008464912
0.004932645
0.004244047
0.00321764
0.003387161
0.002667955
0.004578899
0.002328666
0.001857997
0.002445388
0.0009737799
0.00141168
0.001069427
0.0005246908
0.001653631
0.003598908
0.001482879
0.0005780537
0.0007996969
-0.0003138818
0.0003859868
0.0002116516
-0.0005076033
0.001044909
0.003030835
0.0009389888
-0.0001033051
4.882346e-05
-0.00100483
-0.0002401353
-0.0003516405
-0.001144962
0.0009729678
0.003005392
0.001199183
-0.0004256057
-0.0004210873
-0.001342408
-0.0003346895
-0.0001118462
-0.00125486
0.002882849
0.004858206
0.003143634
0.0008874236
0.0002871884
-2.983391e-05
0.001596665
0.001943306
0.0006877237
-0.01878349
-0.01785905
-0.03179724
-0.03971741
-0.03224624
-0.03403978
-0.04151995
-0.03307836
0.02167742
0.02184168
0.02366544
0.02195411
0.02327145
0.02284541
0.02169068
0.02300908
0.002335868
0.002768538
0.001282663
0.003609199
0.00638157
0.003423295
0.002044368
0.0009889378
0.001856833
-0.0005567876
-0.0001121654
-0.0009044481
-0.0004009285
0.0001984741
-0.0005920165
-0.0008557987
-0.001205129
-0.001048258
-0.001603073
-0.001151091
-0.001783767
-0.001709689
-0.001481246
-0.001907295
-0.0019092
-0.002091778
-0.002108352
-0.002259632
-0.001798425
-0.002380736
-0.00242618
-0.002263808
-0.002631092
-0.002574146
-0.002697591
-0.002780938
-0.002392832
-0.001920714
-0.002176858
-0.002796531
-0.0027796
-0.003010055
-0.0027172
-0.002503826
-0.00293301
-0.0004662992
1.73066e-05
-0.0001241009
-0.001512847
-0.002111193
-0.00173813
-0.0008057971
-0.0004757138
-0.001037089
-0.02082248
-0.02051791
-0.03482553
-0.04398281
-0.03542258
-0.03620331
-0.04444479
-0.03587094
0.02150817
0.02151077
0.02274903
0.02137217
0.02269821
0.02266946
0.02134546
0.02267515
0.001676688
0.001742115
0.0006190522
0.003212008
0.005999473
0.003200291
0.001643134
0.0005850136
0.001630555
-0.00123481
-0.001166445
-0.001588544
-0.0008113126
-0.0002077729
-0.0008257006
-0.001271011
-0.001625643
-0.001286072
-0.002305973
-0.002232412
-0.002493489
-0.002141357
-0.001907244
-0.00215951
-0.002346744
-0.002535468
-0.002365801
-0.002991426
-0.002911774
-0.003120606
-0.00288278
-0.002713832
-0.002905361
-0.003037558
-0.003168161
-0.003061268
-0.003159024
-0.003072024
-0.002953107
-0.003282433
-0.003257618
-0.003310282
-0.003211555
-0.003007581
-0.003240822
-0.001291414
-0.001191169
-0.0009948212
-0.002040678
-0.002625721
-0.00207557
-0.001355243
-0.00106763
-0.001393352
-0.02141031
-0.02132485
-0.03645096
-0.04524478
-0.03663536
-0.03687711
-0.04539305
-0.03677406
0.02165256
0.02158284
0.02267558
0.02134967
0.02269344
0.02279137
0.02137917
0.02272858
0.00165237
0.00163363
0.0005923578
0.003264912
0.006060567
0.003337376
0.001692103
0.0006312597
0.001763479
-0.00126981
-0.001285754
-0.001626884
-0.0007703908
-0.0001642378
-0.0007010445
-0.001232673
-0.001590024
-0.001163537
-0.002355317
-0.002368706
-0.002546828
-0.002111574
-0.001874453
-0.002043458
-0.002320057
-0.002512051
-0.002252132
-0.003057803
-0.003068042
-0.003191706
-0.002866416
-0.002693855
-0.00279973
-0.003024937
-0.003159457
-0.002958571
-0.003245661
-0.003252229
-0.003045529
-0.003282038
-0.003253004
-0.003217094
-0.003215463
-0.003015844
-0.003150768
-0.001408482
-0.001411119
-0.001138536
-0.002057904
-0.002638327
-0.001993073
-0.001379872
-0.001112642
-0.00131442
-0.02144517
-0.02149367
-0.03694981
-0.04563239
-0.03699186
-0.03695549
-0.04564255
-0.03699734
0.02264888
0.02223453
0.02289957
0.0217061
0.02307484
0.02375383
0.02197244
0.02334861
0.002077123
0.001883958
0.001014801
0.003948061
0.006741818
0.004382039
0.002374145
0.001312835
0.002812049
-0.0008517952
-0.001044921
-0.00120946
-9.018644e-05
0.0005158712
0.0003540336
-0.000552103
-0.0009091882
-0.0001069911
-0.001940174
-0.002133834
-0.002132668
-0.001430728
-0.001193563
-0.0009844081
-0.001639239
-0.001831366
-0.001192466
-0.002646962
-0.002840924
-0.002782114
-0.002186094
-0.00201337
-0.001737729
-0.002344738
-0.002479409
-0.001895569
-0.002839433
-0.003033784
-0.002639726
-0.00260231
-0.002573158
-0.002150885
-0.002535692
-0.00233563
-0.002083667
-0.0009966427
-0.001194519
-0.0007299525
-0.001373195
-0.001956714
-0.0009209609
-0.0006896008
-0.0004216525
-0.0002373216
-0.02036528
-0.02082681
-0.0368482
-0.04530501
-0.03665334
-0.0358722
-0.04499073
-0.03633911
0.02595963
0.02502768
0.02433095
0.02367053
0.0250645
0.02345988
0.02432053
0.02561623
0.004296498
0.00343568
0.003258521
0.006963237
0.009546353
0.008572413
0.005500478
0.004487276
0.007290625
-0.004554938
-0.003668269
-0.006532464
-0.01848708
-0.01361826
-0.01521138
-0.02051233
-0.01438885
0.001416256
0.0005301631
0.001060673
0.003118666
0.003713504
0.004972481
0.002661548
0.002306933
0.004520521
-0.006428547
-0.006148173
-0.01585144
-0.02240646
-0.01631723
-0.01687206
-0.02271773
-0.01664666
0.0003329502
-0.0005541835
0.0001425245
0.001787838
0.002023675
0.003657214
0.001581118
0.001391889
0.003453694
-0.007038324
-0.006927689
-0.01702464
-0.02314345
-0.01712704
-0.01724734
-0.02319528
-0.01719754
-0.0003621317
-0.001253801
-0.000492731
0.001046124
0.001213847
0.002930372
0.00089337
0.0007655581
0.002782322
-0.007329969
-0.007289033
-0.01728252
-0.02324411
-0.01730386
-0.01727964
-0.02322679
-0.0173062
-0.0005380753
-0.001437226
-0.0003376224
0.0006567968
0.0006792541
0.002560312
0.0007282821
0.0009288517
0.002635766
-0.006800155
-0.007093624
-0.01720687
-0.02292639
-0.01706659
-0.01645772
-0.022667
-0.01682787
0.001280668
0.0004030137
0.001523399
0.001863842
0.001300593
0.003751185
0.002516086
0.002672595
0.004342523
-0.02108237
-0.008915758
-0.01841711
-0.005645002
-0.03521208
-0.04296436
-0.0343884
-0.01591567
-0.02095285
-0.01525895
-0.03433259
-0.01869073
-0.04147973
-0.02004359
-0.03383542
-0.0151465
-1.343455
-1.342013
-0.03167419
-1.34458
-1.34169
-1.332645
0.007218339
-1.34262
-1.344868
-1.346037
-1.345835
-1.346213
-1.344693
-0.03401635
-1.34647
-1.347307
-1.346776
-1.348304
-1.347688
-1.347945
-1.348687
-1.346809
-1.345288
-0.03445092
-1.346833
-1.348224
-1.348119
-1.349225
-1.348284
-1.348308
-1.349286
-1.346729
-1.345207
-0.03449557
-1.34662
-1.348272
-1.348304
-1.349275
-1.348207
-1.348099
-1.34921
-1.345828
-1.344304
-0.03400619
-1.345316
-1.347675
-1.347926
-1.348679
-1.347306
-1.346791
-1.348309
-1.344334
-1.342344
-0.03172909
-1.351701
-0.07018328
-1.345325
-1.346071
-1.346314
-1.345957
-1.353456
-0.07381884
-1.346945
-1.347077
-1.34656
-1.348276
-1.344214
-1.335123
0.005243822
-1.344463
-1.347446
-1.348647
-1.347696
-1.349961
-1.349432
-1.350222
-1.349949
-1.349406
-1.350202
-1.350338
-1.350599
-1.350591
-1.350566
-1.350034
-1.350591
-1.350884
-1.350777
-1.351138
-1.350946
-1.350971
-1.3512
-1.350494
-1.34996
-1.350387
-1.350938
-1.350968
-1.351194
-1.350874
-1.350767
-1.35113
-1.34959
-1.349058
-1.349069
-1.350342
-1.350594
-1.350598
-1.34997
-1.349447
-1.350225
-1.348196
-1.347672
-1.355676
-0.07652174
-1.347952
-1.348713
-1.348207
-1.348571
-1.35605
-0.07700833
-1.348826
-1.34797
-1.347866
-1.349171
-1.3448
-1.33571
0.004940561
-1.344827
-1.348031
-1.349233
-1.348058
-1.350868
-1.350764
-1.351131
-1.35054
-1.349994
-1.350566
-1.35093
-1.351193
-1.350957
-1.351481
-1.351375
-1.351507
-1.35148
-1.351372
-1.351507
-1.351543
-1.351569
-1.35157
-1.351411
-1.351305
-1.351304
-1.351537
-1.351567
-1.351565
-1.351473
-1.351367
-1.3515
-1.350505
-1.350399
-1.349982
-1.350941
-1.351193
-1.350968
-1.350568
-1.350045
-1.350595
-1.349108
-1.349
-1.356589
-0.07788013
-1.34855
-1.34931
-1.348578
-1.349171
-1.356653
-0.07805062
-1.349199
-1.348031
-1.348058
-1.349232
-1.344737
-1.335647
0.004948659
-1.344632
-1.347969
-1.349171
-1.347864
-1.35093
-1.350957
-1.351192
-1.350477
-1.349932
-1.350373
-1.350868
-1.35113
-1.350762
-1.351543
-1.35157
-1.351569
-1.351417
-1.351309
-1.351311
-1.35148
-1.351506
-1.351374
-1.351473
-1.3515
-1.351366
-1.351474
-1.351504
-1.351367
-1.35141
-1.351303
-1.351303
-1.350567
-1.350595
-1.350044
-1.350878
-1.35113
-1.350771
-1.350504
-1.349981
-1.350398
-1.34917
-1.349199
-1.356652
-0.07834895
-1.348486
-1.349246
-1.348378
-1.349106
-1.356587
-0.07837597
-1.348998
-1.347444
-1.347694
-1.348644
-1.343844
-1.334754
0.005448857
-1.343329
-1.347074
-1.348272
-1.346555
-1.350336
-1.350589
-1.350597
-1.349571
-1.349029
-1.349042
-1.349958
-1.350218
-1.349427
-1.350943
-1.351199
-1.350969
-1.350502
-1.350395
-1.349969
-1.350563
-1.350588
-1.350029
-1.350871
-1.351128
-1.350765
-1.350555
-1.350585
-1.35002
-1.35049
-1.350384
-1.349955
-1.349967
-1.350223
-1.349444
-1.349959
-1.35021
-1.349424
-1.349586
-1.349065
-1.349053
-1.348567
-1.348823
-1.356045
-0.07808139
-1.347571
-1.348331
-1.347043
-1.34819
-1.355669
-0.07777945
-1.347665
-1.344894
-1.345829
-1.346064
-1.340843
-1.331959
0.009098387
-1.341294
-0.03428549
-1.343802
-1.344931
-1.343766
-0.03783805
-1.347715
-1.348681
-1.347972
-1.346186
-1.345659
-1.346076
-0.03988433
-1.346565
-1.346821
-1.346452
-0.04017453
-1.348312
-1.349279
-1.348336
-1.3471
-1.346995
-1.346988
-0.04056052
-1.34716
-1.347184
-1.347048
-0.04060629
-1.348234
-1.349204
-1.348126
-1.347147
-1.347179
-1.347034
-0.04065704
-1.34708
-1.346971
-1.346966
-0.04064709
-1.347332
-1.348302
-1.346817
-1.346546
-1.346797
-1.346429
-0.04038993
-1.346178
-1.345666
-1.346063
-0.04015254
-1.345977
-1.346936
-1.353467
-0.07563718
-1.344197
-1.344954
-1.344064
-0.03858345
-1.34464
-1.351917
-0.07248661
-1.344026
-0.03782687
)
;
        valueFraction   nonuniform List<scalar> 
1536
(
0.003384641
0.003275299
0.003270258
0.003279407
0.003289455
0.003315936
0.003311216
0.003872652
0.004027514
0.004064655
0.004064316
0.003974815
0.003295576
0.003988969
0.004100429
0.004112959
0.004121305
0.004074098
0.003294005
0.004009153
0.004105921
0.004112847
0.004122673
0.004087954
0.003295702
0.003973429
0.004097713
0.004114937
0.004121557
0.004063002
0.003321705
0.003803972
0.00396282
0.004009932
0.004005839
0.003910116
0.00391384
0.003913005
0.003580291
0.003853594
0.003526558
0.003824308
0.003502858
0.003822617
0.003502455
0.0038363
0.003513751
0.003885318
0.003559622
0.003899718
0.003872238
0.003541215
0.003950962
0.003941396
0.003947003
0.003950225
0.003987119
0.003829992
0.003842195
0.003515064
0.003938412
0.003935806
0.003944025
0.003943537
0.003970164
0.003795899
0.003836971
0.003510439
0.003938363
0.003937823
0.003946903
0.003945715
0.003969621
0.003789593
0.003845794
0.003516786
0.003933855
0.003928988
0.003937191
0.003937291
0.003966786
0.003799876
0.003890556
0.003558782
0.003964932
0.003949692
0.003954516
0.003959059
0.004002428
0.003849904
0.003914335
0.003853813
0.003824402
0.003822603
0.003836207
0.003885152
0.004006424
0.004326698
0.004303411
0.004270576
0.004267462
0.004263668
0.004265461
0.004275412
0.004281257
0.004316212
0.004338973
0.003979618
0.004003619
0.004363297
0.003283737
0.003321474
0.003733964
0.003266842
0.003803671
0.003939405
0.003276488
0.003963744
0.004003564
0.003287346
0.004010407
0.004011447
0.003306886
0.004006221
0.003954377
0.00335643
0.003910965
0.003275131
0.003975322
0.004270291
0.004342397
0.004312244
0.003788016
0.003295544
0.003885881
0.004006997
0.003974232
0.004087049
0.004060474
0.004097857
0.004113304
0.004067522
0.004115031
0.004119221
0.004017225
0.004121588
0.004095844
0.003276322
0.004063239
0.003282319
0.004245191
0.004208307
0.004308884
0.004303266
0.003902333
0.003293947
0.003929415
0.004093828
0.004010125
0.00410173
0.004112343
0.004105956
0.004112538
0.00411803
0.004112815
0.004117926
0.004102728
0.004122625
0.004111162
0.003286666
0.004088029
0.003291186
0.004203495
0.004195942
0.004303345
0.004309041
0.003926778
0.003295626
0.003904544
0.004102761
0.003989742
0.004092813
0.00411298
0.004100522
0.004111804
0.004118254
0.00411291
0.004117624
0.004111606
0.004121265
0.004102245
0.003291059
0.00407409
0.00328663
0.004195941
0.004203343
0.004312545
0.004342758
0.003883739
0.003311391
0.003789468
0.004087953
0.003872166
0.0040052
0.004113726
0.004027251
0.004059513
0.004119539
0.00406452
0.004066735
0.004096099
0.004064053
0.004016419
0.003282036
0.003974328
0.0032761
0.004208153
0.004244881
0.004363794
0.00400415
0.003733038
0.003384919
0.003283843
0.004007052
0.004326911
0.003936
0.003275186
0.003266899
0.004303503
0.004270603
0.004003906
0.003269959
0.003276443
0.004267394
0.004263559
0.004011645
0.003278999
0.003287235
0.004265264
0.004275212
0.003953219
0.003289047
0.003306721
0.00428099
0.004315931
0.003274761
0.003315591
0.003356183
0.004269996
0.004338644
0.003975001
0.003979283
0.003872036
0.003543363
0.003890125
0.003558493
0.003976528
0.003826987
0.003503448
0.003964415
0.00394422
0.003821224
0.003500816
0.003949557
0.00395168
0.00383128
0.003510218
0.00395441
0.003958892
0.003866253
0.003541
0.003959049
0.003983593
0.003904764
0.003572865
0.004002483
0.003850087
0.003536958
0.003960709
0.003845553
0.00351673
0.003938337
0.003935982
0.00393361
0.003921418
0.003945074
0.00392911
0.003934966
0.00395138
0.003937366
0.003939885
0.003970996
0.003937474
0.003954337
0.003518524
0.003966812
0.003799984
0.003493355
0.003942428
0.003836956
0.003510632
0.003941477
0.003929151
0.003938541
0.003930714
0.003942769
0.003938244
0.003945555
0.003946976
0.00394734
0.003949261
0.003958909
0.003946087
0.003959016
0.003491489
0.003969716
0.003789619
0.003486545
0.003941689
0.003842393
0.003515441
0.003942587
0.00393111
0.003938878
0.003929117
0.003945798
0.00393632
0.003942804
0.003949402
0.003944571
0.003946974
0.003959013
0.003943985
0.003958853
0.003486641
0.003970363
0.00379584
0.003491347
0.003938979
0.00387261
0.003541698
0.003960986
0.003922287
0.003951466
0.00393606
0.003935586
0.003941591
0.003945011
0.003940299
0.003947063
0.003951125
0.003954395
0.003950109
0.003970601
0.003493404
0.003986802
0.003829829
0.00351832
0.003977167
0.003913534
0.003580758
0.00387232
0.003543524
0.003944899
0.00352689
0.003827124
0.003503453
0.003952185
0.003503083
0.003821241
0.003500705
0.003959198
0.003502583
0.003831216
0.003510034
0.003983559
0.003513785
0.003866114
0.003540778
0.003536983
0.003559573
0.003899554
0.00390454
0.003572664
0.00364229
0.003353564
0.003373818
0.003778958
0.003775384
0.003728111
0.003744239
0.003641643
0.003268214
0.003625609
0.00359714
0.003583471
0.003708035
0.003271632
0.003696081
0.003571595
0.003570715
0.003737699
0.003282135
0.003734339
0.003575648
0.003578107
0.003731199
0.003294353
0.003735799
0.003588766
0.003595565
0.003702249
0.003340244
0.003704158
0.003635806
0.003673196
0.003751938
0.003687425
0.003648697
0.003642717
0.003302441
0.003631997
0.003618926
0.003979854
0.003931966
0.003918086
0.004079843
0.004043415
0.00406606
0.004098934
0.004067896
0.004095906
0.00409246
0.004056645
0.004098172
0.003954132
0.003914724
0.004017256
0.003566048
0.003553957
0.003677849
0.003673806
0.003294359
0.003604213
0.003601983
0.004053255
0.004043632
0.003999789
0.004110858
0.004107672
0.004104446
0.004115961
0.004114808
0.004113987
0.004123285
0.004120306
0.004123171
0.004024355
0.004014012
0.004082278
0.003543756
0.003542498
0.003681739
0.003684155
0.003294543
0.003600503
0.00360149
0.00405784
0.004059853
0.004005895
0.004110564
0.004110835
0.004104893
0.004114551
0.004114367
0.004112684
0.004123029
0.00412333
0.004122378
0.004029809
0.004031524
0.004086195
0.003541976
0.003542559
0.003658136
0.003665568
0.003299478
0.003606094
0.003612196
0.004010927
0.004031045
0.003950868
0.004096302
0.00410657
0.004085048
0.004110112
0.004116917
0.004107449
0.004108869
0.004119049
0.004112473
0.003981507
0.004000003
0.004044962
0.003543681
0.003548384
0.003646061
0.003635612
0.003348749
0.003650683
0.003689646
0.00377589
0.003860701
0.003733569
0.003887377
0.003981716
0.003867815
0.003923596
0.004013954
0.003919107
0.003905037
0.003995897
0.003914515
0.003800047
0.003857034
0.003833705
0.003583079
0.003623614
0.003779421
0.003728421
0.003597058
0.003583457
0.003571329
0.003570541
0.003575262
0.003577822
0.003588335
0.003595219
0.003635407
0.003672818
0.004027143
0.003607349
0.00394217
0.003618535
0.003953149
0.003962746
0.00351497
0.003841072
0.003975536
0.003951945
0.003500649
0.003821905
0.003954328
0.003957067
0.003504363
0.003824455
0.003955859
0.003971121
0.003520774
0.003843477
0.003964492
0.004041378
0.003589103
0.003916895
0.004013149
0.003960523
0.003973548
0.003529273
0.00385992
0.003925064
0.003938235
0.003938078
0.003929549
0.003941058
0.003929388
0.003937383
0.003948298
0.003936257
0.003943736
0.00395567
0.003938062
0.004002072
0.00401401
0.003973344
0.003946659
0.003949712
0.003512195
0.003839266
0.00392527
0.003926499
0.003936676
0.003937314
0.003937635
0.003935607
0.003945511
0.003945656
0.003944581
0.003947544
0.003948283
0.003943372
0.003994142
0.003995936
0.003968174
0.003947138
0.003946865
0.003511646
0.003837884
0.003927246
0.003927401
0.003938223
0.003939795
0.003940454
0.003937821
0.003947887
0.003948619
0.003946855
0.00394965
0.003949718
0.003945583
0.003994962
0.003994125
0.003969644
0.003955753
0.003949758
0.003523244
0.003851968
0.00392664
0.003921065
0.003938668
0.003934466
0.003930426
0.003933517
0.003942299
0.003938665
0.003940798
0.003947072
0.003942077
0.003941511
0.003999826
0.003993536
0.003972262
0.004021642
0.003993871
0.003588415
0.003922115
0.003978928
0.003950453
0.003991035
0.003974717
0.003948656
0.003975619
0.003980996
0.003955764
0.00397916
0.003992254
0.003965217
0.003985405
0.004056178
0.004030486
0.004028737
0.003617439
0.003660828
0.003964328
0.00439701
0.00429806
0.00420088
0.004368207
0.00424862
0.003571629
0.003576823
0.004175283
0.004287915
0.004158604
0.00414087
0.00427784
0.004148295
0.00357307
0.003572226
0.00413844
0.004264419
0.004135862
0.004136041
0.004263824
0.004135922
0.003584835
0.003581149
0.004138288
0.004267439
0.004140583
0.004148699
0.004270798
0.004144111
0.003617264
0.003603955
0.004154322
0.004289452
0.004162693
0.004190247
0.004300701
0.004174073
0.003755447
0.003724922
0.004214125
0.004376576
0.004256038
0.003923753
0.004390996
0.004285932
0.003650348
0.003689261
0.003955909
0.004416646
0.004323841
0.004250212
0.004400768
0.004292761
0.00361873
0.003313825
0.003608483
0.003645605
0.003348445
0.0036353
0.003662144
0.003686247
0.003682783
0.003661306
0.003268047
0.003677775
0.003774498
0.003734254
0.003858532
0.003813184
0.003843981
0.003906522
0.003718829
0.003274531
0.003727166
0.003886551
0.003869156
0.003981892
0.003901328
0.003913211
0.003994141
0.003738881
0.003284207
0.003738779
0.003922906
0.003920083
0.004014151
0.003923655
0.003922471
0.004013812
0.003723226
0.003298111
0.003715547
0.003904835
0.003915403
0.003996579
0.003889066
0.003868297
0.003979763
0.003669528
0.003358727
0.003318151
0.003800434
0.003834855
0.003856747
0.003707951
0.003294435
0.003728738
0.003583511
0.003624054
0.003926281
0.004342213
0.004222691
0.00412171
0.004312475
0.004170424
0.003605882
0.003611943
0.004228305
0.004328233
0.004213079
0.004196866
0.004319057
0.004204241
0.003741628
0.003716041
0.003827837
0.003657748
0.003299169
0.003665099
0.003766446
0.003862583
0.003786107
0.004022027
0.003977328
0.004049666
0.00401152
0.003952352
0.004031945
0.004047967
0.004072004
0.004064912
0.004087456
0.004053598
0.004093288
0.00409648
0.004085925
0.004107133
0.004100874
0.004105265
0.004109596
0.004100439
0.004069311
0.004099785
0.004110225
0.004108034
0.00411727
0.004111418
0.004111529
0.004118349
0.004081483
0.004043068
0.004058206
0.004109146
0.004113092
0.004119447
0.004100912
0.004081132
0.004113328
0.003789193
0.003763353
0.003275859
0.003981978
0.004045896
0.004000489
0.003811907
0.003280539
0.003827198
0.003544043
0.003548682
0.004094803
0.004228337
0.004077014
0.004057405
0.004216845
0.00406588
0.003600467
0.003601419
0.004194244
0.004305601
0.004190969
0.004188889
0.004304205
0.004190063
0.003810124
0.003801323
0.003913838
0.003681464
0.003294325
0.003683688
0.00381822
0.003924962
0.00382353
0.004081922
0.004074564
0.004099831
0.004058259
0.004007221
0.004060713
0.004083998
0.004100438
0.004085306
0.004111871
0.00410975
0.004113997
0.004110464
0.004105203
0.004111085
0.004110566
0.00411231
0.004110581
0.004117926
0.004116893
0.004119499
0.004114399
0.004112844
0.004114417
0.004116144
0.004117813
0.004115883
0.004121832
0.004117771
0.004108571
0.004122986
0.004122566
0.004123446
0.004122015
0.004109984
0.004122607
0.003849674
0.003840713
0.003288623
0.004029969
0.004086584
0.00403192
0.003855921
0.003290793
0.003858098
0.003542162
0.003542654
0.004053541
0.004199243
0.004049791
0.004047112
0.004197251
0.004048434
0.00360437
0.003602072
0.004189051
0.004304204
0.004190009
0.004194378
0.004305806
0.004191183
0.003817236
0.003822533
0.003921706
0.003677523
0.00329421
0.003673296
0.003810855
0.003916499
0.003802144
0.004084889
0.004086431
0.004101596
0.004053644
0.00400087
0.00404428
0.004081099
0.004098659
0.00407333
0.004111087
0.004111252
0.004112902
0.004110756
0.004104686
0.004107881
0.004111354
0.004113353
0.004108883
0.004116555
0.00411648
0.004118322
0.004115881
0.004114212
0.004114923
0.004117551
0.004118998
0.004116194
0.004122582
0.004123377
0.004110546
0.004123284
0.00412343
0.004120562
0.004121318
0.004108055
0.004116948
0.003855381
0.00385791
0.003290563
0.004024469
0.004082692
0.00401435
0.003849992
0.003288668
0.003840805
0.003543714
0.003542364
0.004047093
0.004197038
0.004048073
0.004053337
0.004199266
0.004049864
0.003632297
0.003619164
0.004197251
0.004319295
0.00420445
0.004228687
0.004328621
0.004213491
0.003766027
0.003785259
0.003859727
0.003648488
0.003302417
0.003642397
0.003742372
0.003829619
0.003716671
0.004048614
0.00406598
0.004072945
0.003980222
0.003918665
0.003932766
0.004020686
0.00404775
0.003976032
0.004101418
0.004110235
0.004105862
0.004079798
0.004066238
0.004043535
0.004086445
0.004091991
0.004052461
0.004111872
0.004118893
0.004112068
0.004098849
0.004096112
0.004068029
0.004099617
0.00409871
0.004068337
0.004101344
0.004113966
0.004081395
0.004092261
0.004098309
0.004056678
0.004080434
0.004057149
0.00404188
0.00381122
0.003826961
0.003280144
0.003953848
0.004017379
0.003913668
0.003789202
0.003275675
0.003763105
0.003565805
0.003553623
0.004057151
0.004216495
0.004065346
0.004094389
0.004228145
0.004076812
0.003775858
0.00374467
0.004250787
0.004401242
0.004293223
0.003956453
0.004417254
0.004324495
0.003662373
0.0036825
0.003684612
0.003642518
0.003374089
0.003353727
0.003619092
0.003608245
0.003314005
0.003617526
0.003660992
0.003964879
0.004397436
0.004298392
0.004200937
0.004368463
0.004248804
0.003813983
0.003905576
0.003840673
0.00364174
0.003624785
0.003268072
0.003662235
0.003677525
0.003268187
0.00357156
0.003576777
0.004175187
0.004287972
0.004158373
0.004140643
0.004277895
0.004148181
0.0039022
0.003995619
0.003910919
0.003708005
0.003694916
0.003271362
0.003719632
0.003726942
0.00327452
0.003572859
0.003572022
0.004138106
0.004264309
0.004135401
0.004135628
0.004263731
0.004135626
0.003924345
0.004015098
0.003920499
0.00373753
0.003733268
0.003281761
0.003739486
0.003738607
0.003284109
0.003584542
0.003580849
0.004137808
0.004267227
0.004140007
0.004148207
0.004270607
0.004143712
0.003889116
0.003979598
0.00386632
0.003730942
0.003734831
0.003293951
0.00372365
0.003715385
0.003297971
0.003616941
0.003603617
0.004153784
0.004289158
0.00416209
0.004189739
0.004300424
0.004173612
0.003707629
0.003728764
0.003294004
0.003701926
0.003703444
0.003339919
0.003669417
0.00331781
0.003358408
0.003751661
0.003755144
0.00368702
0.003724563
0.004121294
0.004312095
0.004169872
0.004213628
0.004376235
0.004255509
0.003925875
0.003923374
0.004341891
0.004390606
0.004222271
0.00428542
0.004020651
0.003573296
0.003905206
0.003993714
0.004021385
0.003588182
0.003921668
0.003993851
0.004030931
0.00400478
0.004004556
0.003958492
0.003509262
0.003832933
0.003952972
0.003978631
0.003991597
0.003950748
0.003976779
0.00397182
0.003949749
0.003953238
0.00350106
0.00382133
0.003953734
0.003974592
0.003976452
0.003948802
0.003976016
0.003977115
0.003950803
0.003958266
0.003506451
0.003827282
0.003961889
0.00398106
0.003979935
0.003955824
0.003981729
0.003985144
0.003956187
0.003977919
0.003528443
0.003853035
0.003991091
0.00399234
0.003986202
0.003965262
0.003996909
0.004010192
0.003969291
0.004043785
0.003618333
0.003947175
0.003600998
0.003922646
0.004056351
0.004029292
0.004030306
0.004040175
0.0035666
0.00388423
0.004013483
0.00397502
0.003988315
0.003946921
0.00395553
0.00352313
0.003851705
0.003949793
0.003972004
0.003944527
0.003966534
0.003927367
0.003940699
0.003923559
0.003926292
0.003939331
0.003921316
0.003930339
0.003926534
0.003925089
0.003932182
0.003943994
0.003934435
0.003934263
0.003934218
0.00393068
0.003936844
0.003938945
0.003933149
0.003937478
0.003949101
0.003939964
0.003942271
0.003941271
0.003938896
0.003942267
0.003944323
0.003938634
0.003945005
0.003957877
0.003958437
0.003947055
0.003941877
0.003942339
0.003947066
0.003959557
0.003941974
0.003981671
0.003993408
0.003506417
0.00381638
0.00400003
0.00397233
0.003993534
0.003976648
0.003499722
0.003806974
0.003969994
0.003966954
0.0039699
0.00394069
0.003947094
0.003511647
0.003837834
0.003947092
0.003967297
0.003941595
0.003967517
0.003930736
0.003932481
0.003928786
0.003927081
0.003938895
0.003927927
0.003932675
0.003930616
0.003933039
0.003940171
0.003940877
0.003943373
0.003939783
0.003938308
0.00394103
0.003942353
0.003945324
0.003943263
0.003945382
0.003945882
0.003947081
0.003948005
0.003947162
0.003949086
0.003947751
0.003949019
0.003948559
0.003946084
0.003947211
0.003957605
0.003949743
0.003945808
0.003950159
0.00394812
0.003959042
0.003948332
0.003967864
0.003969773
0.003488338
0.003792465
0.003995243
0.003969695
0.003994145
0.003968072
0.003487593
0.00379068
0.003966871
0.003967826
0.00396789
0.003941917
0.003946811
0.003512338
0.003839419
0.003950054
0.003966776
0.003940435
0.003969673
0.003932835
0.003933451
0.003931049
0.003925409
0.003937393
0.003927193
0.003930997
0.003928553
0.003932106
0.003942594
0.003943544
0.003945744
0.003937555
0.003936141
0.003938369
0.003940332
0.003943049
0.003940606
0.003947858
0.003948754
0.003949394
0.003945822
0.003944937
0.003946293
0.003945602
0.003946745
0.003945641
0.003948165
0.003948406
0.003959246
0.003947743
0.003943678
0.003948854
0.00394629
0.003957329
0.003947166
0.003968224
0.003966859
0.003487539
0.003790621
0.003994408
0.003968386
0.003996055
0.003967758
0.00348832
0.00379242
0.003969836
0.003972602
0.003967108
0.003944742
0.003960772
0.00352951
0.003860256
0.003973847
0.003975103
0.003946633
0.003988275
0.003930551
0.003925558
0.003926955
0.003925234
0.003938587
0.003938783
0.003927724
0.003923402
0.003940352
0.003937106
0.003933501
0.003939309
0.003929823
0.003929601
0.003941596
0.003932424
0.003934184
0.003943565
0.003942397
0.003938914
0.003944584
0.003937637
0.003936445
0.003948694
0.003937737
0.003939641
0.003948663
0.003947106
0.003942146
0.00395965
0.003943858
0.003938259
0.003956
0.003945229
0.003958155
0.003957571
0.00397678
0.003969958
0.003499623
0.003806826
0.004002233
0.003973559
0.00401402
0.00398151
0.003506343
0.003816228
0.003993286
0.004031552
0.004004995
0.004004474
0.004027791
0.003618915
0.003953668
0.003607573
0.003942572
0.004021173
0.003993529
0.003573449
0.003905525
0.003977506
0.003949894
0.003971548
0.00396339
0.003975527
0.003515028
0.00384127
0.003959194
0.003952682
0.003509267
0.003833099
0.003976731
0.003950975
0.003976722
0.00395272
0.0039541
0.003500606
0.003821973
0.003953948
0.003953386
0.003500958
0.003821376
0.003982275
0.003956414
0.003984679
0.003957813
0.003955671
0.003504234
0.003824426
0.003958895
0.003961505
0.003506276
0.003827237
0.003997273
0.003969515
0.004009714
0.003971659
0.003964236
0.00352063
0.00384337
0.003978328
0.003990722
0.003528266
0.003852916
0.004040288
0.004013434
0.003566423
0.003884021
0.004041668
0.004012907
0.003588948
0.003916718
0.004043745
0.003600881
0.003922434
0.003618093
0.003946967
)
;
        source          uniform 0;
        value           nonuniform List<scalar> 
1536
(
313.7678
313.9879
314.0626
314.0729
314.0512
313.9485
313.9849
314.2223
314.2946
314.3042
314.2837
314.1826
314.0578
314.293
314.3661
314.3762
314.3558
314.2543
314.0688
314.3033
314.3766
314.3869
314.3664
314.2648
314.0483
314.284
314.3569
314.3669
314.3464
314.245
313.9453
314.1829
314.2551
314.2645
314.2438
314.1427
313.6594
313.6602
313.6215
313.8606
313.825
313.9356
313.9
313.9462
313.9105
313.9245
313.8888
313.8214
313.7858
313.658
313.8612
313.8247
314.0348
314.1104
314.121
314.1002
313.9962
313.8622
313.9343
313.8977
314.1083
314.1845
314.1953
314.1748
314.0706
313.937
313.9454
313.9088
314.119
314.1954
314.2062
314.1857
314.0816
313.9484
313.9247
313.8882
314.0989
314.1751
314.1858
314.1652
314.061
313.927
313.8214
313.7849
313.9938
314.0692
314.0797
314.0587
313.9549
313.8213
313.6582
313.8594
313.9345
313.945
313.9233
313.8201
313.7472
313.9072
313.9471
314.0122
314.0218
314.0325
314.0322
314.0203
314.0107
313.9473
313.9083
313.7471
313.7479
313.9084
313.9478
313.9457
314.1433
314.0531
314.1832
314.2463
314.0733
314.2554
314.2652
314.0609
314.2648
314.2534
313.9876
314.2441
314.182
313.771
314.1432
313.953
313.7471
313.9105
313.9474
314.0106
314.1824
314.0484
314.2442
314.2856
314.2841
314.3478
314.3045
314.357
314.3672
314.2929
314.367
314.3558
314.2215
314.3466
314.2842
313.9929
314.2451
314.0573
313.9504
314.0152
314.02
314.031
314.2531
314.0688
314.2633
314.3568
314.3033
314.3672
314.3764
314.3766
314.387
314.365
314.3869
314.3757
314.2933
314.3664
314.3039
314.0669
314.2648
314.0781
314.0248
314.0361
314.031
314.02
314.2634
314.0577
314.253
314.3672
314.2929
314.3567
314.387
314.366
314.3764
314.3757
314.3762
314.365
314.3039
314.3557
314.2932
314.0781
314.2542
314.0667
314.0361
314.0246
314.0105
313.9472
314.2441
313.9847
314.1821
314.3477
314.2221
314.2853
314.3671
314.2944
314.3043
314.3557
314.304
314.2926
314.2841
314.2834
314.2212
314.0571
314.1822
313.9924
314.0149
313.9499
313.908
313.7468
314.1429
313.767
313.9471
313.746
313.9061
314.2461
313.9873
314.0525
313.946
314.0111
314.2648
314.062
314.0726
314.0207
314.0314
314.253
314.0723
314.0602
314.0311
314.0192
314.1816
314.0506
313.9869
314.0096
313.9461
313.9524
313.9477
313.7701
313.9099
313.9071
313.746
313.746
313.8204
313.7849
313.8218
313.7853
313.9531
313.9259
313.8904
313.9942
314.06
313.9464
313.9108
314.0696
314.0803
313.9342
313.8986
314.08
314.0686
313.8607
313.8251
314.0591
313.9954
313.6585
313.621
313.9553
313.8219
313.7872
313.9934
313.9248
313.8883
314.0574
314.1009
314.099
314.1656
314.1212
314.1752
314.1861
314.1096
314.1859
314.1747
314.0364
314.1653
314.1014
313.8275
314.0611
313.9272
313.8925
314.0667
313.9454
313.9088
314.0775
314.1749
314.119
314.1857
314.1955
314.1954
314.2064
314.1841
314.2062
314.1951
314.1109
314.1857
314.1219
313.9022
314.0816
313.9484
313.9136
314.0775
313.9342
313.8976
314.0666
314.1857
314.1082
314.1748
314.2063
314.1845
314.1954
314.1951
314.1953
314.1841
314.1219
314.1747
314.1108
313.9136
314.0705
313.9368
313.9021
314.0573
313.861
313.8244
313.9932
314.1655
314.0345
314.1006
314.186
314.1102
314.1209
314.1746
314.1207
314.1094
314.1013
314.0999
314.0361
313.8923
313.9959
313.8617
313.827
313.9527
313.6592
313.6205
313.8192
313.7838
314.0597
313.824
313.9248
313.8894
314.0799
313.899
313.9453
313.9098
314.0682
313.9095
313.933
313.8975
313.995
313.8878
313.8595
313.8241
313.7867
313.7847
313.6569
313.6573
313.6199
313.9027
313.8323
313.832
313.7665
313.7673
313.8271
313.8277
314.0922
314.0175
314.0629
313.9827
314.0124
314.142
314.0686
314.1363
314.0577
314.0637
314.1441
314.071
314.146
314.0681
314.0662
314.1107
314.0369
314.1248
314.0464
314.032
313.9712
313.8972
314.023
313.9434
313.892
313.7693
313.8315
314.0886
314.06
314.0137
313.9807
314.0095
314.2796
314.2513
314.2506
314.3287
314.3002
314.3231
314.3311
314.3024
314.3329
314.2986
314.2699
314.3124
314.159
314.1304
314.2112
313.9878
314.0173
314.1377
314.1319
314.0637
314.0537
314.0597
314.3277
314.3221
314.2986
314.3776
314.3718
314.3718
314.3803
314.3745
314.382
314.3477
314.3419
314.3615
314.208
314.2022
314.26
314.0623
314.0685
314.1411
314.1426
314.0672
314.0648
314.0631
314.3309
314.3324
314.3018
314.3809
314.3824
314.3751
314.3836
314.3851
314.3853
314.351
314.3525
314.3648
314.2113
314.2129
314.2633
314.0736
314.0719
314.1087
314.1226
314.0341
314.0442
314.0299
314.2994
314.313
314.2704
314.3488
314.3626
314.3431
314.3513
314.3652
314.353
314.3187
314.3326
314.3325
314.179
314.1929
314.2311
314.0525
314.038
313.9681
314.0205
313.8938
313.941
313.8893
314.1589
314.2118
314.1299
314.2079
314.2606
314.2024
314.2099
314.2626
314.2118
314.177
314.23
314.1909
314.0376
314.0906
314.0897
313.9471
313.8944
313.7657
313.8264
313.9821
314.0118
314.0571
314.0631
314.0675
314.0655
314.0457
314.0313
313.9426
313.8912
313.723
313.6732
313.7087
313.6741
313.7106
313.907
313.8546
313.8902
313.8774
313.9582
313.906
313.9417
313.9522
313.9608
313.9086
313.9443
313.9626
313.9271
313.8745
313.9101
313.9413
313.7864
313.7346
313.7702
313.8382
313.9051
313.8762
313.8535
313.8901
314.0946
314.065
314.0642
314.1462
314.1164
314.1402
314.1491
314.1192
314.1508
314.1159
314.0861
314.1301
313.9726
313.9431
314.0259
313.955
313.9491
313.9037
313.9403
314.1446
314.1388
314.1141
314.1965
314.1906
314.1905
314.1996
314.1936
314.2013
314.1666
314.1606
314.1807
314.0234
314.0174
314.0766
313.9584
313.96
313.9072
313.9438
314.148
314.1495
314.1175
314.1999
314.2014
314.1938
314.203
314.2045
314.2047
314.17
314.1715
314.1841
314.0268
314.0285
314.08
313.9254
313.9396
313.8739
313.9105
314.1151
314.1293
314.0847
314.1668
314.1811
314.1608
314.1698
314.1841
314.1715
314.1367
314.1511
314.1508
313.9933
314.0077
314.0466
313.7841
313.8361
313.7336
313.7702
313.97
314.0239
313.9402
314.0211
314.0752
314.0152
314.0238
314.0779
314.0256
313.9903
314.0446
314.0045
313.8486
313.902
313.9011
313.9424
313.89
313.7849
313.7961
313.8364
313.9485
313.8559
313.8968
314.0481
314.0335
313.9884
313.9766
314.0179
314.0535
313.9977
314.039
314.0684
314.0671
314.0631
314.0278
314.0691
314.0738
314.0311
314.0724
314.0561
314.0623
314.0735
314.0303
314.0716
314.0616
314.0265
314.0678
313.9826
314.0114
314.0519
313.9964
314.0377
313.9885
313.9759
314.0172
313.7693
313.8299
313.9495
313.8576
313.8987
313.7863
313.7974
313.8384
313.9413
313.8898
313.7857
313.7979
313.8377
313.9488
313.8577
313.8979
313.9697
313.8954
314.0229
313.9686
313.8942
314.0208
314.0367
314.0904
314.0894
314.1129
314.0386
314.1271
314.1594
314.1303
314.2122
314.1798
314.1937
314.2325
314.1452
314.0719
314.1464
314.2084
314.2028
314.2609
314.2114
314.2126
314.264
314.1404
314.0672
314.1342
314.2103
314.2122
314.263
314.2067
314.2006
314.2594
314.0904
314.0164
314.062
314.1774
314.1913
314.2303
314.1574
314.129
314.2103
313.9061
313.8351
313.837
314.0382
314.0902
314.091
313.9725
313.9006
314.0252
313.9477
313.8951
313.7862
313.7979
313.8399
313.9534
313.8588
313.9014
314.0443
314.0301
313.9878
313.9761
314.0165
314.0511
313.9966
314.037
314.157
314.1286
314.2108
314.1088
314.0342
314.1227
314.177
314.2306
314.1906
314.3001
314.2717
314.314
314.2995
314.2705
314.3131
314.3201
314.3341
314.3337
314.3319
314.3033
314.3331
314.3489
314.3433
314.3627
314.3521
314.3534
314.3659
314.3275
314.2988
314.3216
314.3514
314.3532
314.3653
314.3479
314.3419
314.3617
314.2785
314.2498
314.2501
314.3189
314.3327
314.3327
314.2988
314.2704
314.3126
314.0935
314.0647
314.0222
314.1792
314.2313
314.1931
314.1139
314.043
314.128
314.0527
314.0383
313.9933
313.9798
314.0227
314.058
314.0007
314.0436
314.0648
314.0632
314.0604
314.026
314.0664
314.0714
314.0295
314.0698
314.2053
314.1996
314.2587
314.1411
314.0672
314.1426
314.2086
314.2619
314.21
314.3483
314.3427
314.3625
314.3309
314.3018
314.3324
314.3516
314.3658
314.3531
314.3808
314.3751
314.3822
314.3809
314.3751
314.3824
314.3842
314.3855
314.3857
314.3767
314.371
314.3708
314.3836
314.3853
314.3851
314.3801
314.3742
314.3816
314.3275
314.3218
314.2991
314.351
314.3649
314.3525
314.3308
314.3024
314.3323
314.1431
314.1372
314.073
314.2113
314.2633
314.2129
314.1465
314.0765
314.148
314.0736
314.072
314.0676
314.031
314.0738
314.0789
314.0345
314.0773
314.0536
314.0596
314.0714
314.0294
314.0698
314.0604
314.0259
314.0663
314.2086
314.21
314.2619
314.1377
314.0637
314.1318
314.2053
314.2586
314.1995
314.3516
314.3531
314.3657
314.3276
314.2985
314.322
314.3483
314.3624
314.3427
314.3841
314.3857
314.3855
314.3775
314.3718
314.3718
314.3808
314.3821
314.375
314.38
314.3816
314.3741
314.3802
314.3819
314.3744
314.3767
314.3708
314.3709
314.3308
314.3323
314.3024
314.3476
314.3615
314.3418
314.3274
314.299
314.3217
314.1464
314.148
314.0764
314.2079
314.2599
314.2021
314.143
314.0728
314.1371
314.0622
314.0683
314.0789
314.0345
314.0772
314.0675
314.0308
314.0736
313.9804
314.0094
314.051
313.9964
314.0368
313.9876
313.9759
314.0163
314.1768
314.1905
314.2305
314.0884
314.0135
314.0598
314.1568
314.2105
314.1283
314.3199
314.3336
314.3339
314.2794
314.2504
314.251
314.2999
314.3138
314.2714
314.352
314.3658
314.3533
314.3286
314.3229
314.3
314.3317
314.333
314.3031
314.3477
314.3616
314.3418
314.3309
314.3327
314.3022
314.3273
314.3214
314.2986
314.2986
314.3125
314.2702
314.2984
314.3122
314.2696
314.2783
314.2499
314.2495
314.1137
314.1278
314.0427
314.1587
314.2109
314.13
314.0932
314.0218
314.0643
313.9874
314.0169
314.0578
314.0004
314.0433
313.9928
313.9794
314.0223
313.7665
313.8271
313.9484
313.8571
313.8974
313.7848
313.7971
313.837
314.0363
314.0891
314.09
313.9021
313.8314
313.8316
313.9691
314.0224
313.8948
313.9418
313.8893
313.7838
313.7949
313.8354
313.9477
313.8547
313.896
314.1794
314.2322
314.1933
314.0917
314.0624
314.0169
314.1124
314.1266
314.038
314.0475
314.0329
313.9877
313.9755
314.0172
314.0528
313.9966
314.0383
314.211
314.2636
314.2122
314.1415
314.1358
314.068
314.1447
314.1459
314.0713
314.0678
314.0664
314.0624
314.0267
314.0683
314.073
314.03
314.0717
314.2062
314.259
314.2002
314.1436
314.1455
314.0704
314.1398
314.1337
314.0665
314.0554
314.0617
314.0727
314.0292
314.0708
314.0608
314.0254
314.067
314.1569
314.2099
314.1286
314.1101
314.1242
314.0362
314.0898
314.0613
314.0157
313.9819
314.0107
314.0511
313.9953
314.0369
313.9877
313.9748
314.0164
313.9719
314.0247
313.8999
313.9705
314.0224
313.8964
313.9053
313.8362
313.8343
313.7683
313.7684
313.8307
313.8291
313.9528
313.8581
313.9007
313.9487
313.8564
313.8979
313.7852
313.7853
313.797
313.7964
313.839
313.8375
313.7845
313.7332
313.7688
313.8369
313.7847
313.7342
313.7707
313.8365
313.8468
313.8999
313.8994
313.9281
313.8758
313.9114
313.9426
313.9705
313.9407
314.0242
313.9916
314.0061
314.0455
313.9616
313.9094
313.9451
313.9629
314.0216
314.0156
314.0755
314.0249
314.0263
314.0789
313.9571
313.9048
313.9405
313.9509
314.0243
314.0261
314.0783
314.0206
314.0145
314.0746
313.9066
313.8539
313.8895
313.8778
313.9908
314.005
314.045
313.9704
313.9414
314.0245
313.7245
313.6742
313.7097
313.6742
313.7088
313.8492
313.9016
313.9024
313.7869
313.7352
313.7699
313.8395
313.9684
313.9394
314.0227
313.9256
313.8741
313.9106
313.9397
313.9889
314.0433
314.003
314.1159
314.0863
314.1306
314.1153
314.0848
314.1294
314.1366
314.1513
314.1508
314.1495
314.1198
314.1509
314.1669
314.1609
314.1812
314.1703
314.1718
314.1846
314.1455
314.1157
314.1395
314.1699
314.1716
314.1842
314.1664
314.1604
314.1807
314.0954
314.0656
314.0662
314.1368
314.151
314.1512
314.1163
314.0871
314.1307
313.9094
313.8799
313.857
313.8916
313.9935
314.0468
314.0078
313.9303
313.878
313.9127
313.9447
314.0182
314.0123
314.0726
313.9584
313.9072
313.9438
313.96
314.0216
314.0759
314.0231
314.1661
314.1602
314.1808
314.148
314.1175
314.1495
314.1694
314.1842
314.171
314.2
314.194
314.2014
314.1999
314.1938
314.2014
314.2034
314.2048
314.2049
314.1961
314.1901
314.1901
314.203
314.2047
314.2045
314.1995
314.1935
314.201
314.1461
314.1401
314.1169
314.17
314.1841
314.1715
314.1495
314.1203
314.1511
313.9605
313.9544
313.9084
313.9431
314.0269
314.0801
314.0285
313.964
313.912
313.9468
313.9656
314.0216
314.0231
314.0759
313.955
313.9037
313.9403
313.949
314.0182
314.0725
314.0122
314.1694
314.1709
314.1842
314.1446
314.1141
314.1387
314.166
314.1808
314.1601
314.2033
314.2049
314.2048
314.1965
314.1904
314.1905
314.1999
314.2014
314.1939
314.1995
314.201
314.1935
314.1996
314.2012
314.1936
314.1961
314.1901
314.1901
314.1495
314.1511
314.1203
314.1665
314.1807
314.1605
314.146
314.1168
314.14
313.9639
313.9656
313.9119
313.9467
314.0233
314.0765
314.0173
313.9604
313.9083
313.943
313.9542
313.9888
314.0029
314.0431
313.9049
313.8533
313.8899
313.8759
313.9682
314.0225
313.9391
314.1365
314.1507
314.1512
314.0944
314.064
314.0648
314.1157
314.1304
314.086
314.1702
314.1845
314.1716
314.146
314.14
314.1162
314.1493
314.1508
314.1195
314.1662
314.1806
314.1602
314.1489
314.1506
314.119
314.1453
314.1393
314.1154
314.1162
314.1306
314.0869
314.1157
314.1299
314.0858
314.0952
314.066
314.0653
313.9301
313.9446
313.8777
313.9124
313.9723
314.0256
313.9427
313.9091
313.8566
313.8912
313.8795
313.8463
313.899
313.8994
313.7222
313.6734
313.7098
313.6721
313.7074
313.7838
313.8362
313.7321
313.7676
313.9911
314.0451
314.0056
313.9063
313.8767
313.8536
313.889
313.9274
313.9419
313.8748
313.9102
314.0244
314.0785
314.0258
313.9575
313.9515
313.9051
313.9405
313.9608
313.9622
313.9084
313.9439
314.0201
314.0743
314.014
313.9601
313.962
313.9076
313.9431
313.9564
313.9502
313.9038
313.9393
313.9698
314.0241
313.9409
313.9264
313.9406
313.8735
313.909
313.9058
313.877
313.8529
313.8883
313.7862
313.839
313.7345
313.7691
313.7856
313.8374
313.7335
313.769
313.7236
313.6733
313.7078
313.6732
313.7085
)
;
        qrNbr           qr;
        logInterval     -1;
        writePrecision  7;
        updateHeader    1;
        writeToFile     0;
        useUserTime     1;
        kappaMethod     solidThermo;
        kappa           none;
    }
}


// ************************************************************************* //
