/*--------------------------------*- C++ -*----------------------------------*\
| =========                 |                                                 |
| \\      /  F ield         | OpenFOAM: The Open Source CFD Toolbox           |
|  \\    /   O peration     | Version:  2506                                  |
|   \\  /    A nd           | Website:  www.openfoam.com                      |
|    \\/     M anipulation  |                                                 |
\*---------------------------------------------------------------------------*/
FoamFile
{
    version     2.0;
    format      ascii;
    arch        "LSB;label=32;scalar=64";
    class       labelList;
    location    "constant/solid/polyMesh";
    object      cellRegionAddressing;
}
// * * * * * * * * * * * * * * * * * * * * * * * * * * * * * * * * * * * * * //


2304
(
12072
12073
12074
12075
12076
12077
12102
12103
12104
12105
12106
12107
12132
12133
12134
12135
12136
12137
12162
12163
12164
12165
12166
12167
12192
12193
12194
12195
12196
12197
12222
12223
12224
12225
12226
12227
32704
32705
32706
32707
32711
32712
32713
32714
32718
32719
32720
32721
32725
32726
32727
32728
32732
32733
32734
32735
32739
32740
32741
32742
32760
32761
32762
32763
32767
32768
32769
32770
32774
32775
32776
32777
32781
32782
32783
32784
32788
32789
32790
32791
32795
32796
32797
32798
32816
32817
32818
32819
32823
32824
32825
32826
32830
32831
32832
32833
32837
32838
32839
32840
32844
32845
32846
32847
32851
32852
32853
32854
32872
32873
32874
32875
32879
32880
32881
32882
32886
32887
32888
32889
32893
32894
32895
32896
32900
32901
32902
32903
32907
32908
32909
32910
32928
32929
32930
32931
32935
32936
32937
32938
32942
32943
32944
32945
32949
32950
32951
32952
32956
32957
32958
32959
32963
32964
32965
32966
32984
32985
32986
32987
32991
32992
32993
32994
32998
32999
33000
33001
33005
33006
33007
33008
33012
33013
33014
33015
33019
33020
33021
33022
33072
33073
33074
33079
33080
33081
33086
33087
33088
33093
33094
33095
33100
33101
33102
33107
33108
33109
33114
33115
33116
33121
33122
33123
33128
33129
33130
33135
33136
33137
33142
33143
33144
33149
33150
33151
33156
33157
33158
33163
33164
33165
33170
33171
33172
33177
33178
33179
33184
33185
33186
33191
33192
33193
33198
33199
33200
33205
33206
33207
33212
33213
33214
33219
33220
33221
33226
33227
33228
33233
33234
33235
33240
33241
33242
33247
33248
33249
33254
33255
33256
33261
33262
33263
33268
33269
33270
33275
33276
33277
33282
33283
33284
33289
33290
33291
33296
33297
33298
33303
33304
33305
33310
33311
33312
33317
33318
33319
33506
33509
33511
33512
33513
33516
33518
33519
33520
33523
33525
33526
33527
33530
33532
33533
33534
33537
33539
33540
33541
33544
33546
33547
33555
33558
33560
33561
33562
33565
33567
33568
33569
33572
33574
33575
33576
33579
33581
33582
33583
33586
33588
33589
33590
33593
33595
33596
33604
33607
33609
33610
33611
33614
33616
33617
33618
33621
33623
33624
33625
33628
33630
33631
33632
33635
33637
33638
33639
33642
33644
33645
33653
33656
33658
33659
33660
33663
33665
33666
33667
33670
33672
33673
33674
33677
33679
33680
33681
33684
33686
33687
33688
33691
33693
33694
33702
33705
33707
33708
33709
33712
33714
33715
33716
33719
33721
33722
33723
33726
33728
33729
33730
33733
33735
33736
33737
33740
33742
33743
33751
33754
33756
33757
33758
33761
33763
33764
33765
33768
33770
33771
33772
33775
33777
33778
33779
33782
33784
33785
33786
33789
33791
33792
33906
33907
33909
33913
33914
33916
33920
33921
33923
33927
33928
33930
33934
33935
33937
33941
33942
33944
33962
33963
33965
33969
33970
33972
33976
33977
33979
33983
33984
33986
33990
33991
33993
33997
33998
34000
34018
34019
34021
34025
34026
34028
34032
34033
34035
34039
34040
34042
34046
34047
34049
34053
34054
34056
34074
34075
34077
34081
34082
34084
34088
34089
34091
34095
34096
34098
34102
34103
34105
34109
34110
34112
34130
34131
34133
34137
34138
34140
34144
34145
34147
34151
34152
34154
34158
34159
34161
34165
34166
34168
34186
34187
34189
34193
34194
34196
34200
34201
34203
34207
34208
34210
34214
34215
34217
34221
34222
34224
35480
35483
35485
35486
35487
35490
35492
35493
35494
35497
35499
35500
35501
35502
35503
35504
35505
35506
35507
35508
35509
35510
35511
35512
35513
35514
35515
35516
35517
35518
35519
35520
35521
35522
35523
35524
35525
35526
35527
35528
35529
35532
35534
35535
35536
35539
35541
35542
35543
35546
35548
35549
35550
35551
35552
35553
35554
35555
35556
35557
35558
35559
35560
35561
35562
35563
35564
35565
35566
35567
35568
35569
35570
35571
35572
35573
35574
35575
35576
35577
35578
35581
35583
35584
35585
35588
35590
35591
35592
35595
35597
35598
35599
35600
35601
35602
35603
35604
35605
35606
35607
35608
35609
35610
35611
35612
35613
35614
35615
35616
35617
35618
35619
35620
35621
35622
35623
35624
35625
35626
35627
35630
35632
35633
35634
35637
35639
35640
35641
35644
35646
35647
35648
35649
35650
35651
35652
35653
35654
35655
35656
35657
35658
35659
35660
35661
35662
35663
35664
35665
35666
35667
35668
35669
35670
35671
35672
35673
35674
35675
35676
35679
35681
35682
35683
35686
35688
35689
35690
35693
35695
35696
35697
35698
35699
35700
35701
35702
35703
35704
35705
35706
35707
35708
35709
35710
35711
35712
35713
35714
35715
35716
35717
35718
35719
35720
35721
35722
35723
35724
35725
35728
35730
35731
35732
35735
35737
35738
35739
35742
35744
35745
35746
35747
35748
35749
35750
35751
35752
35753
35754
35755
35756
35757
35758
35759
35760
35761
35762
35763
35764
35765
35766
35767
35768
35769
35770
35771
35772
35773
35823
35826
35828
35829
35830
35833
35835
35836
35837
35840
35842
35843
35844
35845
35846
35847
35848
35849
35850
35851
35852
35853
35854
35855
35856
35857
35858
35859
35860
35861
35862
35863
35864
35865
35866
35867
35868
35869
35870
35871
35872
35875
35877
35878
35879
35882
35884
35885
35886
35889
35891
35892
35893
35894
35895
35896
35897
35898
35899
35900
35901
35902
35903
35904
35905
35906
35907
35908
35909
35910
35911
35912
35913
35914
35915
35916
35917
35918
35919
35920
35921
35924
35926
35927
35928
35931
35933
35934
35935
35938
35940
35941
35942
35943
35944
35945
35946
35947
35948
35949
35950
35951
35952
35953
35954
35955
35956
35957
35958
35959
35960
35961
35962
35963
35964
35965
35966
35967
35968
35969
35970
35973
35975
35976
35977
35980
35982
35983
35984
35987
35989
35990
35991
35992
35993
35994
35995
35996
35997
35998
35999
36000
36001
36002
36003
36004
36005
36006
36007
36008
36009
36010
36011
36012
36013
36014
36015
36016
36017
36018
36019
36022
36024
36025
36026
36029
36031
36032
36033
36036
36038
36039
36040
36041
36042
36043
36044
36045
36046
36047
36048
36049
36050
36051
36052
36053
36054
36055
36056
36057
36058
36059
36060
36061
36062
36063
36064
36065
36066
36067
36068
36071
36073
36074
36075
36078
36080
36081
36082
36085
36087
36088
36089
36090
36091
36092
36093
36094
36095
36096
36097
36098
36099
36100
36101
36102
36103
36104
36105
36106
36107
36108
36109
36110
36111
36112
36113
36114
36115
36116
36166
36169
36171
36172
36173
36176
36178
36179
36180
36183
36185
36186
36187
36188
36189
36190
36191
36192
36193
36194
36195
36196
36197
36198
36199
36200
36201
36202
36203
36204
36205
36206
36207
36208
36209
36210
36211
36212
36213
36214
36215
36218
36220
36221
36222
36225
36227
36228
36229
36232
36234
36235
36236
36237
36238
36239
36240
36241
36242
36243
36244
36245
36246
36247
36248
36249
36250
36251
36252
36253
36254
36255
36256
36257
36258
36259
36260
36261
36262
36263
36264
36267
36269
36270
36271
36274
36276
36277
36278
36281
36283
36284
36285
36286
36287
36288
36289
36290
36291
36292
36293
36294
36295
36296
36297
36298
36299
36300
36301
36302
36303
36304
36305
36306
36307
36308
36309
36310
36311
36312
36313
36316
36318
36319
36320
36323
36325
36326
36327
36330
36332
36333
36334
36335
36336
36337
36338
36339
36340
36341
36342
36343
36344
36345
36346
36347
36348
36349
36350
36351
36352
36353
36354
36355
36356
36357
36358
36359
36360
36361
36362
36365
36367
36368
36369
36372
36374
36375
36376
36379
36381
36382
36383
36384
36385
36386
36387
36388
36389
36390
36391
36392
36393
36394
36395
36396
36397
36398
36399
36400
36401
36402
36403
36404
36405
36406
36407
36408
36409
36410
36411
36414
36416
36417
36418
36421
36423
36424
36425
36428
36430
36431
36432
36433
36434
36435
36436
36437
36438
36439
36440
36441
36442
36443
36444
36445
36446
36447
36448
36449
36450
36451
36452
36453
36454
36455
36456
36457
36458
36459
36509
36512
36514
36515
36516
36519
36521
36522
36523
36526
36528
36529
36530
36531
36532
36533
36534
36535
36536
36537
36538
36539
36540
36541
36542
36543
36544
36545
36546
36547
36548
36549
36550
36551
36552
36553
36554
36555
36556
36557
36558
36561
36563
36564
36565
36568
36570
36571
36572
36575
36577
36578
36579
36580
36581
36582
36583
36584
36585
36586
36587
36588
36589
36590
36591
36592
36593
36594
36595
36596
36597
36598
36599
36600
36601
36602
36603
36604
36605
36606
36607
36610
36612
36613
36614
36617
36619
36620
36621
36624
36626
36627
36628
36629
36630
36631
36632
36633
36634
36635
36636
36637
36638
36639
36640
36641
36642
36643
36644
36645
36646
36647
36648
36649
36650
36651
36652
36653
36654
36655
36656
36659
36661
36662
36663
36666
36668
36669
36670
36673
36675
36676
36677
36678
36679
36680
36681
36682
36683
36684
36685
36686
36687
36688
36689
36690
36691
36692
36693
36694
36695
36696
36697
36698
36699
36700
36701
36702
36703
36704
36705
36708
36710
36711
36712
36715
36717
36718
36719
36722
36724
36725
36726
36727
36728
36729
36730
36731
36732
36733
36734
36735
36736
36737
36738
36739
36740
36741
36742
36743
36744
36745
36746
36747
36748
36749
36750
36751
36752
36753
36754
36757
36759
36760
36761
36764
36766
36767
36768
36771
36773
36774
36775
36776
36777
36778
36779
36780
36781
36782
36783
36784
36785
36786
36787
36788
36789
36790
36791
36792
36793
36794
36795
36796
36797
36798
36799
36800
36801
36802
36852
36855
36857
36858
36859
36862
36864
36865
36866
36869
36871
36872
36873
36874
36875
36876
36877
36878
36879
36880
36881
36882
36883
36884
36885
36886
36887
36888
36889
36890
36891
36892
36893
36894
36895
36896
36897
36898
36899
36900
36901
36904
36906
36907
36908
36911
36913
36914
36915
36918
36920
36921
36922
36923
36924
36925
36926
36927
36928
36929
36930
36931
36932
36933
36934
36935
36936
36937
36938
36939
36940
36941
36942
36943
36944
36945
36946
36947
36948
36949
36950
36953
36955
36956
36957
36960
36962
36963
36964
36967
36969
36970
36971
36972
36973
36974
36975
36976
36977
36978
36979
36980
36981
36982
36983
36984
36985
36986
36987
36988
36989
36990
36991
36992
36993
36994
36995
36996
36997
36998
36999
37002
37004
37005
37006
37009
37011
37012
37013
37016
37018
37019
37020
37021
37022
37023
37024
37025
37026
37027
37028
37029
37030
37031
37032
37033
37034
37035
37036
37037
37038
37039
37040
37041
37042
37043
37044
37045
37046
37047
37048
37051
37053
37054
37055
37058
37060
37061
37062
37065
37067
37068
37069
37070
37071
37072
37073
37074
37075
37076
37077
37078
37079
37080
37081
37082
37083
37084
37085
37086
37087
37088
37089
37090
37091
37092
37093
37094
37095
37096
37097
37100
37102
37103
37104
37107
37109
37110
37111
37114
37116
37117
37118
37119
37120
37121
37122
37123
37124
37125
37126
37127
37128
37129
37130
37131
37132
37133
37134
37135
37136
37137
37138
37139
37140
37141
37142
37143
37144
37145
37195
37198
37200
37201
37202
37205
37207
37208
37209
37212
37214
37215
37216
37217
37218
37219
37220
37221
37222
37223
37224
37225
37226
37227
37228
37229
37230
37231
37232
37233
37234
37235
37236
37237
37238
37239
37240
37241
37242
37243
37244
37247
37249
37250
37251
37254
37256
37257
37258
37261
37263
37264
37265
37266
37267
37268
37269
37270
37271
37272
37273
37274
37275
37276
37277
37278
37279
37280
37281
37282
37283
37284
37285
37286
37287
37288
37289
37290
37291
37292
37293
37296
37298
37299
37300
37303
37305
37306
37307
37310
37312
37313
37314
37315
37316
37317
37318
37319
37320
37321
37322
37323
37324
37325
37326
37327
37328
37329
37330
37331
37332
37333
37334
37335
37336
37337
37338
37339
37340
37341
37342
37345
37347
37348
37349
37352
37354
37355
37356
37359
37361
37362
37363
37364
37365
37366
37367
37368
37369
37370
37371
37372
37373
37374
37375
37376
37377
37378
37379
37380
37381
37382
37383
37384
37385
37386
37387
37388
37389
37390
37391
37394
37396
37397
37398
37401
37403
37404
37405
37408
37410
37411
37412
37413
37414
37415
37416
37417
37418
37419
37420
37421
37422
37423
37424
37425
37426
37427
37428
37429
37430
37431
37432
37433
37434
37435
37436
37437
37438
37439
37440
37443
37445
37446
37447
37450
37452
37453
37454
37457
37459
37460
37461
37462
37463
37464
37465
37466
37467
37468
37469
37470
37471
37472
37473
37474
37475
37476
37477
37478
37479
37480
37481
37482
37483
37484
37485
37486
37487
37488
37637
37638
37640
37644
37645
37647
37651
37652
37654
37658
37659
37661
37665
37666
37668
37672
37673
37675
37679
37680
37682
37686
37687
37689
37693
37694
37696
37700
37701
37703
37707
37708
37710
37714
37715
37717
37721
37722
37724
37728
37729
37731
37735
37736
37738
37742
37743
37745
37749
37750
37752
37756
37757
37759
37763
37764
37766
37770
37771
37773
37777
37778
37780
37784
37785
37787
37791
37792
37794
37798
37799
37801
37805
37806
37808
37812
37813
37815
37819
37820
37822
37826
37827
37829
37833
37834
37836
37840
37841
37843
37847
37848
37850
37854
37855
37857
37861
37862
37864
37868
37869
37871
37875
37876
37878
37882
37883
37885
37889
37890
37892
37896
37897
37899
37903
37904
37906
37910
37911
37913
37917
37918
37920
37924
37925
37927
37931
37932
37934
37938
37939
37941
37945
37946
37948
37952
37953
37955
37959
37960
37962
37966
37967
37969
37973
37974
37976
37980
37981
37983
37987
37988
37990
37994
37995
37997
38001
38002
38004
38008
38009
38011
38015
38016
38018
38022
38023
38025
38029
38030
38032
38036
38037
38039
38043
38044
38046
38050
38051
38053
38057
38058
38060
38064
38065
38067
38071
38072
38074
38078
38079
38081
38085
38086
38088
38092
38093
38095
38099
38100
38102
38106
38107
38109
38113
38114
38116
38120
38121
38123
38127
38128
38130
38134
38135
38137
38141
38142
38144
38148
38149
38151
38155
38156
38158
38162
38163
38165
38169
38170
38172
38176
38177
38179
38183
38184
38186
38190
38191
38193
38197
38198
38200
38204
38205
38207
38211
38212
38214
38218
38219
38221
38225
38226
38228
38232
38233
38235
38239
38240
38242
38246
38247
38249
38253
38254
38256
38260
38261
38263
38267
38268
38270
38274
38275
38277
38281
38282
38284
38288
38289
38291
38295
38296
38298
38302
38303
38305
38309
38310
38312
38316
38317
38319
38323
38324
38326
38330
38331
38333
38337
38338
38340
38344
38345
38347
38351
38352
38354
38358
38359
38361
38365
38366
38368
38372
38373
38375
38379
38380
38382
38386
38387
38389
)


// ************************************************************************* //
