/*--------------------------------*- C++ -*----------------------------------*\
| =========                 |                                                 |
| \\      /  F ield         | OpenFOAM: The Open Source CFD Toolbox           |
|  \\    /   O peration     | Version:  2506                                  |
|   \\  /    A nd           | Website:  www.openfoam.com                      |
|    \\/     M anipulation  |                                                 |
\*---------------------------------------------------------------------------*/
FoamFile
{
    version     2.0;
    format      ascii;
    arch        "LSB;label=32;scalar=64";
    class       volScalarField;
    location    "3500/air";
    object      qprimaryRad_1;
}
// * * * * * * * * * * * * * * * * * * * * * * * * * * * * * * * * * * * * * //

dimensions      [1 0 -3 0 0 0 0];

internalField   uniform 0;

boundaryField
{
    maxY
    {
        type            calculated;
        value           uniform 0;
    }
    minX
    {
        type            calculated;
        value           uniform 0;
    }
    maxX
    {
        type            calculated;
        value           uniform 0;
    }
    minY
    {
        type            calculated;
        value           uniform 0;
    }
    maxZ
    {
        type            calculated;
        value           uniform 0;
    }
    air_to_solid
    {
        type            calculated;
        value           nonuniform List<scalar> 
1536
(
0
0
0
0
0
0
0
0
0
0
0
0
0
0
0
0
0
0
0
0
0
0
0
0
0
0
0
0
0
0
0
0
0
0
0
0
3.57904
11.86212
8.953646
2.227422
6.954697
2.227422
6.954697
2.227422
6.954697
2.227422
6.954697
2.227422
6.954697
0
12.51993
10.01156
7.308129
7.308129
7.308129
7.308129
7.308129
0
12.51993
10.01156
7.308129
7.308129
7.308129
7.308129
7.308129
0
12.51993
10.01156
7.308129
7.308129
7.308129
7.308129
7.308129
0
12.51993
10.01156
7.308129
7.308129
7.308129
7.308129
7.308129
0
12.51993
10.01156
7.308129
7.308129
7.308129
7.308129
7.308129
0
3.993856
2.638042
2.638042
2.638042
2.638042
2.638042
3.079346
0.2396582
0.2396582
0.2396582
0.2396582
0.2396582
0.2396582
0.2396582
0.2396582
0.2396582
0.2396582
0
10.26978
11.1333
0
0
0
0
0
0
0
0
0
0
0
0
0
0
0
0
0
0
0
0
11.1333
11.1333
0
0
0
0
0
0
0
0
0
0
0
0
0
0
0
0
0
0
0
0
11.1333
11.1333
0
0
0
0
0
0
0
0
0
0
0
0
0
0
0
0
0
0
0
0
11.1333
11.1333
0
0
0
0
0
0
0
0
0
0
0
0
0
0
0
0
0
0
0
0
11.1333
11.1333
0
0
0
0
0
0
0
0
0
0
0
0
0
0
0
0
0
0
0
0
11.1333
10.39877
0
0
0
3.495197
0.6742598
0
0
0
0.6742598
0.6742598
0
0
0
0.6742598
0.6742598
0
0
0
0.6742598
0.6742598
0
0
0
0.6742598
0.6742598
0
0
0
0
0.6742598
0
0
2.227422
6.954697
12.51993
10.01156
7.308129
2.227422
6.954697
7.308129
7.308129
2.227422
6.954697
7.308129
7.308129
2.227422
6.954697
7.308129
7.308129
2.227422
6.954697
7.308129
7.308129
0
5.102771
7.308129
0
4.019788
7.308129
12.51993
10.01156
7.308129
7.308129
7.308129
7.308129
7.308129
7.308129
7.308129
7.308129
7.308129
7.308129
7.308129
7.308129
7.308129
4.019788
7.308129
0
4.019788
7.308129
12.51993
10.01156
7.308129
7.308129
7.308129
7.308129
7.308129
7.308129
7.308129
7.308129
7.308129
7.308129
7.308129
7.308129
7.308129
4.019788
7.308129
0
4.019788
7.308129
12.51993
10.01156
7.308129
7.308129
7.308129
7.308129
7.308129
7.308129
7.308129
7.308129
7.308129
7.308129
7.308129
7.308129
7.308129
4.019788
7.308129
0
4.019788
7.308129
12.51993
10.01156
7.308129
7.308129
7.308129
7.308129
7.308129
7.308129
7.308129
7.308129
7.308129
7.308129
7.308129
7.308129
7.308129
4.019788
7.308129
0
4.019788
7.308129
11.94649
9.032025
2.638042
7.076651
7.308129
7.076651
2.638042
7.076651
7.308129
7.076651
2.638042
7.076651
7.308129
7.076651
2.638042
7.076651
7.308129
7.076651
2.638042
7.076651
4.019788
7.076651
0
0
5.181149
0
0
0
0.1510263
8.43408
0
7.784615
0
0
0
0
0
0
0
0
0
0
0
0
0
0
0
0
0
0
0
0
0
0
0
0
0
0
0
0
0
0
7.654464
7.654464
0
0
0
0
0
0
0
0
0
0
0
0
0
0
0
0
0
0
0
0
7.654464
7.654464
0
0
0
0
0
0
0
0
0
0
0
0
0
0
0
0
0
0
0
0
7.654464
7.654464
0
0
0
0
0
0
0
0
0
0
0
0
0
0
0
0
0
0
0
0
7.654464
7.654464
0
0
0
0
0
0
0
0
0
0
0
0
0
0
0
0
0
0
0
0
7.654464
7.66621
0
0
0
0
0
0
0
0
0
0
0
0
0
0
0
0
0
0.5658422
0
0
0
0
0
0
0
0
0
0
0
7.819925
7.366972
2.553796
9.894782
12.45376
7.283635
6.954697
2.227422
7.283635
7.283635
6.954697
2.227422
7.283635
7.283635
6.954697
2.227422
7.283635
7.283635
6.954697
2.227422
7.283635
7.231982
6.917553
2.177247
7.283635
7.90924
7.90924
10.01156
12.51993
7.308129
7.308129
7.308129
7.308129
7.308129
7.308129
7.308129
7.308129
7.308129
7.308129
7.308129
7.308129
7.247434
7.247434
7.308129
7.90924
7.90924
10.01156
12.51993
7.308129
7.308129
7.308129
7.308129
7.308129
7.308129
7.308129
7.308129
7.308129
7.308129
7.308129
7.308129
7.247434
7.247434
7.308129
7.90924
7.90924
10.01156
12.51993
7.308129
7.308129
7.308129
7.308129
7.308129
7.308129
7.308129
7.308129
7.308129
7.308129
7.308129
7.308129
7.247434
7.247434
7.308129
7.90924
7.90924
10.01156
12.51993
7.308129
7.308129
7.308129
7.308129
7.308129
7.308129
7.308129
7.308129
7.308129
7.308129
7.308129
7.308129
7.247434
7.247434
7.308129
7.90428
7.90924
10.00483
12.51721
7.309244
7.308129
7.309244
7.309244
7.308129
7.309244
7.309244
7.308129
7.309244
7.309244
7.308129
7.309244
7.24994
7.247434
7.309244
0
0
2.84222
0.7800424
0
0
0.2920647
0
0
0
0
0.2396582
0
0
0.2396582
0
0
0
0
0.2396582
0
0
0.2396582
0
0
0
0
0.2396582
0
0
0.2396582
0
0
0
0
0.2396582
0
0
0.2396582
0
0
0
0
0.1793929
0
0
0
0
7.654464
7.664466
10.03266
11.05463
10.25011
10.21937
11.12844
10.22237
0
0
0
0
0
0
0
0
0
0
0
0
0
0
0
0
0
0
0
0
0
0
0
0
0
0
0
0
0
0
0
0
0
0
0
0
0
0
0
0
0
0
0
0
0
0
0
0
0
0
0
0
0
0
0
0
0
0
0
0
0
0
7.654464
7.654464
10.21937
11.1333
10.21937
10.21937
11.1333
10.21937
0
0
0
0
0
0
0
0
0
0
0
0
0
0
0
0
0
0
0
0
0
0
0
0
0
0
0
0
0
0
0
0
0
0
0
0
0
0
0
0
0
0
0
0
0
0
0
0
0
0
0
0
0
0
0
0
0
0
0
0
0
0
7.654464
7.654464
10.21937
11.1333
10.21937
10.21937
11.1333
10.21937
0
0
0
0
0
0
0
0
0
0
0
0
0
0
0
0
0
0
0
0
0
0
0
0
0
0
0
0
0
0
0
0
0
0
0
0
0
0
0
0
0
0
0
0
0
0
0
0
0
0
0
0
0
0
0
0
0
0
0
0
0
0
7.654464
7.654464
10.21937
11.1333
10.21937
10.21937
11.1333
10.21937
0
0
0
0
0
0
0
0
0
0
0
0
0
0
0
0
0
0
0
0
0
0
0
0
0
0
0
0
0
0
0
0
0
0
0
0
0
0
0
0
0
0
0
0
0
0
0
0
0
0
0
0
0
0
0
0
0
0
0
0
0
0
7.654464
7.654464
10.21937
11.1333
10.21937
10.21937
11.1333
10.21937
0
0
0
0
0
0
0
0
0
0
0
0
0
0
0
0
0
0
0
0
0
0
0
0
0
0
0
0
0
0
0
0
0
0
0
0
0
0
0
0
0
0
0
0
0
0
0
0
0
0
0
0
0
0
0
0
0
0
0
0
0
0
8.518444
7.80193
10.21937
11.13073
10.22466
10.16164
11.07885
10.27432
0
0
0
0
0
0
0
0
0
0
0
3.258071
1.214161
0.4096394
0
0.7266749
0
0
0
0
0
0
0
0
0
0
0
0
0
0.6742598
0
0
0.6742598
0
0
0
0
0
0
0
0
0
0
0
0
0
0.6742598
0
0
0.6742598
0
0
0
0
0
0
0
0
0
0
0
0
0
0.6742598
0
0
0.6742598
0
0
0
0
0
0
0
0
0
0
0
0
0
0.6742598
0
0
0.6742598
0
0
0
0
0
0
0
0
0
0
0
0
0
0
0
0
0
0
0.614003
0
0
0
0
0.02447937
0
0
7.335849
6.995832
2.262983
7.283635
7.902166
10.00324
12.51546
7.90924
7.36587
7.306778
7.368589
7.283635
6.954697
2.227422
7.283635
7.306778
7.306778
7.308129
7.306778
7.306778
7.308129
7.283635
6.954697
2.227422
7.283635
7.306778
7.306778
7.308129
7.306778
7.306778
7.308129
7.283635
6.954697
2.227422
7.283635
7.306778
7.306778
7.308129
7.306778
7.306778
7.308129
7.283635
6.954697
2.227422
7.283635
7.306778
7.306778
7.308129
7.306778
7.306778
7.308129
6.736775
6.587795
1.703074
4.160833
0
7.247532
7.306778
7.247434
6.688259
4.030125
0
6.68299
7.368589
7.368589
7.308129
7.90924
10.01156
12.51993
7.90924
7.368589
7.308129
7.368589
7.308129
7.308129
7.308129
7.308129
7.308129
7.308129
7.308129
7.308129
7.308129
7.308129
7.308129
7.308129
7.308129
7.308129
7.308129
7.308129
7.308129
7.308129
7.308129
7.308129
7.308129
7.308129
7.308129
7.308129
7.308129
7.308129
7.308129
7.308129
7.308129
7.308129
7.308129
7.308129
7.308129
7.308129
7.308129
7.308129
6.68299
6.68299
4.019788
0
7.247434
7.308129
7.247434
6.68299
4.019788
0
6.68299
7.368589
7.368589
7.308129
7.90924
10.01156
12.51993
7.90924
7.368589
7.308129
7.368589
7.308129
7.308129
7.308129
7.308129
7.308129
7.308129
7.308129
7.308129
7.308129
7.308129
7.308129
7.308129
7.308129
7.308129
7.308129
7.308129
7.308129
7.308129
7.308129
7.308129
7.308129
7.308129
7.308129
7.308129
7.308129
7.308129
7.308129
7.308129
7.308129
7.308129
7.308129
7.308129
7.308129
7.308129
7.308129
7.308129
6.68299
6.68299
4.019788
0
7.247434
7.308129
7.247434
6.68299
4.019788
0
6.68299
7.368589
7.368589
7.308129
7.90924
10.01156
12.51993
7.90924
7.368589
7.308129
7.368589
7.308129
7.308129
7.308129
7.308129
7.308129
7.308129
7.308129
7.308129
7.308129
7.308129
7.308129
7.308129
7.308129
7.308129
7.308129
7.308129
7.308129
7.308129
7.308129
7.308129
7.308129
7.308129
7.308129
7.308129
7.308129
7.308129
7.308129
7.308129
7.308129
7.308129
7.308129
7.308129
7.308129
7.308129
7.308129
7.308129
6.68299
6.68299
4.019788
0
7.247434
7.308129
7.247434
6.68299
4.019788
0
6.68299
7.368589
7.368589
7.308129
7.90924
10.01156
12.51993
7.90924
7.368589
7.308129
7.368589
7.308129
7.308129
7.308129
7.308129
7.308129
7.308129
7.308129
7.308129
7.308129
7.308129
7.308129
7.308129
7.308129
7.308129
7.308129
7.308129
7.308129
7.308129
7.308129
7.308129
7.308129
7.308129
7.308129
7.308129
7.308129
7.308129
7.308129
7.308129
7.308129
7.308129
7.308129
7.308129
7.308129
7.308129
7.308129
7.308129
6.68299
6.68299
4.019788
0
7.247434
7.308129
7.247434
6.68299
4.019788
0
6.68299
7.368278
7.368589
7.309244
7.841971
9.910641
12.47107
7.483678
2.96607
7.360556
7.308594
7.117406
2.67375
7.309244
7.308129
7.309244
7.308594
7.308594
7.076651
2.638042
7.308594
7.308594
7.076651
2.638042
7.309244
7.308129
7.309244
7.308594
7.308594
7.076651
2.638042
7.308594
7.308594
7.076651
2.638042
7.309244
7.308129
7.309244
7.308594
7.308594
7.076651
2.638042
7.308594
7.308594
7.076651
2.638042
7.309244
7.308129
7.309244
7.308594
7.308594
7.076651
2.638042
7.308594
7.308594
7.076651
2.638042
6.690373
6.68299
4.031718
0
7.25669
7.308594
7.039126
2.588015
6.758821
4.176692
0
6.704501
2.115348
)
;
    }
    air_to_floor
    {
        type            calculated;
        value           nonuniform List<scalar> 
900
(
51.1569
51.1569
51.1569
51.1569
51.1569
51.1569
51.1569
51.1569
51.1569
51.1569
51.1569
51.1569
51.1569
51.1569
51.1569
51.1569
51.1569
51.1569
51.1569
51.1569
51.1569
51.1569
51.1569
51.1569
51.1569
51.1569
51.1569
51.1569
51.1569
51.1569
51.1569
51.1569
51.1569
51.1569
51.1569
51.1569
51.1569
51.1569
51.1569
51.1569
51.1569
51.1569
51.1569
51.1569
51.1569
51.1569
51.1569
51.1569
51.1569
51.1569
51.1569
51.1569
51.1569
51.1569
51.1569
51.1569
51.1569
51.1569
51.1569
51.1569
51.1569
51.1569
51.1569
51.1569
51.1569
51.1569
51.1569
51.1569
51.1569
51.1569
51.1569
51.1569
51.1569
51.1569
51.1569
51.1569
51.1569
51.1569
51.1569
51.1569
51.1569
51.1569
51.1569
51.1569
51.1569
51.1569
51.1569
51.1569
51.1569
51.1569
51.1569
51.1569
51.1569
51.1569
51.1569
51.1569
51.1569
51.1569
51.1569
51.1569
51.1569
51.1569
51.1569
51.1569
51.1569
51.1569
51.1569
51.1569
51.1569
51.1569
51.1569
51.1569
51.1569
51.1569
51.1569
51.1569
51.1569
51.1569
51.1569
51.1569
51.1569
51.1569
51.1569
51.1569
51.1569
51.1569
51.1569
51.1569
51.1569
51.1569
51.1569
51.1569
51.1569
51.1569
51.1569
51.1569
51.1569
51.1569
51.1569
51.1569
51.1569
51.1569
51.1569
51.1569
51.1569
51.1569
51.1569
51.1569
51.1569
51.1569
51.1569
51.1569
51.1569
51.1569
51.1569
51.1569
51.1569
51.1569
51.1569
51.1569
51.1569
51.1569
51.1569
51.1569
51.1569
51.1569
51.1569
51.1569
51.1569
51.1569
51.1569
51.1569
51.1569
51.1569
51.1569
51.1569
51.1569
51.1569
51.1569
51.1569
51.1569
51.1569
51.1569
51.1569
51.1569
51.1569
51.1569
51.1569
51.1569
51.1569
51.1569
51.1569
51.1569
51.1569
51.1569
51.1569
51.1569
51.1569
51.1569
51.1569
51.1569
51.1569
51.1569
51.1569
51.1569
51.1569
51.1569
51.1569
51.1569
51.1569
51.1569
51.1569
51.1569
51.1569
51.1569
51.1569
51.1569
51.1569
51.1569
51.1569
51.1569
51.1569
51.1569
51.1569
51.1569
51.1569
51.1569
51.1569
51.1569
51.1569
51.1569
51.1569
51.1569
51.1569
51.1569
51.1569
51.1569
51.1569
51.1569
51.1569
51.1569
51.1569
51.1569
51.1569
51.1569
51.1569
51.1569
51.1569
51.1569
51.1569
51.1569
51.1569
51.1569
51.1569
51.1569
51.1569
51.1569
51.1569
51.1569
51.1569
51.1569
51.1569
51.1569
51.1569
51.1569
51.1569
51.1569
51.1569
51.1569
51.1569
51.1569
51.1569
51.1569
51.1569
51.1569
51.1569
51.1569
51.1569
51.1569
51.1569
51.1569
51.1569
51.1569
51.1569
51.1569
51.1569
51.1569
51.1569
51.1569
51.1569
51.1569
51.1569
51.1569
51.1569
51.1569
51.1569
51.1569
51.1569
51.1569
51.1569
51.1569
51.1569
51.1569
51.1569
51.1569
51.1569
51.1569
51.1569
51.1569
51.1569
51.1569
51.1569
51.1569
51.1569
51.1569
51.1569
51.1569
51.1569
51.1569
51.1569
51.1569
51.1569
51.1569
51.1569
51.1569
51.1569
51.1569
51.1569
51.1569
51.1569
51.1569
51.1569
51.1569
51.1569
51.1569
51.1569
51.1569
51.1569
51.1569
51.1569
51.1569
51.1569
51.1569
51.1569
51.1569
51.1569
51.1569
51.1569
51.1569
51.1569
51.1569
51.1569
51.1569
51.1569
51.1569
51.1569
51.1569
51.1569
51.1569
51.1569
51.1569
51.1569
51.1569
51.1569
51.1569
51.1569
51.1569
51.1569
51.1569
51.1569
51.1569
51.1569
51.1569
51.1569
51.1569
51.1569
51.1569
51.1569
51.1569
51.1569
51.1569
51.1569
51.1569
51.1569
51.1569
51.1569
51.1569
51.1569
0
0
51.1569
51.1569
51.1569
51.1569
51.1569
51.1569
51.1569
51.1569
51.1569
51.1569
51.1569
51.1569
51.1569
51.1569
51.1569
51.1569
51.1569
51.1569
51.1569
51.1569
51.1569
51.1569
51.1569
51.1569
51.1569
51.1569
51.1569
51.1569
0
0
51.1569
51.1569
51.1569
51.1569
51.1569
51.1569
51.1569
51.1569
51.1569
51.1569
51.1569
51.1569
51.1569
51.1569
51.1569
51.1569
51.1569
51.1569
51.1569
51.1569
51.1569
51.1569
51.1569
51.1569
51.1569
51.1569
51.1569
51.1569
0
0
51.1569
51.1569
51.1569
51.1569
51.1569
51.1569
51.1569
51.1569
51.1569
51.1569
51.1569
51.1569
51.1569
51.1569
51.1569
51.1569
51.1569
51.1569
51.1569
51.1569
51.1569
51.1569
51.1569
51.1569
51.1569
51.1569
51.1569
51.1569
0
0
51.1569
51.1569
51.1569
51.1569
51.1569
51.1569
51.1569
51.1569
51.1569
51.1569
51.1569
51.1569
51.1569
51.1569
51.1569
51.1569
51.1569
51.1569
51.1569
51.1569
51.1569
51.1569
51.1569
51.1569
51.1569
51.1569
51.1569
51.1569
0
0
51.1569
51.1569
51.1569
51.1569
51.1569
51.1569
51.1569
51.1569
51.1569
51.1569
51.1569
51.1569
51.1569
51.1569
51.1569
51.1569
51.1569
51.1569
51.1569
51.1569
51.1569
51.1569
51.1569
51.1569
51.1569
51.1569
51.1569
51.1569
51.1569
0
51.1569
51.1569
51.1569
51.1569
51.1569
51.1569
51.1569
51.1569
51.1569
51.1569
51.1569
51.1569
51.1569
51.1569
51.1569
51.1569
51.1569
51.1569
51.1569
51.1569
51.1569
51.1569
51.1569
51.1569
51.1569
51.1569
51.1569
51.1569
51.1569
51.1569
51.1569
51.1569
51.1569
51.1569
51.1569
51.1569
51.1569
51.1569
51.1569
51.1569
51.1569
51.1569
51.1569
51.1569
51.1569
51.1569
51.1569
51.1569
51.1569
51.1569
51.1569
51.1569
51.1569
51.1569
51.1569
51.1569
51.1569
51.1569
51.1569
51.1569
51.1569
51.1569
51.1569
51.1569
51.1569
51.1569
51.1569
51.1569
51.1569
51.1569
51.1569
51.1569
51.1569
51.1569
51.1569
51.1569
51.1569
51.1569
51.1569
51.1569
51.1569
51.1569
51.1569
51.1569
51.1569
51.1569
51.1569
51.1569
51.1569
51.1569
51.1569
51.1569
51.1569
51.1569
51.1569
51.1569
51.1569
51.1569
51.1569
51.1569
51.1569
51.1569
51.1569
51.1569
51.1569
51.1569
51.1569
51.1569
51.1569
51.1569
51.1569
51.1569
51.1569
51.1569
51.1569
51.1569
51.1569
51.1569
51.1569
51.1569
51.1569
51.1569
51.1569
51.1569
51.1569
51.1569
51.1569
51.1569
51.1569
51.1569
51.1569
51.1569
51.1569
51.1569
51.1569
51.1569
51.1569
51.1569
51.1569
51.1569
51.1569
51.1569
51.1569
51.1569
51.1569
51.1569
51.1569
51.1569
51.1569
51.1569
51.1569
51.1569
51.1569
51.1569
51.1569
51.1569
51.1569
51.1569
51.1569
51.1569
51.1569
51.1569
51.1569
51.1569
51.1569
51.1569
51.1569
51.1569
51.1569
51.1569
51.1569
51.1569
51.1569
51.1569
51.1569
51.1569
51.1569
51.1569
51.1569
51.1569
51.1569
51.1569
51.1569
51.1569
51.1569
51.1569
51.1569
51.1569
51.1569
51.1569
51.1569
51.1569
51.1569
51.1569
51.1569
51.1569
51.1569
51.1569
51.1569
51.1569
51.1569
51.1569
51.1569
51.1569
51.1569
51.1569
51.1569
51.1569
51.1569
51.1569
51.1569
51.1569
51.1569
51.1569
51.1569
51.1569
51.1569
51.1569
51.1569
51.1569
51.1569
51.1569
51.1569
51.1569
51.1569
51.1569
51.1569
51.1569
51.1569
51.1569
51.1569
51.1569
51.1569
51.1569
51.1569
51.1569
51.1569
51.1569
51.1569
51.1569
51.1569
51.1569
51.1569
51.1569
51.1569
51.1569
51.1569
51.1569
51.1569
51.1569
51.1569
51.1569
51.1569
51.1569
51.1569
51.1569
51.1569
51.1569
51.1569
51.1569
51.1569
51.1569
51.1569
51.1569
51.1569
51.1569
51.1569
51.1569
51.1569
51.1569
51.1569
51.1569
51.1569
51.1569
51.1569
51.1569
51.1569
51.1569
51.1569
51.1569
51.1569
51.1569
51.1569
51.1569
51.1569
51.1569
51.1569
51.1569
51.1569
51.1569
51.1569
51.1569
51.1569
51.1569
51.1569
51.1569
51.1569
51.1569
51.1569
51.1569
51.1569
51.1569
51.1569
51.1569
51.1569
51.1569
51.1569
51.1569
51.1569
51.1569
51.1569
51.1569
51.1569
51.1569
51.1569
51.1569
51.1569
51.1569
51.1569
51.1569
51.1569
51.1569
51.1569
51.1569
51.1569
51.1569
51.1569
51.1569
51.1569
51.1569
51.1569
51.1569
51.1569
51.1569
51.1569
51.1569
51.1569
51.1569
51.1569
51.1569
51.1569
51.1569
51.1569
51.1569
51.1569
51.1569
51.1569
51.1569
51.1569
51.1569
51.1569
51.1569
51.1569
51.1569
51.1569
51.1569
51.1569
51.1569
51.1569
51.1569
)
;
    }
}


// ************************************************************************* //
