/*--------------------------------*- C++ -*----------------------------------*\
| =========                 |                                                 |
| \\      /  F ield         | OpenFOAM: The Open Source CFD Toolbox           |
|  \\    /   O peration     | Version:  2506                                  |
|   \\  /    A nd           | Website:  www.openfoam.com                      |
|    \\/     M anipulation  |                                                 |
\*---------------------------------------------------------------------------*/
FoamFile
{
    version     2.0;
    format      ascii;
    arch        "LSB;label=32;scalar=64";
    class       volScalarField;
    location    "3500/floor";
    object      damage;
}
// * * * * * * * * * * * * * * * * * * * * * * * * * * * * * * * * * * * * * //

dimensions      [0 0 0 0 0 0 0];

internalField   nonuniform List<scalar> 
2700
(
0.03611047
0.03614455
0.03618419
0.03622123
0.03625448
0.0362839
0.03630967
0.03633206
0.03635135
0.0363676
0.03638073
0.03639094
0.0363986
0.0364038
0.03640642
0.03640636
0.03640366
0.03639834
0.03639031
0.03637948
0.03636563
0.03634859
0.03632829
0.03630465
0.03627749
0.03624664
0.03621198
0.03617358
0.03613292
0.03609845
0.03614486
0.03617857
0.0362177
0.03625416
0.03628675
0.0363155
0.03634059
0.03636229
0.03638091
0.03639652
0.03640912
0.03641894
0.03642631
0.03643131
0.03643382
0.03643376
0.03643116
0.03642601
0.03641824
0.03640772
0.03639426
0.0363777
0.03635793
0.03633486
0.0363083
0.03627808
0.03624407
0.03620631
0.03616625
0.03613224
0.03618535
0.0362185
0.03625686
0.03629248
0.0363242
0.03635206
0.03637629
0.03639714
0.03641497
0.03642986
0.03644185
0.0364512
0.03645822
0.03646296
0.03646534
0.03646528
0.03646279
0.03645788
0.03645042
0.03644031
0.03642736
0.03641141
0.03639232
0.03636998
0.0363442
0.03631481
0.03628163
0.03624471
0.03620544
0.03617203
0.03622351
0.03625601
0.03629352
0.03632823
0.036359
0.03638594
0.03640927
0.03642927
0.03644631
0.03646049
0.03647189
0.03648077
0.03648742
0.03649191
0.03649416
0.03649409
0.03649173
0.03648705
0.03647993
0.03647024
0.03645782
0.0364425
0.03642412
0.03640254
0.03637757
0.03634903
0.03631674
0.03628071
0.03624227
0.0362095
0.03625789
0.03628973
0.03632638
0.03636015
0.03638999
0.036416
0.03643845
0.03645763
0.0364739
0.03648739
0.03649822
0.03650664
0.03651293
0.03651718
0.0365193
0.03651924
0.036517
0.03651256
0.03650576
0.03649649
0.03648459
0.03646989
0.0364522
0.03643136
0.0364072
0.03637951
0.0363481
0.03631295
0.03627536
0.03624325
0.03628844
0.03631963
0.03635542
0.03638828
0.03641721
0.03644233
0.03646393
0.03648232
0.03649785
0.0365107
0.03652098
0.03652896
0.03653492
0.03653894
0.03654094
0.03654088
0.03653876
0.03653454
0.03652806
0.03651919
0.03650779
0.03649367
0.03647664
0.03645652
0.03643313
0.03640627
0.03637571
0.03634142
0.03630466
0.03627319
0.03631529
0.03634585
0.03638082
0.03641282
0.03644088
0.03646517
0.03648597
0.03650361
0.03651845
0.03653069
0.03654046
0.03654803
0.03655368
0.03655749
0.0365594
0.03655934
0.03655733
0.03655332
0.03654714
0.03653864
0.03652769
0.03651413
0.03649772
0.03647827
0.03645561
0.03642951
0.03639976
0.0363663
0.03633032
0.03629947
0.03633866
0.03636862
0.03640281
0.03643401
0.03646126
0.03648477
0.03650483
0.03652178
0.03653599
0.03654766
0.03655697
0.03656417
0.03656953
0.03657316
0.03657497
0.03657492
0.03657302
0.0365692
0.03656329
0.03655514
0.03654461
0.03653155
0.0365157
0.03649686
0.03647487
0.03644949
0.03642049
0.03638779
0.03635257
0.03632229
0.03635909
0.03638827
0.03642167
0.0364521
0.0364786
0.03650139
0.03652077
0.03653708
0.03655072
0.03656188
0.03657077
0.03657763
0.03658274
0.0365862
0.03658794
0.0365879
0.0365861
0.03658246
0.03657679
0.03656895
0.03655881
0.03654619
0.03653086
0.03651257
0.03649119
0.03646647
0.03643816
0.03640618
0.03637164
0.03634191
0.03637914
0.03640554
0.03643759
0.03646722
0.03649305
0.03651519
0.03653397
0.03654973
0.03656286
0.03657357
0.03658209
0.03658866
0.03659356
0.03659688
0.03659855
0.03659852
0.03659681
0.03659333
0.03658788
0.0365803
0.03657049
0.03655827
0.03654335
0.03652547
0.03650456
0.03648041
0.03645271
0.03642135
0.03638746
0.03635828
0.03641432
0.03642419
0.03645121
0.03647956
0.03650475
0.03652635
0.03654462
0.03655991
0.03657261
0.03658295
0.03659115
0.03659749
0.03660221
0.03660542
0.03660704
0.03660702
0.03660539
0.03660205
0.03659678
0.03658942
0.03657988
0.03656791
0.03655305
0.03653481
0.03651381
0.03648998
0.03646271
0.03643188
0.03639874
0.03637049
0.03651141
0.03645299
0.03646383
0.03648943
0.0365139
0.03653504
0.0365529
0.03656782
0.03658018
0.03659022
0.03659818
0.03660432
0.0366089
0.03661202
0.0366136
0.0366136
0.03661204
0.0366088
0.03660368
0.0365965
0.03658709
0.03657494
0.03655838
0.03653516
0.03651054
0.03648584
0.03645817
0.0364272
0.03639586
0.0363715
0.0364949
0.03646064
0.0364721
0.03649673
0.03652069
0.03654147
0.03655901
0.03657363
0.03658573
0.03659554
0.03660331
0.0366093
0.03661378
0.03661684
0.0366184
0.03661841
0.0366169
0.03661375
0.03660874
0.03660166
0.03659212
0.03657821
0.03655252
0.0365019
0.03645531
0.03642386
0.03638983
0.03635284
0.03632743
0.03632082
0.03666862
0.03650741
0.03648395
0.03650235
0.03652526
0.03654572
0.03656303
0.03657745
0.03658937
0.03659903
0.03660667
0.03661256
0.03661697
0.03661999
0.03662153
0.03662156
0.03662008
0.03661699
0.03661204
0.03660497
0.03659485
0.03657621
0.03652497
0.03638642
0.03626436
0.03620992
0.03614673
0.03610641
0.03609508
0.03613687
0.03672066
0.03652438
0.03648911
0.03650508
0.03652754
0.03654783
0.03656503
0.03657935
0.03659117
0.03660076
0.03660835
0.03661418
0.03661854
0.03662153
0.03662307
0.0366231
0.03662164
0.03661858
0.03661367
0.03660661
0.03659624
0.03657573
0.03651522
0.03634911
0.0362049
0.0361435
0.03607388
0.03602967
0.03600373
0.03599733
0.03672826
0.03652682
0.03648958
0.03650514
0.03652753
0.03654782
0.03656502
0.03657934
0.03659118
0.03660085
0.03660863
0.03661426
0.03661855
0.03662152
0.03662305
0.03662308
0.03662162
0.03661856
0.03661365
0.03660658
0.03659614
0.03657519
0.03651272
0.0363414
0.03619327
0.03613061
0.03606
0.03601422
0.03598168
0.0359577
0.0367176
0.03652163
0.03648656
0.03650268
0.03652527
0.03654568
0.03656299
0.03657743
0.03658949
0.03659989
0.03660938
0.03661342
0.03661709
0.03661996
0.03662148
0.0366215
0.03662002
0.03661693
0.03661198
0.03660486
0.03659436
0.03657334
0.03651079
0.03633938
0.03619115
0.03612837
0.0360576
0.03601139
0.03597723
0.03594957
0.03666059
0.03650132
0.03647877
0.03649754
0.03652071
0.0365414
0.03655894
0.03657366
0.03658655
0.03660076
0.03662092
0.03661452
0.0366146
0.03661686
0.03661831
0.03661832
0.0366168
0.03661365
0.03660862
0.03660141
0.03659087
0.03657015
0.0365094
0.03634304
0.03619854
0.03613679
0.03606665
0.03602107
0.03598663
0.03595819
0.0364708
0.03644777
0.0364637
0.0364894
0.0365138
0.03653493
0.03655281
0.03656801
0.0365828
0.03660778
0.03666578
0.03662187
0.03661152
0.03661219
0.03661348
0.03661345
0.03661188
0.03660864
0.0366035
0.0365962
0.03658579
0.03656682
0.0365152
0.03637624
0.03625371
0.03619874
0.03613519
0.03609707
0.03606323
0.03603458
0.03640062
0.03642129
0.03645075
0.03647936
0.03650456
0.03652615
0.03654443
0.03655981
0.0365733
0.03658804
0.03660863
0.03660256
0.03660289
0.0366053
0.03660681
0.03660679
0.03660515
0.0366018
0.03659652
0.03658912
0.0365792
0.03656483
0.03653863
0.03648744
0.03644022
0.03640812
0.03637399
0.03634194
0.03630886
0.03627956
0.03637679
0.0364048
0.03643726
0.03646695
0.03649278
0.03651491
0.03653368
0.03654945
0.03656272
0.03657416
0.03658452
0.03658923
0.03659339
0.03659657
0.03659821
0.03659818
0.03659647
0.03659298
0.03658753
0.03657994
0.03657004
0.0365573
0.03654008
0.03651614
0.03649073
0.03646523
0.03643711
0.0364074
0.03637733
0.03634471
0.03635853
0.03638787
0.03642131
0.03645173
0.03647823
0.036501
0.03652037
0.03653668
0.03655033
0.03656157
0.03657066
0.0365773
0.03658232
0.03658576
0.03658749
0.03658744
0.03658564
0.036582
0.03657633
0.03656848
0.03655833
0.03654564
0.03652996
0.03651083
0.0364889
0.0364643
0.0364379
0.03641519
0.03640323
0.03635322
0.0363382
0.03636817
0.03640236
0.03643354
0.03646078
0.03648427
0.03650432
0.03652125
0.03653546
0.03654713
0.03655644
0.03656361
0.03656896
0.03657258
0.03657439
0.03657433
0.03657243
0.03656861
0.0365627
0.03655455
0.03654402
0.03653095
0.03651508
0.03649616
0.0364742
0.03644956
0.03642584
0.03642097
0.03646807
0.03636153
0.03631473
0.03634529
0.03638025
0.03641223
0.03644027
0.03646454
0.03648532
0.03650294
0.03651777
0.03652999
0.03653975
0.03654731
0.03655295
0.03655675
0.03655865
0.03655859
0.03655659
0.03655257
0.03654639
0.0365379
0.03652696
0.03651341
0.036497
0.03647756
0.03645494
0.03642917
0.03640141
0.03637725
0.03636387
0.03631274
0.03628777
0.03631895
0.03635472
0.03638756
0.03641647
0.03644157
0.03646315
0.03648151
0.03649702
0.03650985
0.03652011
0.03652808
0.03653403
0.03653804
0.03654004
0.03653998
0.03653786
0.03653364
0.03652717
0.0365183
0.03650691
0.0364928
0.03647579
0.03645569
0.03643233
0.03640555
0.03637544
0.036343
0.03631013
0.0362753
0.03625711
0.03628893
0.03632555
0.0363593
0.03638911
0.0364151
0.03643753
0.03645668
0.03647293
0.0364864
0.03649721
0.03650561
0.03651189
0.03651613
0.03651825
0.03651818
0.03651594
0.0365115
0.03650472
0.03649546
0.03648357
0.03646888
0.03645121
0.03643039
0.03640626
0.0363786
0.03634728
0.03631243
0.03627537
0.03624285
0.03622261
0.0362551
0.03629258
0.03632726
0.036358
0.03638491
0.03640821
0.03642819
0.0364452
0.03645936
0.03647074
0.0364796
0.03648624
0.03649072
0.03649296
0.03649289
0.03649053
0.03648586
0.03647874
0.03646907
0.03645666
0.03644136
0.036423
0.03640144
0.0363765
0.03634799
0.03631574
0.03627977
0.03624141
0.03620863
0.03618435
0.03621748
0.03625581
0.0362914
0.03632308
0.03635091
0.03637511
0.03639593
0.03641374
0.0364286
0.03644057
0.0364499
0.0364569
0.03646163
0.03646401
0.03646394
0.03646146
0.03645655
0.0364491
0.036439
0.03642607
0.03641014
0.03639108
0.03636876
0.03634302
0.03631365
0.03628051
0.03624363
0.03620439
0.036171
0.03614376
0.03617747
0.03621654
0.03625297
0.03628553
0.03631425
0.03633931
0.03636097
0.03637957
0.03639517
0.03640773
0.03641752
0.03642488
0.03642986
0.03643237
0.0364323
0.0364297
0.03642456
0.0364168
0.03640629
0.03639286
0.03637632
0.03635658
0.03633353
0.03630701
0.03627682
0.03624284
0.03620512
0.0361651
0.03613112
0.03610931
0.0361434
0.03618294
0.03621998
0.03625316
0.03628257
0.03630831
0.03633067
0.03634993
0.03636621
0.03637928
0.03638943
0.03639707
0.03640225
0.03640487
0.03640481
0.03640211
0.0363968
0.03638878
0.03637796
0.03636413
0.03634712
0.03632685
0.03630324
0.03627611
0.0362453
0.03621067
0.03617232
0.03613169
0.03609726
0.01700925
0.01708431
0.0171677
0.01724483
0.01731393
0.01737504
0.01742853
0.01747497
0.01751499
0.01754869
0.01757586
0.01759695
0.01761281
0.01762356
0.01762896
0.01762877
0.01762308
0.01761195
0.01759521
0.01757264
0.01754381
0.01750834
0.01746608
0.01741691
0.01736041
0.01729625
0.01722414
0.01714412
0.01705843
0.01698237
0.01708518
0.0171594
0.01724162
0.01731744
0.0173851
0.01744473
0.01749675
0.01754169
0.01758026
0.01761258
0.01763861
0.01765887
0.01767411
0.01768444
0.0176896
0.01768939
0.01768391
0.01767318
0.01765698
0.0176351
0.01760714
0.01757271
0.01753162
0.01748368
0.01742851
0.01736573
0.01729504
0.01721642
0.01713205
0.01705702
0.01717057
0.0172435
0.01732408
0.01739811
0.01746391
0.01752168
0.01757188
0.01761506
0.01765199
0.01768281
0.01770759
0.01772687
0.01774136
0.01775116
0.01775604
0.01775583
0.0177506
0.01774035
0.01772482
0.0177038
0.01767691
0.01764376
0.0176041
0.01755771
0.01750418
0.01744313
0.0173742
0.01729734
0.01721464
0.01714093
0.01725015
0.01732166
0.01740044
0.01747254
0.01753638
0.01759221
0.01764056
0.01768197
0.01771726
0.01774661
0.01777016
0.01778847
0.0178022
0.01781146
0.01781606
0.01781585
0.01781088
0.01780112
0.0177863
0.01776616
0.01774036
0.01770853
0.01767034
0.01762553
0.0175737
0.01751443
0.01744734
0.01737233
0.01729139
0.01721909
0.01732175
0.01739181
0.01746874
0.0175389
0.01760078
0.0176547
0.01770121
0.01774091
0.0177746
0.01780253
0.01782489
0.01784224
0.01785523
0.01786399
0.01786833
0.01786812
0.0178634
0.01785413
0.01783999
0.01782071
0.01779598
0.01776544
0.0177287
0.01768544
0.01763528
0.01757779
0.01751253
0.01743937
0.01736021
0.01728934
0.01738535
0.01745397
0.0175291
0.01759737
0.01765735
0.01770942
0.01775416
0.01779221
0.01782437
0.01785095
0.01787218
0.01788862
0.01790091
0.0179092
0.0179133
0.01791309
0.01790862
0.01789981
0.01788632
0.01786787
0.01784417
0.01781485
0.01777949
0.01773772
0.01768916
0.01763338
0.0175699
0.01749853
0.01742112
0.01735165
0.01744125
0.01750851
0.01758191
0.01764838
0.01770655
0.01775688
0.01779996
0.01783646
0.01786719
0.0178925
0.01791267
0.01792827
0.01793991
0.01794776
0.01795165
0.01795145
0.01794721
0.01793883
0.01792595
0.01790827
0.01788552
0.01785735
0.01782327
0.01778288
0.01773584
0.01768166
0.01761987
0.01755022
0.01747447
0.01740635
0.0174899
0.01755584
0.01762762
0.0176924
0.0177489
0.0177976
0.01783915
0.01787422
0.01790364
0.01792779
0.01794699
0.01796182
0.01797288
0.01798034
0.01798404
0.01798385
0.01797983
0.01797185
0.01795952
0.01794254
0.01792066
0.01789352
0.01786062
0.0178215
0.01777585
0.01772316
0.01766293
0.01759487
0.01752068
0.01745384
0.01753235
0.01759668
0.01766682
0.01773001
0.01778495
0.01783215
0.01787228
0.01790605
0.01793427
0.01795736
0.01797569
0.01798983
0.01800036
0.01800748
0.01801102
0.01801084
0.01800703
0.01799941
0.01798758
0.01797124
0.01795015
0.01792395
0.01789211
0.01785414
0.01780975
0.01775844
0.01769966
0.01763308
0.01756035
0.0174947
0.01757345
0.01763231
0.01769986
0.01776145
0.01781499
0.01786086
0.01789974
0.01793234
0.01795951
0.01798167
0.01799923
0.01801277
0.01802286
0.01802969
0.01803309
0.01803294
0.01802931
0.01802201
0.01801062
0.01799483
0.01797442
0.01794903
0.01791807
0.01788101
0.01783766
0.01778754
0.01773002
0.01766476
0.01759336
0.01752885
0.0176487
0.01767004
0.01772787
0.01778705
0.0178393
0.01788404
0.01792187
0.01795351
0.01797979
0.01800118
0.01801811
0.01803115
0.01804088
0.01804748
0.01805076
0.01805064
0.01804716
0.01804014
0.01802912
0.01801378
0.01799392
0.0179691
0.01793849
0.01790118
0.01785797
0.0178086
0.01775199
0.01768769
0.01761767
0.0175548
0.01791975
0.01773172
0.01775346
0.01780742
0.01785831
0.01790211
0.01793909
0.01796995
0.01799553
0.0180163
0.01803273
0.01804538
0.01805482
0.01806124
0.01806444
0.01806435
0.018061
0.0180542
0.01804348
0.01802849
0.01800897
0.01798408
0.01795124
0.01790656
0.01785777
0.01780719
0.01774953
0.01768306
0.01761561
0.01755887
0.01780273
0.01773749
0.01776929
0.0178224
0.01787239
0.01791547
0.01795179
0.01798205
0.01800708
0.01802739
0.01804343
0.01805578
0.018065
0.01807129
0.01807444
0.01807437
0.01807113
0.01806449
0.018054
0.01803924
0.01801964
0.0179924
0.01794585
0.01785472
0.01776672
0.01770433
0.01762959
0.01752813
0.01746671
0.01744121
0.01823164
0.01782725
0.01779082
0.01783356
0.01788184
0.01792431
0.01796016
0.01799
0.01801466
0.01803465
0.01805043
0.01806257
0.01807165
0.01807785
0.01808097
0.01808092
0.01807775
0.01807123
0.01806088
0.0180462
0.01802585
0.01799157
0.0179018
0.01762429
0.01736834
0.01725975
0.01709515
0.01698128
0.01694483
0.01703576
0.01832986
0.01785621
0.01779999
0.017839
0.01788655
0.01792871
0.01796432
0.01799395
0.01801842
0.01803826
0.01805392
0.01806592
0.01807493
0.01808108
0.01808418
0.01808415
0.01808101
0.01807455
0.01806427
0.01804965
0.018029
0.01799211
0.01788833
0.01756405
0.01726854
0.01714783
0.01696804
0.01684722
0.0167844
0.01675934
0.01834229
0.01785988
0.01780066
0.01783907
0.01788653
0.01792868
0.0179643
0.01799393
0.01801842
0.01803839
0.01805437
0.01806605
0.01807493
0.01808105
0.01808415
0.01808411
0.01808097
0.01807451
0.01806423
0.01804959
0.01802886
0.01799137
0.01788481
0.01755261
0.01725086
0.01712814
0.01694645
0.01682329
0.0167503
0.0166943
0.01832368
0.01785055
0.01779471
0.01783401
0.01788182
0.01792424
0.01796009
0.01798996
0.01801484
0.01803605
0.01805515
0.01806395
0.01807182
0.01807778
0.01808087
0.01808082
0.01807764
0.01807112
0.01806076
0.01804602
0.01802516
0.01798752
0.0178808
0.01754842
0.01724646
0.01712351
0.01694152
0.01681781
0.01674247
0.01668075
0.01821624
0.01781506
0.01778013
0.01782358
0.01787239
0.01791534
0.01795166
0.01798208
0.01800841
0.01803652
0.01807805
0.01806491
0.01806632
0.01807129
0.01807428
0.01807419
0.01807094
0.0180643
0.01805378
0.01803886
0.01801786
0.01798054
0.01787627
0.01755146
0.01725535
0.01713396
0.01695346
0.01683275
0.01675825
0.0166942
0.01777476
0.01771364
0.01775224
0.01780725
0.0178581
0.01790189
0.01793891
0.01797023
0.0180001
0.01805083
0.01819983
0.0180799
0.01805937
0.01806149
0.01806421
0.01806406
0.01806071
0.0180539
0.01804316
0.018028
0.01800707
0.01797211
0.01788155
0.01760319
0.01734628
0.01723673
0.01707363
0.01699
0.01691844
0.01685514
0.01761588
0.01766359
0.01772688
0.01778666
0.01783894
0.01788367
0.0179215
0.01795329
0.01798087
0.01801005
0.01805247
0.01804001
0.01804193
0.01804722
0.01805034
0.01805019
0.0180467
0.01803967
0.01802864
0.01801323
0.01799286
0.01796468
0.01791707
0.01782476
0.01773546
0.01767183
0.01759884
0.01753172
0.01746174
0.01739732
0.01756869
0.01763086
0.01769923
0.01776092
0.01781446
0.01786032
0.01789918
0.0179318
0.01795918
0.01798255
0.01800344
0.01801363
0.01802249
0.01802909
0.01803244
0.01803228
0.01802864
0.01802134
0.01800995
0.01799414
0.01797362
0.01794752
0.01791333
0.01786715
0.0178167
0.01776444
0.01770578
0.01764288
0.01757772
0.0175075
0.01753128
0.01759591
0.01766613
0.01772931
0.01778424
0.01783142
0.01787153
0.01790528
0.01793351
0.01795672
0.01797539
0.01798916
0.01799955
0.01800663
0.01801015
0.01800997
0.01800615
0.01799852
0.0179867
0.01797035
0.01794924
0.01792294
0.01789064
0.01785148
0.01780628
0.01775513
0.01769915
0.01764755
0.01761755
0.01751255
0.01748903
0.01755498
0.01762674
0.0176915
0.01774797
0.01779665
0.01783817
0.01787322
0.01790261
0.01792675
0.01794597
0.01796075
0.01797178
0.01797922
0.01798291
0.01798272
0.0179787
0.01797071
0.01795838
0.01794141
0.01791953
0.01789239
0.01785945
0.01782023
0.01777462
0.01772303
0.01767123
0.01765432
0.0177841
0.01752288
0.01744019
0.01750743
0.0175808
0.01764723
0.01770538
0.01775567
0.01779871
0.01783518
0.01786588
0.01789116
0.01791131
0.01792688
0.0179385
0.01794634
0.01795022
0.01795001
0.01794578
0.01793739
0.01792452
0.01790685
0.01788412
0.01785595
0.0178219
0.01778153
0.01773455
0.01768083
0.01762201
0.01756738
0.01753439
0.01742695
0.01738406
0.01745266
0.01752775
0.01759598
0.01765592
0.01770794
0.01775265
0.01779065
0.01782278
0.01784932
0.01787051
0.01788693
0.0178992
0.01790747
0.01791156
0.01791135
0.01790688
0.01789807
0.01788459
0.01786616
0.01784247
0.01781318
0.01777785
0.01773611
0.0176876
0.01763195
0.01756912
0.01750051
0.01742947
0.01735441
0.01732024
0.01739026
0.01746715
0.01753727
0.01759909
0.01765297
0.01769942
0.01773907
0.01777272
0.01780061
0.01782294
0.01784026
0.01785322
0.01786196
0.01786629
0.01786608
0.01786136
0.0178521
0.01783797
0.01781871
0.01779401
0.0177635
0.01772679
0.01768357
0.01763346
0.01757603
0.01751092
0.01743818
0.01735983
0.01728835
0.01724843
0.0173199
0.01739862
0.01747067
0.01753445
0.01759023
0.01763852
0.01767988
0.01771512
0.01774443
0.01776794
0.01778621
0.0177999
0.01780916
0.01781374
0.01781353
0.01780856
0.01779881
0.017784
0.01776389
0.01773812
0.01770632
0.01766818
0.01762341
0.01757163
0.01751242
0.0174454
0.01737049
0.01728969
0.01721737
0.01716863
0.01724153
0.01732204
0.01739602
0.01746175
0.01751946
0.01756961
0.01761272
0.0176496
0.01768038
0.01770511
0.01772435
0.01773881
0.01774859
0.01775345
0.01775324
0.01774802
0.01773777
0.01772227
0.01770128
0.01767442
0.01764131
0.0176017
0.01755536
0.01750189
0.01744089
0.01737203
0.01729524
0.01721261
0.01713895
0.01708307
0.01715725
0.01723937
0.01731515
0.01738272
0.01744231
0.01749427
0.01753914
0.01757766
0.01760996
0.01763592
0.01765612
0.01767133
0.01768163
0.01768678
0.01768657
0.01768109
0.01767037
0.01765419
0.01763235
0.01760442
0.01757004
0.017529
0.01748112
0.01742601
0.0173633
0.01729267
0.01721412
0.01712982
0.01705485
0.01700703
0.01708212
0.01716528
0.01724242
0.01731138
0.01737249
0.0174259
0.01747229
0.01751224
0.017546
0.01757304
0.01759404
0.01760985
0.01762059
0.01762597
0.01762578
0.01762009
0.01760898
0.01759225
0.01756972
0.01754093
0.01750551
0.01746331
0.01741419
0.01735775
0.01729366
0.01722163
0.01714168
0.01705607
0.01698008
0.01103569
0.01122065
0.01141368
0.01159023
0.01174815
0.01188775
0.01200985
0.01211578
0.0122071
0.01228399
0.01234584
0.01239372
0.01242983
0.01245436
0.01246662
0.01246599
0.0124528
0.01242722
0.0123888
0.01233716
0.01227117
0.01218994
0.01209322
0.01198075
0.01185153
0.01170481
0.01153988
0.01135654
0.01115785
0.01097007
0.01122325
0.01140599
0.01159609
0.0117694
0.01192376
0.01205975
0.0121783
0.01228055
0.01236841
0.01244198
0.01250109
0.01254699
0.0125816
0.01260507
0.01261673
0.01261608
0.01260342
0.0125788
0.01254172
0.01249175
0.01242788
0.01234921
0.01225534
0.01214591
0.01201994
0.01187659
0.01171511
0.01153518
0.0113397
0.01115455
0.0114214
0.01160093
0.01178715
0.01195627
0.01210631
0.01223798
0.01235234
0.01245056
0.01253466
0.01260481
0.01266107
0.01270476
0.01273763
0.01275988
0.01277089
0.01277023
0.01275815
0.01273465
0.01269914
0.01265114
0.01258973
0.01251405
0.0124235
0.01231763
0.01219546
0.01205611
0.01189871
0.01172285
0.01153125
0.01134933
0.01160393
0.01177997
0.01196198
0.01212667
0.0122722
0.01239944
0.01250954
0.01260374
0.0126841
0.0127509
0.01280436
0.01284583
0.01287696
0.012898
0.01290836
0.0129077
0.01289622
0.01287385
0.01283994
0.01279394
0.01273504
0.01266238
0.01257522
0.01247296
0.01235468
0.01221942
0.01206625
0.01189462
0.0117071
0.01152861
0.01176788
0.01194036
0.01211811
0.01227833
0.01241939
0.01254225
0.01264815
0.01273844
0.01281513
0.01287869
0.01292944
0.01296874
0.01299818
0.01301805
0.01302781
0.01302716
0.01301625
0.012995
0.01296264
0.01291861
0.01286216
0.01279245
0.0127086
0.01260988
0.01249543
0.01236423
0.01221525
0.01204785
0.01186445
0.01168944
0.01191352
0.0120825
0.01225606
0.01241194
0.01254865
0.01266727
0.01276915
0.01285568
0.01292887
0.01298933
0.0130375
0.01307474
0.01310258
0.01312136
0.01313057
0.01312992
0.01311958
0.01309937
0.0130685
0.01302635
0.01297223
0.01290533
0.01282464
0.0127293
0.01261853
0.01249124
0.01234632
0.01218305
0.01200367
0.0118321
0.01204156
0.01220718
0.01237675
0.01252848
0.01266108
0.01277571
0.01287379
0.01295679
0.01302672
0.01308428
0.01313005
0.01316536
0.01319173
0.01320951
0.01321824
0.01321759
0.01320778
0.01318855
0.01315905
0.01311864
0.01306669
0.01300239
0.01292464
0.01283247
0.01272514
0.01260153
0.01246046
0.01230111
0.01212559
0.01195731
0.01215293
0.01231537
0.01248118
0.01262905
0.01275782
0.01286876
0.01296334
0.0130431
0.01311003
0.01316495
0.01320852
0.01324209
0.01326713
0.01328403
0.01329233
0.0132917
0.01328237
0.01326403
0.01323578
0.01319694
0.01314696
0.01308502
0.01300993
0.01292065
0.01281649
0.01269628
0.01255878
0.01240308
0.01223117
0.012066
0.01224979
0.01240866
0.01257078
0.01271503
0.01284024
0.01294774
0.01303909
0.01311586
0.01318007
0.01323256
0.01327416
0.01330615
0.01333002
0.01334615
0.01335406
0.01335346
0.01334458
0.01332706
0.01329994
0.01326252
0.01321431
0.01315451
0.01308186
0.01299521
0.01289396
0.0127769
0.01264273
0.01249044
0.0123219
0.01215962
0.01234034
0.01248906
0.01264615
0.0127869
0.01290891
0.01301336
0.01310185
0.01317598
0.01323778
0.01328816
0.01332802
0.01335866
0.01338151
0.013397
0.01340459
0.01340403
0.01339556
0.01337875
0.01335261
0.01331643
0.01326976
0.01321181
0.01314122
0.01305676
0.01295797
0.01284366
0.0127124
0.01256312
0.01239763
0.01223806
0.01250023
0.01256929
0.01270908
0.01284526
0.01296444
0.01306633
0.01315243
0.01322437
0.01328418
0.0133328
0.01337123
0.01340076
0.01342281
0.01343778
0.0134451
0.01344459
0.01343646
0.01342025
0.01339492
0.01335974
0.01331432
0.01325776
0.01318838
0.0131044
0.01300665
0.01289429
0.01276519
0.01261796
0.0124553
0.01229887
0.0133661
0.01270099
0.01276457
0.01289142
0.01300783
0.01310763
0.0131918
0.01326199
0.01332019
0.01336744
0.01340473
0.0134334
0.01345479
0.01346932
0.01347647
0.01347602
0.01346817
0.01345246
0.0134278
0.01339339
0.01334881
0.01329268
0.01322096
0.01312722
0.01302196
0.0129085
0.01277753
0.01262179
0.01246252
0.01231548
0.01280987
0.01270046
0.01279908
0.01292539
0.01304
0.01313817
0.01322084
0.01328966
0.01334663
0.01339283
0.01342925
0.01345724
0.01347815
0.01349239
0.01349941
0.01349901
0.01349138
0.01347604
0.01345188
0.01341805
0.01337369
0.01331485
0.01322424
0.01305556
0.01288473
0.01275284
0.01258166
0.01225202
0.01207963
0.01198576
0.0140328
0.01287
0.0128396
0.01294966
0.01306147
0.01315837
0.01323999
0.01330787
0.013364
0.01340948
0.01344531
0.01347281
0.01349341
0.01350746
0.01351441
0.01351406
0.01350657
0.01349147
0.01346764
0.0134341
0.01338897
0.01332056
0.01315994
0.01254508
0.01196005
0.01174207
0.0112848
0.01092144
0.0107922
0.01102689
0.0142125
0.0129181
0.01285695
0.01296159
0.01307217
0.01316844
0.01324952
0.01331692
0.01337261
0.01341773
0.01345328
0.0134805
0.01350093
0.01351488
0.0135218
0.01352147
0.01351406
0.01349908
0.01347541
0.01344203
0.01339666
0.01332497
0.01314479
0.01245427
0.01180287
0.01156594
0.01107687
0.01070227
0.01052703
0.01043437
0.01423126
0.01292316
0.01285781
0.01296167
0.01307214
0.01316839
0.01324947
0.01331687
0.01337259
0.0134179
0.01345391
0.01348066
0.01350091
0.01351482
0.01352173
0.0135214
0.01351398
0.013499
0.01347533
0.01344193
0.01339644
0.013324
0.01314018
0.01243854
0.01177806
0.01153824
0.01104591
0.0106681
0.01047831
0.01033295
0.0141986
0.01290527
0.0128449
0.0129502
0.01306138
0.01315822
0.01323984
0.01330776
0.01336419
0.01341146
0.01345264
0.01347478
0.01349358
0.01350731
0.01351421
0.01351384
0.01350634
0.01349124
0.01346739
0.01343377
0.01338801
0.01331523
0.01313103
0.01242898
0.01176803
0.01152769
0.01103476
0.01065627
0.01046344
0.01030945
0.01398772
0.01284325
0.01281539
0.0129269
0.01303989
0.01313791
0.01322058
0.01328962
0.01334849
0.01340706
0.01349221
0.01347146
0.01347997
0.01349229
0.01349908
0.01349865
0.013491
0.01347565
0.01345146
0.01341741
0.01337124
0.01329858
0.01311731
0.01242559
0.01177281
0.01153438
0.01104426
0.01067601
0.01050054
0.01032718
0.01286166
0.0126561
0.01276141
0.01289094
0.0130074
0.01310718
0.0131914
0.01326226
0.01332721
0.0134302
0.01386194
0.01349616
0.01346178
0.01346954
0.01347598
0.01347545
0.01346758
0.01345186
0.01342717
0.01339254
0.01334614
0.01327619
0.01311381
0.01249701
0.01190979
0.01168982
0.01124031
0.01104858
0.01088336
0.01072683
0.01243195
0.01255741
0.01270723
0.01284446
0.0129637
0.01306558
0.01315168
0.01322383
0.01328552
0.01334651
0.01343364
0.01341445
0.01342409
0.01343714
0.01344423
0.01344367
0.01343553
0.01341931
0.01339395
0.01335868
0.01331262
0.01325168
0.01315867
0.01298733
0.01281354
0.01267894
0.01251548
0.01236291
0.01220024
0.01204175
0.01233195
0.01248649
0.01264492
0.01278582
0.01290782
0.01301225
0.01310071
0.01317486
0.01323695
0.01328909
0.01333428
0.01335954
0.01338059
0.01339574
0.01340328
0.01340269
0.0133942
0.01337739
0.01335124
0.01331503
0.01326822
0.01320939
0.01313457
0.01303743
0.01292841
0.01281102
0.01267745
0.01253127
0.0123752
0.01220692
0.0122478
0.01240715
0.01256937
0.01271361
0.01283878
0.01294624
0.01303755
0.01311429
0.0131785
0.01323116
0.01327323
0.01330468
0.01332832
0.01334439
0.01335229
0.01335167
0.01334278
0.01332525
0.01329812
0.0132607
0.01321248
0.01315255
0.01307932
0.01299113
0.01288878
0.01277193
0.01264154
0.01251149
0.01242026
0.01218529
0.01215117
0.01231361
0.01247937
0.0126272
0.01275592
0.0128668
0.01296133
0.01304104
0.01310793
0.01316281
0.01320639
0.01323988
0.01326487
0.01328174
0.01329002
0.01328937
0.01328004
0.0132617
0.01323345
0.01319462
0.01314465
0.01308271
0.01300759
0.01291819
0.0128141
0.01269538
0.01257028
0.01250432
0.01291563
0.01218124
0.01203937
0.01220495
0.01237446
0.01252613
0.01265865
0.01277321
0.01287122
0.01295416
0.01302402
0.01308153
0.01312724
0.0131625
0.01318883
0.01320658
0.01321529
0.01321463
0.01320481
0.01318559
0.0131561
0.01311571
0.01306379
0.01299952
0.01292181
0.01282968
0.01272246
0.01259947
0.01246247
0.01232544
0.01222728
0.01198635
0.01191088
0.01207979
0.01225327
0.01240906
0.01254568
0.01266423
0.01276601
0.01285246
0.01292557
0.01298597
0.01303406
0.01307124
0.01309904
0.01311779
0.01312699
0.01312632
0.01311598
0.01309578
0.01306493
0.01302281
0.01296874
0.01290188
0.01282125
0.01272598
0.0126153
0.01248821
0.01234416
0.01218469
0.01201492
0.01183482
0.01176478
0.01193717
0.01211482
0.01227495
0.0124159
0.01253866
0.01264446
0.01273465
0.01281126
0.01287473
0.0129254
0.01296464
0.01299403
0.01301387
0.01302361
0.01302294
0.01301204
0.0129908
0.01295847
0.01291448
0.01285809
0.01278844
0.01270466
0.01260603
0.01249167
0.01236058
0.01221183
0.01204502
0.01186277
0.01168694
0.01160037
0.01177632
0.01195822
0.01212279
0.01226821
0.01239534
0.01250532
0.01259941
0.01267967
0.01274638
0.01279976
0.01284115
0.01287223
0.01289323
0.01290356
0.0129029
0.01289142
0.01286908
0.0128352
0.01278925
0.01273042
0.01265783
0.01257075
0.01246859
0.01235041
0.01221527
0.01206223
0.01189077
0.01170348
0.01152501
0.01141741
0.01159685
0.01178294
0.01195194
0.01210184
0.01223339
0.01234762
0.01244572
0.01252971
0.01259978
0.01265594
0.01269954
0.01273235
0.01275456
0.01276554
0.01276488
0.01275281
0.01272934
0.01269387
0.01264592
0.01258459
0.01250899
0.01241853
0.01231277
0.01219072
0.01205149
0.01189423
0.0117185
0.01152705
0.01134524
0.01121889
0.01140155
0.01159145
0.01176465
0.01191885
0.01205473
0.01217314
0.01227527
0.012363
0.01243653
0.0124955
0.01254129
0.01257583
0.01259925
0.01261089
0.01261024
0.01259758
0.01257299
0.01253596
0.01248606
0.01242226
0.01234369
0.01224992
0.0121406
0.01201476
0.01187155
0.01171021
0.01153043
0.0113351
0.01115008
0.01103107
0.01121613
0.0114086
0.01158524
0.01174283
0.01188245
0.01200438
0.01211019
0.01220133
0.01227843
0.01233996
0.01238767
0.01242369
0.01244816
0.01246039
0.01245976
0.01244658
0.01242103
0.01238266
0.01233109
0.01226518
0.01218406
0.01208744
0.01197509
0.01184601
0.01169944
0.01153466
0.01135148
0.01115293
0.0109653
)
;

boundaryField
{
    fmaxY
    {
        type            calculated;
        value           nonuniform List<scalar> 
90
(
0.03610931
0.01700703
0.01103107
0.0361434
0.01708212
0.01121613
0.03618294
0.01716528
0.0114086
0.03621998
0.01724242
0.01158524
0.03625316
0.01731138
0.01174283
0.03628257
0.01737249
0.01188245
0.03630831
0.0174259
0.01200438
0.03633067
0.01747229
0.01211019
0.03634993
0.01751224
0.01220133
0.03636621
0.017546
0.01227843
0.03637928
0.01757304
0.01233996
0.03638943
0.01759404
0.01238767
0.03639707
0.01760985
0.01242369
0.03640225
0.01762059
0.01244816
0.03640487
0.01762597
0.01246039
0.03640481
0.01762578
0.01245976
0.03640211
0.01762009
0.01244658
0.0363968
0.01760898
0.01242103
0.03638878
0.01759225
0.01238266
0.03637796
0.01756972
0.01233109
0.03636413
0.01754093
0.01226518
0.03634712
0.01750551
0.01218406
0.03632685
0.01746331
0.01208744
0.03630324
0.01741419
0.01197509
0.03627611
0.01735775
0.01184601
0.0362453
0.01729366
0.01169944
0.03621067
0.01722163
0.01153466
0.03617232
0.01714168
0.01135148
0.03613169
0.01705607
0.01115293
0.03609726
0.01698008
0.0109653
)
;
    }
    fminX
    {
        type            calculated;
        value           nonuniform List<scalar> 
90
(
0.03611047
0.03614486
0.03618535
0.03622351
0.03625789
0.03628844
0.03631529
0.03633866
0.03635909
0.03637914
0.03641432
0.03651141
0.0364949
0.03666862
0.03672066
0.03672826
0.0367176
0.03666059
0.0364708
0.03640062
0.03637679
0.03635853
0.0363382
0.03631473
0.03628777
0.03625711
0.03622261
0.03618435
0.03614376
0.03610931
0.01700925
0.01708518
0.01717057
0.01725015
0.01732175
0.01738535
0.01744125
0.0174899
0.01753235
0.01757345
0.0176487
0.01791975
0.01780273
0.01823164
0.01832986
0.01834229
0.01832368
0.01821624
0.01777476
0.01761588
0.01756869
0.01753128
0.01748903
0.01744019
0.01738406
0.01732024
0.01724843
0.01716863
0.01708307
0.01700703
0.01103569
0.01122325
0.0114214
0.01160393
0.01176788
0.01191352
0.01204156
0.01215293
0.01224979
0.01234034
0.01250023
0.0133661
0.01280987
0.0140328
0.0142125
0.01423126
0.0141986
0.01398772
0.01286166
0.01243195
0.01233195
0.0122478
0.01215117
0.01203937
0.01191088
0.01176478
0.01160037
0.01141741
0.01121889
0.01103107
)
;
    }
    fmaxX
    {
        type            calculated;
        value           nonuniform List<scalar> 
90
(
0.03609845
0.03613224
0.03617203
0.0362095
0.03624325
0.03627319
0.03629947
0.03632229
0.03634191
0.03635828
0.03637049
0.0363715
0.03632082
0.03613687
0.03599733
0.0359577
0.03594957
0.03595819
0.03603458
0.03627956
0.03634471
0.03635322
0.03636153
0.03631274
0.0362753
0.03624285
0.03620863
0.036171
0.03613112
0.03609726
0.01698237
0.01705702
0.01714093
0.01721909
0.01728934
0.01735165
0.01740635
0.01745384
0.0174947
0.01752885
0.0175548
0.01755887
0.01744121
0.01703576
0.01675934
0.0166943
0.01668075
0.0166942
0.01685514
0.01739732
0.0175075
0.01751255
0.01752288
0.01742695
0.01735441
0.01728835
0.01721737
0.01713895
0.01705485
0.01698008
0.01097007
0.01115455
0.01134933
0.01152861
0.01168944
0.0118321
0.01195731
0.012066
0.01215962
0.01223806
0.01229887
0.01231548
0.01198576
0.01102689
0.01043437
0.01033295
0.01030945
0.01032718
0.01072683
0.01204175
0.01220692
0.01218529
0.01218124
0.01198635
0.01183482
0.01168694
0.01152501
0.01134524
0.01115008
0.0109653
)
;
    }
    fminY
    {
        type            calculated;
        value           nonuniform List<scalar> 
90
(
0.03611047
0.01700925
0.01103569
0.03614455
0.01708431
0.01122065
0.03618419
0.0171677
0.01141368
0.03622123
0.01724483
0.01159023
0.03625448
0.01731393
0.01174815
0.0362839
0.01737504
0.01188775
0.03630967
0.01742853
0.01200985
0.03633206
0.01747497
0.01211578
0.03635135
0.01751499
0.0122071
0.0363676
0.01754869
0.01228399
0.03638073
0.01757586
0.01234584
0.03639094
0.01759695
0.01239372
0.0363986
0.01761281
0.01242983
0.0364038
0.01762356
0.01245436
0.03640642
0.01762896
0.01246662
0.03640636
0.01762877
0.01246599
0.03640366
0.01762308
0.0124528
0.03639834
0.01761195
0.01242722
0.03639031
0.01759521
0.0123888
0.03637948
0.01757264
0.01233716
0.03636563
0.01754381
0.01227117
0.03634859
0.01750834
0.01218994
0.03632829
0.01746608
0.01209322
0.03630465
0.01741691
0.01198075
0.03627749
0.01736041
0.01185153
0.03624664
0.01729625
0.01170481
0.03621198
0.01722414
0.01153988
0.03617358
0.01714412
0.01135654
0.03613292
0.01705843
0.01115785
0.03609845
0.01698237
0.01097007
)
;
    }
    fminZ
    {
        type            calculated;
        value           nonuniform List<scalar> 
900
(
0.05682673
0.05685942
0.05689791
0.05693418
0.05696686
0.05699589
0.05702141
0.05704362
0.05706304
0.0570821
0.05711554
0.05720783
0.05719214
0.05735725
0.05740671
0.05741394
0.05740381
0.05734962
0.05716922
0.05710252
0.05707987
0.05706251
0.05704319
0.05702088
0.05699526
0.05696611
0.05693332
0.05689695
0.05685838
0.05682563
0.05685912
0.05689146
0.05692941
0.05696507
0.05699712
0.05702554
0.05705046
0.0570721
0.05709078
0.0571072
0.05712492
0.0571523
0.05715957
0.05720402
0.05722015
0.05722247
0.05721754
0.05719823
0.05714733
0.05712217
0.05710649
0.0570904
0.05707168
0.05704993
0.05702489
0.05699636
0.0569642
0.05692844
0.05689041
0.05685803
0.0568968
0.05692865
0.05696588
0.05700072
0.05703195
0.05705955
0.0570837
0.0571046
0.05712252
0.05713766
0.0571506
0.0571626
0.05717046
0.05718173
0.05718662
0.05718708
0.05718421
0.0571768
0.05716248
0.05715017
0.05713735
0.05712218
0.05710417
0.05708315
0.05705889
0.05703117
0.05699983
0.05696488
0.05692755
0.05689561
0.05693201
0.05696331
0.05699974
0.05703371
0.05706405
0.05709079
0.05711412
0.05713425
0.05715145
0.05716582
0.05717755
0.05718693
0.05719387
0.05719921
0.05720181
0.05720186
0.05719952
0.05719464
0.05718691
0.05717737
0.05716556
0.0571511
0.05713381
0.05711355
0.05709011
0.05706325
0.05703279
0.05699871
0.05696218
0.05693082
0.05696361
0.05699429
0.05702988
0.05706296
0.05709241
0.05711829
0.05714079
0.05716016
0.05717664
0.05719038
0.05720149
0.0572102
0.05721664
0.05722099
0.05722315
0.05722315
0.057221
0.05721667
0.0572101
0.05720131
0.05719011
0.05717629
0.0571597
0.05714021
0.05711758
0.05709158
0.05706201
0.05702882
0.05699312
0.05696236
0.05699158
0.05702161
0.05705636
0.05708856
0.05711714
0.05714217
0.05716387
0.0571825
0.0571983
0.05721142
0.05722202
0.05723029
0.05723639
0.05724043
0.05724245
0.05724243
0.0572404
0.05723633
0.05723018
0.05722184
0.05721115
0.05719793
0.05718203
0.05716327
0.05714144
0.05711629
0.05708759
0.05705527
0.05702042
0.05699032
0.05701607
0.05704546
0.05707939
0.05711074
0.05713848
0.0571627
0.05718364
0.05720157
0.05721672
0.05722927
0.05723939
0.05724726
0.05725306
0.05725689
0.05725879
0.05725878
0.05725685
0.057253
0.05724717
0.05723921
0.05722899
0.05721634
0.05720108
0.05718303
0.05716195
0.0571376
0.05710974
0.05707827
0.05704424
0.05701477
0.05703735
0.05706608
0.05709921
0.05712975
0.05715671
0.05718017
0.05720041
0.05721768
0.05723223
0.05724425
0.05725392
0.05726144
0.05726696
0.0572706
0.0572724
0.05727239
0.05727058
0.057267
0.05726162
0.05725383
0.05724398
0.05723185
0.05721718
0.05719978
0.0571794
0.0571558
0.05712873
0.05709806
0.05706483
0.05703603
0.05705569
0.05708378
0.05711616
0.05714595
0.05717217
0.05719494
0.05721452
0.05723119
0.05724519
0.05725672
0.05726599
0.05727319
0.05727846
0.05728192
0.05728364
0.05728364
0.05728204
0.05727924
0.05727568
0.05726665
0.05725659
0.05724482
0.05723068
0.05721387
0.05719415
0.05717125
0.0571449
0.05711499
0.05708251
0.05705434
0.05707114
0.05709862
0.05713031
0.05715943
0.057185
0.05720715
0.05722615
0.05724228
0.0572558
0.05726691
0.05727583
0.05728273
0.05728779
0.05729111
0.05729276
0.05729284
0.05729192
0.05729275
0.05729942
0.05728066
0.05726747
0.05725551
0.05724177
0.05722549
0.05720634
0.05718405
0.05715835
0.05712911
0.05709734
0.05706981
0.05708362
0.0571106
0.05714171
0.05717026
0.05719529
0.05721692
0.05723544
0.05725113
0.05726424
0.057275
0.05728362
0.0572903
0.05729518
0.05729837
0.05729997
0.05730023
0.05730095
0.05731191
0.05735455
0.05730023
0.05727732
0.05726414
0.05725062
0.05723476
0.0572161
0.05719433
0.05716917
0.05714049
0.05710928
0.05708223
0.05709332
0.05711993
0.05715059
0.0571787
0.05720329
0.0572245
0.05724263
0.05725797
0.05727076
0.05728125
0.05728964
0.05729613
0.05730087
0.05730397
0.0573055
0.05730558
0.05730478
0.05730583
0.05731282
0.05729446
0.0572818
0.05727046
0.05725744
0.05724195
0.05722367
0.05720231
0.05717759
0.05714936
0.05711858
0.05709189
0.0571006
0.05712694
0.05715726
0.05718502
0.05720927
0.05723017
0.057248
0.05726307
0.05727563
0.0572859
0.05729413
0.05730049
0.05730513
0.05730816
0.05730965
0.05730966
0.05730827
0.05730591
0.05730298
0.05729477
0.05728575
0.05727523
0.05726252
0.05724731
0.05722932
0.05720828
0.0571839
0.05715601
0.05712557
0.05709915
0.05710554
0.05713169
0.05716178
0.05718929
0.05721331
0.05723399
0.05725162
0.05726652
0.05727892
0.05728906
0.05729718
0.05730345
0.05730804
0.05731103
0.0573125
0.05731248
0.057311
0.05730805
0.05730362
0.05729707
0.05728876
0.05727849
0.05726596
0.05725092
0.05723314
0.05721231
0.05718816
0.05716051
0.05713031
0.05710407
0.05710803
0.05713408
0.05716404
0.05719143
0.05721533
0.0572359
0.05725343
0.05726824
0.05728057
0.05729065
0.05729872
0.05730496
0.05730951
0.05731249
0.05731395
0.05731394
0.05731244
0.05730944
0.05730484
0.0572985
0.05729033
0.05728014
0.05726768
0.05725273
0.05723504
0.05721432
0.05719029
0.05716277
0.05713269
0.05710656
0.05710798
0.05713402
0.05716397
0.05719136
0.05721527
0.05723584
0.05725338
0.05726819
0.05728053
0.05729062
0.0572987
0.05730496
0.05730953
0.05731252
0.05731399
0.05731397
0.05731247
0.05730944
0.05730482
0.05729848
0.0572903
0.05728009
0.05726763
0.05725267
0.05723498
0.05721426
0.05719022
0.0571627
0.05713263
0.0571065
0.05710541
0.05713154
0.05716161
0.05718912
0.05721314
0.05723382
0.05725147
0.05726639
0.05727882
0.057289
0.05729715
0.05730347
0.05730809
0.05731111
0.0573126
0.05731258
0.05731106
0.057308
0.05730332
0.05729692
0.05728867
0.05727838
0.05726582
0.05725076
0.05723296
0.05721213
0.05718798
0.05716034
0.05713016
0.05710394
0.05710035
0.05712666
0.05715694
0.05718467
0.05720891
0.05722981
0.05724766
0.05726276
0.05727536
0.05728569
0.05729397
0.0573004
0.0573051
0.05730817
0.05730969
0.05730967
0.05730812
0.057305
0.05730024
0.05729374
0.05728536
0.05727492
0.05726219
0.05724695
0.05722895
0.05720791
0.05718354
0.05715568
0.05712528
0.05709888
0.05709272
0.05711926
0.05714985
0.0571779
0.05720246
0.05722365
0.05724178
0.05725714
0.05726997
0.05728051
0.05728896
0.05729553
0.05730033
0.05730348
0.05730502
0.057305
0.05730341
0.05730022
0.05729536
0.05728872
0.05728017
0.05726953
0.05725657
0.05724108
0.0572228
0.05720146
0.05717677
0.0571486
0.05711789
0.05709126
0.05708242
0.05710926
0.05714024
0.05716869
0.05719364
0.05721522
0.05723371
0.05724939
0.05726251
0.05727331
0.05728198
0.0572887
0.0572936
0.05729676
0.05729832
0.05729829
0.05729665
0.05729337
0.05728842
0.05728169
0.05727296
0.05726207
0.05724882
0.057233
0.05721438
0.05719266
0.05716758
0.057139
0.05710791
0.05708098
0.05706926
0.05709647
0.05712794
0.05715689
0.05718233
0.05720438
0.0572233
0.05723938
0.05725287
0.05726398
0.0572729
0.05727976
0.05728453
0.05728713
0.05728846
0.05728836
0.05728667
0.05728335
0.05727852
0.05727226
0.05726356
0.05725242
0.05723882
0.05722261
0.05720354
0.05718136
0.05715579
0.05712671
0.05709514
0.05706784
0.05705307
0.05708073
0.05711278
0.05714233
0.05716836
0.05719096
0.05721041
0.05722696
0.05724089
0.05725236
0.05726152
0.05726821
0.05727131
0.05726942
0.05726896
0.05726845
0.05726669
0.05726366
0.05726049
0.0572586
0.05725144
0.05724036
0.0572264
0.05720972
0.05719014
0.0571674
0.05714124
0.05711157
0.05707942
0.05705167
0.05703377
0.05706194
0.05709463
0.05712485
0.05715154
0.05717478
0.05719481
0.0572119
0.05722631
0.05723818
0.0572474
0.05725247
0.0572469
0.05722071
0.05721144
0.05720907
0.05720723
0.05720591
0.05721143
0.0572337
0.05723508
0.05722546
0.05721131
0.05719413
0.05717397
0.0571506
0.05712379
0.05709345
0.05706065
0.0570324
0.0570113
0.05704001
0.0570734
0.05710434
0.05713174
0.05715565
0.05717632
0.057194
0.05720893
0.05722118
0.05723006
0.0572304
0.05719878
0.05708902
0.05705356
0.05704623
0.05704431
0.05704779
0.05707934
0.05718504
0.05721232
0.05720728
0.05719333
0.05717565
0.05715486
0.05713082
0.0571033
0.05707224
0.05703875
0.05700996
0.05698548
0.05701477
0.0570489
0.05708061
0.05710877
0.05713342
0.05715478
0.05717309
0.0571886
0.05720132
0.05721011
0.057207
0.0571545
0.056973
0.05691649
0.05690543
0.05690342
0.05691044
0.05696288
0.05714016
0.05718817
0.05718643
0.05717245
0.05715415
0.05713266
0.05710788
0.0570796
0.05704777
0.05701354
0.05698417
0.05695616
0.05698605
0.05702095
0.05705349
0.05708245
0.05710789
0.05712998
0.05714897
0.05716511
0.05717836
0.05718745
0.05718352
0.05712461
0.05692126
0.05685813
0.05684587
0.05684375
0.05685175
0.05691063
0.05710965
0.05716393
0.05716305
0.05714903
0.05712965
0.0571072
0.05708159
0.0570525
0.05701986
0.05698485
0.05695488
0.05692321
0.05695371
0.05698942
0.05702279
0.0570526
0.05707884
0.0571017
0.05712141
0.0571382
0.05715203
0.05716154
0.05715722
0.05709227
0.0568612
0.05679195
0.05677876
0.05677648
0.05678508
0.05685022
0.05707721
0.05713721
0.05713795
0.05712649
0.05710327
0.05707858
0.05705182
0.05702184
0.05698835
0.05695255
0.05692197
0.05688672
0.05691783
0.05695433
0.05698854
0.05701919
0.05704625
0.05706989
0.05709033
0.0571078
0.05712223
0.05713223
0.05712779
0.0570571
0.05682288
0.05674993
0.05673524
0.05673256
0.05674176
0.056814
0.05704675
0.05710897
0.05711637
0.05712186
0.05708031
0.05704775
0.05701869
0.05698765
0.0569533
0.0569167
0.05688552
0.05684807
0.05687975
0.056917
0.05695201
0.05698346
0.05701131
0.0570357
0.05705684
0.05707497
0.05709001
0.05710073
0.05709799
0.05703295
0.0568121
0.05672528
0.05670431
0.05670008
0.05670902
0.05678183
0.0570153
0.05708038
0.057105
0.05716663
0.05706759
0.05701651
0.05698347
0.05695119
0.056916
0.05687865
0.0568469
0.05681531
0.05684742
0.05688524
0.05692086
0.05695294
0.0569814
0.05700638
0.05702807
0.05704672
0.05706227
0.05707388
0.05707484
0.05702667
0.05685183
0.05671919
0.05668153
0.0566738
0.05668199
0.05675459
0.05698745
0.05704937
0.05705746
0.05706536
0.05701899
0.05698341
0.05695256
0.05692003
0.05688427
0.05684636
0.05681418
)
;
    }
    floor_to_air
    {
        type            calculated;
        value           nonuniform List<scalar> 
900
(
0.01260945
0.01292155
0.01322845
0.01350721
0.01375641
0.01397663
0.01416917
0.0143361
0.01448013
0.01460145
0.01469882
0.01477403
0.01483092
0.0148696
0.01488891
0.01488774
0.01486672
0.0148262
0.01476544
0.01468391
0.01457969
0.01445136
0.01429856
0.01412105
0.01391709
0.01368551
0.01342519
0.01313556
0.01281929
0.01250215
0.01292639
0.01323457
0.01353653
0.01380985
0.01405306
0.01426725
0.01445389
0.01461468
0.01475298
0.01486876
0.01496157
0.01503354
0.01508792
0.01512483
0.01514313
0.01514193
0.0151218
0.01508291
0.01502439
0.01494565
0.01484497
0.01472094
0.01457292
0.01440049
0.01420196
0.01397603
0.01372147
0.01343751
0.01312661
0.01281403
0.013242
0.01354477
0.01384048
0.01410712
0.01434343
0.01455077
0.01473076
0.01488519
0.01501757
0.01512797
0.01521631
0.01528479
0.01533642
0.0153714
0.01538864
0.01538743
0.01536824
0.01533114
0.01527512
0.01519948
0.01510273
0.01498345
0.01484073
0.01467394
0.01448146
0.01426186
0.01401378
0.01373626
0.01343153
0.01312433
0.01353062
0.01382753
0.01411656
0.01437618
0.01460539
0.01480573
0.014979
0.01512711
0.01525358
0.01535871
0.01544265
0.01550764
0.01555653
0.01558959
0.0156058
0.01560459
0.01558635
0.01555104
0.01549754
0.01542505
0.01533226
0.01521776
0.0150804
0.01491931
0.01473296
0.01451984
0.01427842
0.01400758
0.01370931
0.01340783
0.01378967
0.01408063
0.01436288
0.01461546
0.0148376
0.01503103
0.01519769
0.01533964
0.01546034
0.01556033
0.01564
0.0157016
0.01574782
0.01577904
0.0157943
0.0157931
0.01577576
0.0157422
0.01569116
0.01562176
0.01553283
0.01542299
0.01529088
0.01513535
0.01495505
0.01474832
0.01451352
0.01424936
0.01395762
0.01366196
0.01401982
0.01430492
0.01458052
0.01482622
0.01504151
0.01522827
0.01538858
0.01552462
0.01563979
0.0157349
0.0158105
0.01586886
0.01591255
0.01594205
0.01595646
0.01595525
0.0159388
0.0159069
0.01585818
0.01579173
0.01570646
0.01560105
0.01547393
0.01532374
0.01514923
0.01494867
0.01472028
0.01446264
0.0141773
0.01388736
0.01422219
0.01450168
0.01477092
0.01501008
0.01521888
0.01539933
0.01555367
0.01568416
0.01579418
0.01588473
0.01595656
0.0160119
0.01605327
0.01608119
0.01609484
0.01609363
0.01607801
0.01604763
0.01600108
0.01593734
0.01585547
0.01575417
0.01563168
0.01548646
0.01531738
0.01512263
0.01490032
0.01464887
0.01436965
0.01408523
0.01439816
0.01467235
0.01493562
0.0151687
0.01537148
0.01554612
0.01569495
0.01582035
0.01592567
0.01601204
0.01608046
0.01613307
0.01617236
0.0161989
0.01621186
0.01621066
0.01619581
0.01616682
0.0161222
0.01606091
0.01598211
0.01588452
0.01576622
0.01562553
0.01546143
0.01527203
0.01505533
0.01480963
0.01453615
0.01425692
0.01455087
0.01481952
0.01507705
0.01530441
0.01550156
0.01567077
0.0158145
0.01593521
0.01603623
0.0161188
0.01618411
0.01623426
0.01627171
0.01629706
0.01630941
0.01630825
0.0162941
0.01626637
0.0162235
0.01616442
0.01608839
0.01599417
0.0158797
0.01574316
0.01558366
0.01539925
0.01518781
0.01494751
0.01467937
0.014405
0.01468833
0.01494515
0.01519581
0.01541781
0.01560993
0.01577434
0.01591356
0.01603012
0.01612736
0.0162066
0.01626919
0.01631723
0.0163531
0.01637745
0.0163893
0.01638819
0.01637465
0.01634802
0.01630667
0.01624951
0.01617588
0.01608457
0.01597339
0.01584037
0.01568483
0.01550478
0.01529796
0.01506244
0.01479914
0.01452922
0.01488512
0.0150618
0.01529383
0.01550975
0.01569752
0.01585791
0.01599338
0.01610651
0.01620062
0.01627711
0.01633748
0.01638381
0.01641844
0.01644199
0.01645341
0.01645236
0.01643935
0.01641365
0.01637353
0.0163179
0.01624621
0.01615714
0.01604816
0.01591671
0.01576343
0.01558665
0.01538339
0.01515138
0.01489236
0.01462702
0.01668775
0.01522111
0.01537667
0.01558212
0.01576592
0.01592307
0.01605552
0.0161659
0.01625751
0.01633186
0.01639046
0.01643548
0.01646907
0.01649194
0.01650307
0.01650211
0.01648953
0.01646461
0.01642554
0.01637107
0.01630073
0.01621276
0.01610224
0.015962
0.01580226
0.01562547
0.0154215
0.01518227
0.01492779
0.01467288
0.01534329
0.01524255
0.01543172
0.01563563
0.01581667
0.01597127
0.01610137
0.01620961
0.01629929
0.01637201
0.01642927
0.0164732
0.01650607
0.01652848
0.01653942
0.01653854
0.01652627
0.01650189
0.0164636
0.01641007
0.01634035
0.01625021
0.01612162
0.01590796
0.01568418
0.01549002
0.01524727
0.01458262
0.0142284
0.01402703
0.01766331
0.01542473
0.01548572
0.01567288
0.01585047
0.01600315
0.01613161
0.01623837
0.01632674
0.01639835
0.01645469
0.01649786
0.01653025
0.01655237
0.01656319
0.01656239
0.01655033
0.01652631
0.01648852
0.01643553
0.01636534
0.01626608
0.01606867
0.0151036
0.01417818
0.0138996
0.01310081
0.01240365
0.0120929
0.01252773
0.01784863
0.01547965
0.01550989
0.01569132
0.01586734
0.01601906
0.01614668
0.01625268
0.01634035
0.0164114
0.01646728
0.01651003
0.01654217
0.01656415
0.01657493
0.01657416
0.01656221
0.01653837
0.01650083
0.0164481
0.01637783
0.01627552
0.01605899
0.01501935
0.0140286
0.01373163
0.01290176
0.01219387
0.01183804
0.01163907
0.01786713
0.01548462
0.01551072
0.01569137
0.01586728
0.01601899
0.0161466
0.01625261
0.01634031
0.01641153
0.01646787
0.01651016
0.01654212
0.01656406
0.01657483
0.01657405
0.0165621
0.01653826
0.01650071
0.01644796
0.01637758
0.01627452
0.01605439
0.01500376
0.01400404
0.0137042
0.01287112
0.01216006
0.01178985
0.0115388
0.01782702
0.01545949
0.01549089
0.01567334
0.01585032
0.01600294
0.01613139
0.01623819
0.01632686
0.01640023
0.01646186
0.01649972
0.01653034
0.01655213
0.0165629
0.01656208
0.01655001
0.01652598
0.01648817
0.01643509
0.01636427
0.0162607
0.01603998
0.0149887
0.01398823
0.01368757
0.01285357
0.01214148
0.01176789
0.01150793
0.01750423
0.01538351
0.01544771
0.015637
0.01581645
0.01597089
0.01610099
0.01620944
0.016301
0.01638595
0.0164914
0.01648715
0.01650774
0.01652825
0.01653895
0.01653803
0.01652574
0.01650134
0.01646301
0.01640926
0.01633774
0.01623393
0.01601569
0.01497418
0.01398127
0.01368189
0.01285002
0.01214734
0.01187802
0.01151045
0.01564033
0.01517658
0.01537336
0.01558146
0.01576531
0.01592243
0.01605493
0.01616597
0.01626425
0.01639371
0.01722802
0.01649735
0.01647577
0.01649194
0.01650236
0.01650132
0.01648871
0.01646376
0.01642465
0.01636996
0.01629782
0.01619617
0.01599601
0.01502792
0.01409905
0.01381706
0.01302437
0.01274971
0.01248948
0.01222534
0.01481738
0.01504978
0.0152917
0.01550864
0.01569646
0.01585684
0.01599231
0.01610562
0.01620159
0.01629031
0.01639883
0.01639697
0.01641934
0.01644098
0.01645215
0.01645106
0.01643803
0.01641231
0.01637216
0.01631643
0.0162441
0.0161507
0.01601835
0.01580055
0.0155721
0.01537336
0.01513617
0.01489889
0.01463989
0.01437254
0.01467961
0.01494216
0.01519414
0.01541628
0.01560838
0.01577275
0.01591193
0.01602849
0.01612601
0.01620698
0.01627484
0.01631755
0.01635162
0.01637564
0.01638742
0.01638628
0.01637272
0.01634608
0.01630471
0.01624752
0.01617375
0.01608156
0.01596621
0.01582066
0.01565501
0.01547192
0.01526282
0.01503038
0.01477639
0.01449789
0.01454832
0.01481743
0.01507504
0.01530237
0.01549947
0.01566863
0.01581231
0.01593297
0.01603397
0.01611668
0.01618245
0.01623206
0.01626927
0.01629456
0.01630688
0.01630569
0.01629153
0.01626378
0.01622091
0.01616183
0.01608578
0.01599144
0.0158764
0.01573834
0.01557778
0.01539358
0.01518589
0.01496757
0.01477587
0.01442968
0.01439566
0.01466984
0.01493305
0.01516606
0.01536877
0.01554333
0.01569208
0.01581741
0.01592266
0.01600899
0.01607738
0.0161299
0.01616913
0.01619563
0.01620857
0.01620735
0.01619248
0.01616349
0.01611887
0.0160576
0.01597881
0.01588123
0.01576291
0.01562212
0.01545811
0.0152702
0.01506577
0.01490879
0.01576651
0.01437
0.01421906
0.01449849
0.01476764
0.01500671
0.0152154
0.01539575
0.01554999
0.01568039
0.01579031
0.01588077
0.01595253
0.0160078
0.01604911
0.016077
0.01609062
0.01608939
0.01607377
0.01604339
0.01599685
0.01593315
0.01585132
0.01575007
0.01562763
0.01548247
0.01531353
0.01511942
0.01490115
0.01467179
0.01446906
0.01411288
0.01401604
0.01430104
0.01457652
0.0148221
0.01503727
0.0152239
0.01538408
0.01552
0.01563506
0.01573007
0.01580558
0.01586385
0.01590748
0.01593694
0.01595132
0.0159501
0.01593365
0.01590175
0.01585307
0.01578666
0.01570145
0.01559611
0.01546907
0.01531898
0.01514459
0.01494427
0.01471678
0.01446292
0.01418712
0.0138888
0.01378524
0.01407607
0.01435818
0.01461061
0.01483261
0.01502589
0.0151924
0.01533421
0.01545477
0.01555465
0.01563422
0.01569572
0.01574186
0.01577303
0.01578827
0.01578705
0.01576972
0.01573618
0.01568518
0.01561584
0.01552698
0.01541723
0.01528522
0.01512982
0.01494965
0.01474308
0.01450854
0.01424502
0.01395447
0.01365805
0.01352552
0.0138223
0.01411117
0.01437063
0.01459967
0.01479984
0.01497295
0.0151209
0.01524723
0.01535222
0.01543604
0.01550093
0.01554973
0.01558274
0.01559892
0.01559771
0.01557946
0.01554419
0.01549074
0.01541833
0.01532562
0.01521123
0.01507399
0.01491304
0.01472684
0.01451389
0.01427265
0.01400203
0.01370404
0.01340264
0.01323628
0.01353891
0.01383444
0.0141009
0.01433703
0.01454418
0.014724
0.01487825
0.01501048
0.01512074
0.01520894
0.0152773
0.01532884
0.01536377
0.01538098
0.01537975
0.01536058
0.01532351
0.01526755
0.015192
0.01509535
0.01497619
0.0148336
0.01466697
0.01447466
0.01425524
0.01400735
0.01373003
0.0134255
0.01311847
0.01292013
0.01322819
0.01352986
0.01380303
0.014046
0.01426004
0.01444648
0.01460709
0.01474522
0.01486091
0.01495354
0.01502535
0.01507963
0.01511648
0.01513475
0.01513353
0.01511342
0.01507457
0.01501612
0.01493747
0.01483691
0.01471301
0.01456514
0.01439288
0.01419453
0.0139688
0.01371444
0.01343069
0.01312
0.01280761
0.01260278
0.0129151
0.01322104
0.01350006
0.01374868
0.01396901
0.01416126
0.01432806
0.01447176
0.01459349
0.01469032
0.01476529
0.01482205
0.01486067
0.01487994
0.01487876
0.01485775
0.01481728
0.01475659
0.01467515
0.01457107
0.01444288
0.01429024
0.01411289
0.01390913
0.01367777
0.01341767
0.01312825
0.0128122
0.01249528
)
;
    }
}


// ************************************************************************* //
