/*--------------------------------*- C++ -*----------------------------------*\
| =========                 |                                                 |
| \\      /  F ield         | OpenFOAM: The Open Source CFD Toolbox           |
|  \\    /   O peration     | Version:  2506                                  |
|   \\  /    A nd           | Website:  www.openfoam.com                      |
|    \\/     M anipulation  |                                                 |
\*---------------------------------------------------------------------------*/
FoamFile
{
    version     2.0;
    format      ascii;
    arch        "LSB;label=32;scalar=64";
    class       volScalarField;
    location    "3500/floor";
    object      T;
}
// * * * * * * * * * * * * * * * * * * * * * * * * * * * * * * * * * * * * * //

dimensions      [0 0 0 1 0 0 0];

internalField   nonuniform List<scalar> 
2700
(
301.7288
301.7312
301.7342
301.7371
301.7396
301.7419
301.7439
301.7456
301.7471
301.7484
301.7494
301.7501
301.7507
301.7511
301.7513
301.7513
301.7511
301.7507
301.7501
301.7492
301.7481
301.7468
301.7452
301.7434
301.7413
301.7389
301.7362
301.7333
301.7302
301.7277
301.7313
301.7337
301.7366
301.7394
301.7419
301.7442
301.7461
301.7478
301.7492
301.7504
301.7514
301.7521
301.7527
301.7531
301.7533
301.7533
301.7531
301.7527
301.7521
301.7512
301.7502
301.7489
301.7474
301.7456
301.7435
301.7412
301.7385
301.7356
301.7326
301.7302
301.7344
301.7367
301.7396
301.7423
301.7448
301.7469
301.7488
301.7504
301.7518
301.753
301.7539
301.7546
301.7551
301.7555
301.7557
301.7557
301.7555
301.7551
301.7545
301.7537
301.7527
301.7515
301.75
301.7482
301.7462
301.744
301.7414
301.7385
301.7356
301.7332
301.7373
301.7396
301.7424
301.7451
301.7475
301.7496
301.7514
301.7529
301.7542
301.7553
301.7562
301.7569
301.7574
301.7577
301.7579
301.7579
301.7577
301.7573
301.7568
301.756
301.7551
301.7539
301.7524
301.7508
301.7488
301.7466
301.7441
301.7413
301.7384
301.7361
301.74
301.7422
301.745
301.7476
301.7499
301.7519
301.7536
301.7551
301.7564
301.7574
301.7583
301.7589
301.7594
301.7597
301.7599
301.7599
301.7597
301.7593
301.7588
301.7581
301.7571
301.756
301.7546
301.753
301.7511
301.749
301.7465
301.7438
301.741
301.7387
301.7423
301.7445
301.7472
301.7498
301.752
301.7539
301.7556
301.757
301.7582
301.7592
301.76
301.7606
301.7611
301.7614
301.7616
301.7615
301.7614
301.761
301.7605
301.7598
301.7589
301.7578
301.7565
301.755
301.7531
301.7511
301.7487
301.746
301.7433
301.741
301.7444
301.7466
301.7492
301.7517
301.7538
301.7557
301.7573
301.7587
301.7598
301.7608
301.7615
301.7621
301.7626
301.7629
301.763
301.763
301.7628
301.7625
301.762
301.7614
301.7605
301.7594
301.7582
301.7567
301.7549
301.7529
301.7506
301.748
301.7452
301.743
301.7462
301.7483
301.7509
301.7533
301.7554
301.7573
301.7588
301.7601
301.7612
301.7621
301.7628
301.7634
301.7638
301.7641
301.7642
301.7642
301.764
301.7637
301.7633
301.7626
301.7618
301.7608
301.7596
301.7581
301.7564
301.7544
301.7522
301.7496
301.747
301.7448
301.7479
301.7499
301.7524
301.7547
301.7568
301.7585
301.76
301.7613
301.7624
301.7632
301.7639
301.7644
301.7648
301.7651
301.7652
301.7652
301.7651
301.7648
301.7643
301.7637
301.7629
301.7619
301.7607
301.7593
301.7577
301.7557
301.7535
301.7511
301.7485
301.7463
301.7496
301.7513
301.7536
301.7559
301.7579
301.7596
301.7611
301.7623
301.7633
301.7641
301.7648
301.7653
301.7657
301.7659
301.7661
301.766
301.7659
301.7656
301.7652
301.7646
301.7638
301.7629
301.7617
301.7603
301.7587
301.7568
301.7547
301.7522
301.7497
301.7476
301.7531
301.7531
301.7548
301.7569
301.7588
301.7605
301.7619
301.7631
301.7641
301.7649
301.7655
301.766
301.7664
301.7666
301.7667
301.7667
301.7666
301.7663
301.7659
301.7653
301.7646
301.7636
301.7624
301.761
301.7593
301.7575
301.7553
301.7529
301.7504
301.7484
301.7613
301.7559
301.7559
301.7577
301.7595
301.7612
301.7626
301.7637
301.7647
301.7654
301.7661
301.7665
301.7669
301.7671
301.7672
301.7672
301.7671
301.7668
301.7664
301.7659
301.7651
301.7641
301.7628
301.7609
301.7589
301.7569
301.7546
301.7519
301.7496
301.7478
301.76
301.7564
301.7566
301.7583
301.7601
301.7617
301.763
301.7642
301.7651
301.7659
301.7665
301.7669
301.7673
301.7675
301.7676
301.7676
301.7675
301.7672
301.7668
301.7663
301.7655
301.7643
301.7623
301.7589
301.7551
301.7523
301.7488
301.7444
301.742
301.7409
301.7702
301.7599
301.7576
301.7587
301.7604
301.762
301.7633
301.7645
301.7654
301.7661
301.7667
301.7672
301.7675
301.7678
301.7679
301.7679
301.7677
301.7675
301.7671
301.7665
301.7657
301.7642
301.7608
301.754
301.7464
301.7414
301.7349
301.7295
301.7275
301.7274
301.7743
301.7614
301.7581
301.759
301.7606
301.7622
301.7635
301.7646
301.7655
301.7663
301.7669
301.7673
301.7676
301.7679
301.768
301.768
301.7679
301.7676
301.7672
301.7666
301.7658
301.7641
301.76
301.7517
301.7423
301.7364
301.729
301.7232
301.7207
301.7196
301.775
301.7617
301.7582
301.759
301.7606
301.7622
301.7635
301.7646
301.7655
301.7663
301.7669
301.7673
301.7677
301.7679
301.768
301.768
301.7679
301.7676
301.7672
301.7666
301.7658
301.764
301.7597
301.751
301.7412
301.7352
301.7276
301.7216
301.7187
301.7169
301.7741
301.7612
301.7579
301.7588
301.7604
301.762
301.7633
301.7645
301.7654
301.7663
301.767
301.7673
301.7676
301.7678
301.7679
301.7679
301.7677
301.7675
301.7671
301.7665
301.7656
301.7639
301.7596
301.7508
301.7411
301.735
301.7274
301.7214
301.7183
301.7163
301.7695
301.7593
301.7572
301.7584
301.7601
301.7617
301.763
301.7642
301.7652
301.7664
301.7679
301.7675
301.7674
301.7675
301.7676
301.7676
301.7675
301.7672
301.7668
301.7662
301.7654
301.7637
301.7595
301.7512
301.7418
301.7359
301.7285
301.7228
301.7198
301.7176
301.7587
301.7552
301.7558
301.7577
301.7595
301.7612
301.7626
301.7638
301.765
301.7669
301.7695
301.7679
301.7672
301.7672
301.7672
301.7672
301.7671
301.7668
301.7664
301.7658
301.765
301.7634
301.76
301.7532
301.7456
301.7405
301.7342
301.7305
301.7278
301.7257
301.7516
301.7526
301.7547
301.7569
301.7588
301.7605
301.7619
301.7631
301.7642
301.7655
301.7669
301.7666
301.7665
301.7666
301.7667
301.7667
301.7666
301.7663
301.7659
301.7653
301.7645
301.7633
301.7612
301.7578
301.754
301.7511
301.7479
301.7452
301.7427
301.7406
301.7493
301.7512
301.7536
301.7559
301.7579
301.7596
301.7611
301.7623
301.7633
301.7643
301.7651
301.7654
301.7657
301.7659
301.766
301.766
301.7659
301.7656
301.7652
301.7646
301.7638
301.7628
301.7614
301.7595
301.7573
301.7553
301.753
301.7507
301.7484
301.7461
301.7478
301.7499
301.7524
301.7547
301.7568
301.7585
301.76
301.7613
301.7623
301.7632
301.7639
301.7644
301.7648
301.7651
301.7652
301.7652
301.765
301.7647
301.7643
301.7637
301.7629
301.7619
301.7607
301.7591
301.7574
301.7555
301.7535
301.7517
301.7502
301.7472
301.7462
301.7483
301.7509
301.7533
301.7554
301.7572
301.7588
301.7601
301.7612
301.7621
301.7628
301.7634
301.7638
301.764
301.7642
301.7642
301.764
301.7637
301.7632
301.7626
301.7618
301.7608
301.7595
301.758
301.7563
301.7544
301.7526
301.7516
301.7515
301.7473
301.7444
301.7465
301.7492
301.7516
301.7538
301.7557
301.7573
301.7587
301.7598
301.7607
301.7615
301.7621
301.7625
301.7628
301.7629
301.7629
301.7628
301.7625
301.762
301.7613
301.7604
301.7594
301.7581
301.7566
301.7548
301.7529
301.7508
301.7489
301.7473
301.7442
301.7423
301.7445
301.7472
301.7497
301.752
301.7539
301.7556
301.757
301.7582
301.7592
301.76
301.7606
301.761
301.7613
301.7615
301.7615
301.7613
301.761
301.7605
301.7598
301.7589
301.7578
301.7565
301.7549
301.7531
301.751
301.7487
301.7462
301.7437
301.7413
301.7399
301.7422
301.7449
301.7475
301.7498
301.7518
301.7536
301.7551
301.7563
301.7574
301.7582
301.7588
301.7593
301.7596
301.7598
301.7598
301.7596
301.7593
301.7587
301.758
301.7571
301.7559
301.7546
301.7529
301.7511
301.7489
301.7465
301.7438
301.741
301.7387
301.7372
301.7395
301.7424
301.745
301.7474
301.7495
301.7513
301.7528
301.7542
301.7552
301.7561
301.7568
301.7573
301.7577
301.7578
301.7578
301.7576
301.7573
301.7567
301.7559
301.755
301.7538
301.7524
301.7507
301.7488
301.7465
301.744
301.7413
301.7384
301.736
301.7343
301.7366
301.7395
301.7423
301.7447
301.7469
301.7487
301.7503
301.7517
301.7529
301.7538
301.7545
301.755
301.7554
301.7556
301.7556
301.7554
301.755
301.7544
301.7536
301.7526
301.7514
301.7499
301.7482
301.7462
301.7439
301.7413
301.7385
301.7355
301.7331
301.7312
301.7336
301.7365
301.7393
301.7419
301.7441
301.746
301.7477
301.7491
301.7503
301.7513
301.7521
301.7526
301.753
301.7532
301.7532
301.753
301.7526
301.752
301.7511
301.7501
301.7488
301.7473
301.7455
301.7434
301.7411
301.7385
301.7355
301.7325
301.7301
301.7287
301.7312
301.7341
301.737
301.7396
301.7418
301.7438
301.7455
301.747
301.7483
301.7493
301.75
301.7506
301.751
301.7512
301.7512
301.751
301.7506
301.75
301.7491
301.748
301.7467
301.7451
301.7433
301.7412
301.7388
301.7361
301.7332
301.7301
301.7277
301.0402
301.0444
301.0493
301.054
301.0582
301.062
301.0652
301.068
301.0704
301.0725
301.0741
301.0754
301.0763
301.077
301.0773
301.0773
301.0769
301.0762
301.0752
301.0738
301.0721
301.0699
301.0673
301.0643
301.0609
301.0569
301.0525
301.0477
301.0425
301.0383
301.0445
301.0486
301.0535
301.0581
301.0622
301.0658
301.069
301.0718
301.0741
301.0761
301.0776
301.0789
301.0798
301.0804
301.0807
301.0807
301.0803
301.0797
301.0787
301.0773
301.0756
301.0735
301.071
301.0681
301.0647
301.0608
301.0565
301.0517
301.0467
301.0425
301.0496
301.0536
301.0584
301.0629
301.0669
301.0704
301.0735
301.0761
301.0784
301.0803
301.0818
301.0829
301.0838
301.0844
301.0847
301.0847
301.0843
301.0837
301.0827
301.0815
301.0798
301.0778
301.0753
301.0725
301.0692
301.0655
301.0613
301.0566
301.0516
301.0475
301.0544
301.0584
301.0631
301.0675
301.0713
301.0748
301.0777
301.0802
301.0824
301.0842
301.0856
301.0867
301.0875
301.0881
301.0884
301.0883
301.088
301.0874
301.0865
301.0853
301.0837
301.0817
301.0794
301.0767
301.0735
301.0698
301.0657
301.0612
301.0563
301.0523
301.0588
301.0627
301.0673
301.0715
301.0753
301.0786
301.0814
301.0839
301.0859
301.0876
301.089
301.09
301.0908
301.0913
301.0916
301.0916
301.0913
301.0907
301.0898
301.0886
301.0871
301.0852
301.083
301.0803
301.0773
301.0737
301.0697
301.0653
301.0605
301.0566
301.0627
301.0665
301.071
301.0751
301.0788
301.082
301.0847
301.087
301.089
301.0906
301.0919
301.0929
301.0936
301.0941
301.0944
301.0943
301.0941
301.0935
301.0927
301.0915
301.0901
301.0883
301.0861
301.0835
301.0806
301.0772
301.0733
301.0689
301.0643
301.0604
301.0661
301.0699
301.0742
301.0783
301.0818
301.0849
301.0875
301.0897
301.0916
301.0932
301.0944
301.0953
301.096
301.0965
301.0967
301.0967
301.0964
301.0959
301.0951
301.094
301.0926
301.0909
301.0888
301.0863
301.0834
301.0801
301.0763
301.0721
301.0676
301.0637
301.0691
301.0728
301.077
301.081
301.0844
301.0874
301.0899
301.0921
301.0939
301.0953
301.0965
301.0974
301.0981
301.0985
301.0987
301.0987
301.0985
301.098
301.0972
301.0961
301.0948
301.0931
301.0911
301.0887
301.0859
301.0827
301.079
301.0748
301.0704
301.0666
301.0718
301.0753
301.0794
301.0833
301.0866
301.0895
301.092
301.094
301.0958
301.0972
301.0983
301.0991
301.0998
301.1002
301.1004
301.1004
301.1001
301.0997
301.0989
301.0979
301.0966
301.095
301.093
301.0907
301.088
301.0848
301.0812
301.0772
301.0728
301.0691
301.0747
301.0776
301.0815
301.0852
301.0885
301.0913
301.0937
301.0957
301.0973
301.0987
301.0997
301.1006
301.1012
301.1016
301.1018
301.1018
301.1015
301.1011
301.1003
301.0994
301.0981
301.0965
301.0946
301.0923
301.0897
301.0866
301.0831
301.0791
301.0748
301.0712
301.0807
301.0805
301.0833
301.0868
301.09
301.0927
301.095
301.097
301.0986
301.0999
301.1009
301.1017
301.1023
301.1027
301.1029
301.1029
301.1026
301.1022
301.1015
301.1005
301.0993
301.0978
301.0959
301.0935
301.0908
301.0878
301.0843
301.0803
301.0761
301.0726
301.0986
301.0853
301.0852
301.0881
301.0912
301.0938
301.0961
301.098
301.0995
301.1008
301.1018
301.1026
301.1032
301.1035
301.1037
301.1037
301.1035
301.1031
301.1024
301.1014
301.1002
301.0986
301.0965
301.0937
301.0905
301.0872
301.0834
301.0786
301.0745
301.0712
301.0925
301.0855
301.0861
301.089
301.092
301.0947
301.0969
301.0987
301.1003
301.1015
301.1025
301.1032
301.1038
301.1042
301.1044
301.1043
301.1041
301.1037
301.103
301.1021
301.1009
301.0991
301.0961
301.0913
301.0859
301.0814
301.0752
301.0639
301.0582
301.0558
301.1114
301.0909
301.0877
301.0898
301.0926
301.0952
301.0974
301.0992
301.1007
301.102
301.1029
301.1037
301.1042
301.1046
301.1048
301.1047
301.1045
301.1041
301.1035
301.1025
301.1012
301.099
301.0944
301.0854
301.0748
301.0671
301.0553
301.0419
301.0365
301.0351
301.1177
301.0932
301.0884
301.0901
301.0929
301.0955
301.0977
301.0995
301.101
301.1022
301.1031
301.1039
301.1044
301.1048
301.105
301.105
301.1047
301.1043
301.1037
301.1027
301.1014
301.0989
301.0935
301.0825
301.0697
301.0607
301.0474
301.0333
301.0272
301.0247
301.1187
301.0936
301.0885
301.0902
301.0929
301.0955
301.0977
301.0995
301.101
301.1022
301.1032
301.1039
301.1044
301.1048
301.105
301.1049
301.1047
301.1043
301.1037
301.1027
301.1014
301.0989
301.0931
301.0817
301.0683
301.0591
301.0455
301.0312
301.0246
301.0213
301.1173
301.0928
301.0881
301.0898
301.0926
301.0952
301.0974
301.0992
301.1008
301.1021
301.1033
301.1038
301.1043
301.1046
301.1048
301.1047
301.1045
301.1041
301.1034
301.1025
301.1011
301.0986
301.0929
301.0815
301.0681
301.0588
301.0452
301.0309
301.0242
301.0205
301.1096
301.0901
301.087
301.0892
301.092
301.0947
301.0969
301.0988
301.1004
301.1023
301.1044
301.104
301.104
301.1042
301.1044
301.1043
301.1041
301.1037
301.103
301.1021
301.1007
301.0982
301.0927
301.0818
301.0689
301.0599
301.0466
301.0332
301.0277
301.0229
301.094
301.0841
301.085
301.0881
301.0911
301.0938
301.0961
301.098
301.1
301.1027
301.1065
301.1045
301.1036
301.1036
301.1037
301.1037
301.1035
301.103
301.1024
301.1014
301.1001
301.0978
301.0931
301.0841
301.0735
301.0657
301.0548
301.0481
301.0435
301.0399
301.0782
301.0798
301.0832
301.0868
301.09
301.0927
301.095
301.097
301.0987
301.1007
301.1028
301.1025
301.1025
301.1027
301.1029
301.1028
301.1026
301.1022
301.1015
301.1005
301.0992
301.0974
301.0944
301.0895
301.084
301.0795
301.0741
301.0697
301.0654
301.0618
301.0741
301.0774
301.0814
301.0852
301.0885
301.0913
301.0936
301.0956
301.0973
301.0988
301.1001
301.1007
301.1012
301.1016
301.1017
301.1017
301.1015
301.101
301.1003
301.0993
301.0981
301.0964
301.0942
301.0913
301.088
301.0846
301.0809
301.0771
301.0731
301.0692
301.0717
301.0752
301.0794
301.0832
301.0866
301.0895
301.0919
301.094
301.0957
301.0972
301.0983
301.0991
301.0997
301.1002
301.1004
301.1003
301.1001
301.0996
301.0989
301.0979
301.0966
301.0949
301.0929
301.0905
301.0877
301.0845
301.0811
301.078
301.0751
301.0703
301.0691
301.0727
301.077
301.0809
301.0844
301.0873
301.0899
301.092
301.0938
301.0953
301.0965
301.0974
301.098
301.0985
301.0987
301.0987
301.0984
301.0979
301.0971
301.0961
301.0947
301.0931
301.091
301.0886
301.0858
301.0827
301.0796
301.0774
301.0762
301.0698
301.0661
301.0698
301.0742
301.0782
301.0818
301.0848
301.0875
301.0897
301.0916
301.0931
301.0943
301.0953
301.096
301.0964
301.0967
301.0966
301.0964
301.0958
301.095
301.094
301.0926
301.0908
301.0887
301.0863
301.0834
301.0801
301.0766
301.0733
301.0702
301.0652
301.0626
301.0664
301.0709
301.0751
301.0787
301.0819
301.0846
301.0869
301.0889
301.0905
301.0918
301.0928
301.0935
301.094
301.0943
301.0943
301.094
301.0934
301.0926
301.0915
301.09
301.0882
301.086
301.0835
301.0805
301.0771
301.0733
301.0692
301.0649
301.0607
301.0587
301.0626
301.0672
301.0714
301.0752
301.0785
301.0814
301.0838
301.0858
301.0875
301.0889
301.0899
301.0907
301.0912
301.0915
301.0915
301.0912
301.0906
301.0897
301.0885
301.087
301.0851
301.0829
301.0802
301.0772
301.0737
301.0697
301.0653
301.0606
301.0566
301.0543
301.0583
301.063
301.0674
301.0713
301.0747
301.0776
301.0801
301.0823
301.0841
301.0855
301.0866
301.0874
301.088
301.0883
301.0882
301.0879
301.0873
301.0864
301.0852
301.0836
301.0816
301.0793
301.0766
301.0734
301.0698
301.0657
301.0611
301.0563
301.0522
301.0495
301.0535
301.0583
301.0628
301.0668
301.0703
301.0734
301.076
301.0783
301.0802
301.0817
301.0828
301.0837
301.0843
301.0846
301.0846
301.0842
301.0836
301.0826
301.0813
301.0797
301.0777
301.0752
301.0724
301.0691
301.0654
301.0612
301.0565
301.0515
301.0474
301.0444
301.0485
301.0534
301.058
301.0621
301.0657
301.0689
301.0716
301.074
301.0759
301.0775
301.0787
301.0797
301.0803
301.0806
301.0806
301.0802
301.0795
301.0786
301.0772
301.0755
301.0734
301.0709
301.0679
301.0646
301.0607
301.0564
301.0516
301.0466
301.0424
301.0401
301.0443
301.0492
301.0539
301.0581
301.0618
301.0651
301.0679
301.0703
301.0723
301.074
301.0752
301.0762
301.0768
301.0772
301.0771
301.0768
301.0761
301.0751
301.0737
301.0719
301.0698
301.0672
301.0642
301.0607
301.0568
301.0524
301.0475
301.0424
301.0382
300.7376
300.7455
300.7544
300.7626
300.77
300.7765
300.7822
300.7872
300.7914
300.795
300.7978
300.8
300.8017
300.8028
300.8034
300.8033
300.8027
300.8015
300.7997
300.7972
300.7941
300.7903
300.7858
300.7805
300.7745
300.7676
300.7599
300.7513
300.7422
300.734
300.7457
300.7536
300.7623
300.7704
300.7776
300.784
300.7895
300.7943
300.7984
300.8018
300.8046
300.8067
300.8083
300.8094
300.8099
300.8099
300.8092
300.8081
300.8063
300.804
300.801
300.7973
300.7929
300.7877
300.7818
300.7751
300.7675
300.7591
300.7501
300.7421
300.7549
300.7626
300.7711
300.779
300.786
300.7922
300.7976
300.8022
300.8061
300.8094
300.812
300.814
300.8155
300.8165
300.817
300.817
300.8164
300.8153
300.8136
300.8113
300.8085
300.8049
300.8006
300.7957
300.7899
300.7834
300.776
300.7678
300.7589
300.7511
300.7634
300.771
300.7793
300.787
300.7938
300.7998
300.805
300.8094
300.8131
300.8162
300.8187
300.8207
300.8221
300.8231
300.8235
300.8235
300.8229
300.8219
300.8203
300.8181
300.8153
300.8119
300.8078
300.803
300.7974
300.7911
300.7839
300.7758
300.7672
300.7595
300.7712
300.7785
300.7867
300.7942
300.8008
300.8065
300.8115
300.8157
300.8193
300.8223
300.8247
300.8265
300.8279
300.8288
300.8292
300.8291
300.8286
300.8276
300.8261
300.824
300.8213
300.818
300.8141
300.8095
300.8041
300.7979
300.7909
300.7831
300.7746
300.767
300.778
300.7852
300.7932
300.8005
300.8069
300.8125
300.8172
300.8213
300.8247
300.8275
300.8298
300.8315
300.8328
300.8337
300.8341
300.834
300.8335
300.8326
300.8311
300.8291
300.8265
300.8234
300.8196
300.8151
300.8099
300.8039
300.7971
300.7895
300.7812
300.7738
300.7841
300.7911
300.7989
300.806
300.8122
300.8176
300.8222
300.8261
300.8294
300.832
300.8342
300.8358
300.8371
300.8379
300.8383
300.8382
300.8377
300.8368
300.8354
300.8335
300.831
300.828
300.8243
300.82
300.815
300.8091
300.8025
300.795
300.787
300.7797
300.7893
300.7962
300.8038
300.8107
300.8168
300.822
300.8264
300.8302
300.8333
300.8359
300.8379
300.8395
300.8406
300.8414
300.8418
300.8417
300.8413
300.8404
300.839
300.8372
300.8348
300.8319
300.8284
300.8242
300.8193
300.8136
300.8072
300.7999
300.7919
300.7848
300.794
300.8007
300.8081
300.8148
300.8207
300.8257
300.83
300.8336
300.8366
300.8391
300.8411
300.8425
300.8437
300.8444
300.8447
300.8447
300.8443
300.8434
300.8421
300.8403
300.838
300.8352
300.8318
300.8277
300.8229
300.8174
300.8111
300.804
300.7962
300.7892
300.7988
300.8047
300.8117
300.8182
300.8239
300.8289
300.833
300.8365
300.8394
300.8418
300.8436
300.8451
300.8461
300.8468
300.8472
300.8471
300.8467
300.8459
300.8446
300.8429
300.8407
300.8379
300.8346
300.8306
300.8259
300.8206
300.8144
300.8074
300.7997
300.7928
300.809
300.8093
300.8148
300.821
300.8266
300.8314
300.8354
300.8388
300.8416
300.8439
300.8457
300.8471
300.8481
300.8488
300.8491
300.8491
300.8487
300.8479
300.8466
300.845
300.8428
300.8401
300.8368
300.8328
300.8281
300.8228
300.8166
300.8096
300.8021
300.7954
300.8536
300.8176
300.8179
300.8233
300.8286
300.8333
300.8373
300.8406
300.8433
300.8456
300.8473
300.8487
300.8497
300.8503
300.8507
300.8506
300.8502
300.8494
300.8482
300.8466
300.8444
300.8417
300.8382
300.8336
300.8284
300.8228
300.8161
300.807
300.7992
300.7928
300.8382
300.8173
300.8195
300.8249
300.8302
300.8348
300.8387
300.8419
300.8446
300.8468
300.8485
300.8498
300.8508
300.8515
300.8518
300.8517
300.8513
300.8506
300.8494
300.8477
300.8456
300.8426
300.8382
300.8313
300.8234
300.8161
300.8051
300.7791
300.7585
300.7526
300.8719
300.8255
300.8218
300.8261
300.8312
300.8357
300.8396
300.8428
300.8454
300.8476
300.8493
300.8506
300.8515
300.8522
300.8525
300.8524
300.8521
300.8513
300.8501
300.8485
300.8463
300.8428
300.8364
300.8248
300.8105
300.7988
300.7794
300.7494
300.7286
300.7239
300.8813
300.8287
300.8228
300.8267
300.8317
300.8362
300.84
300.8432
300.8458
300.848
300.8497
300.8509
300.8519
300.8526
300.8529
300.8528
300.8524
300.8517
300.8505
300.8489
300.8466
300.8429
300.8355
300.8216
300.8046
300.7913
300.7695
300.7385
300.7169
300.711
300.8827
300.8291
300.8229
300.8267
300.8317
300.8362
300.84
300.8432
300.8458
300.848
300.8497
300.851
300.8519
300.8525
300.8529
300.8528
300.8524
300.8517
300.8505
300.8489
300.8466
300.8428
300.8352
300.8206
300.803
300.7894
300.7672
300.7359
300.7137
300.7069
300.8804
300.828
300.8223
300.8262
300.8312
300.8357
300.8396
300.8428
300.8455
300.8478
300.8498
300.8508
300.8516
300.8522
300.8525
300.8524
300.852
300.8513
300.8501
300.8485
300.8462
300.8424
300.8347
300.8202
300.8025
300.7889
300.7667
300.7355
300.7134
300.706
300.8591
300.824
300.8206
300.825
300.8302
300.8348
300.8387
300.8419
300.8448
300.8478
300.8509
300.8508
300.851
300.8515
300.8518
300.8517
300.8513
300.8505
300.8494
300.8477
300.8454
300.8417
300.8342
300.8202
300.8032
300.7898
300.7683
300.7394
300.7286
300.7104
300.8473
300.8159
300.8176
300.8232
300.8286
300.8333
300.8373
300.8407
300.8439
300.848
300.8532
300.8511
300.8502
300.8504
300.8506
300.8506
300.8502
300.8494
300.8482
300.8465
300.8442
300.8407
300.8342
300.8225
300.8082
300.7965
300.7793
300.7673
300.7591
300.752
300.8056
300.8084
300.8147
300.821
300.8266
300.8313
300.8354
300.8388
300.8418
300.8449
300.8481
300.8481
300.8483
300.8488
300.8491
300.8491
300.8486
300.8478
300.8466
300.8449
300.8427
300.8397
300.8351
300.8281
300.82
300.8128
300.8039
300.7962
300.7886
300.7817
300.7981
300.8044
300.8116
300.8182
300.8239
300.8288
300.833
300.8365
300.8394
300.8419
300.8441
300.8453
300.8461
300.8468
300.8471
300.8471
300.8467
300.8458
300.8446
300.8428
300.8406
300.8378
300.8341
300.8294
300.824
300.8182
300.8117
300.8049
300.7976
300.7904
300.7938
300.8006
300.808
300.8148
300.8207
300.8257
300.83
300.8336
300.8366
300.8391
300.8411
300.8425
300.8436
300.8443
300.8447
300.8446
300.8442
300.8433
300.842
300.8403
300.838
300.8351
300.8317
300.8274
300.8226
300.8171
300.811
300.8049
300.7989
300.7905
300.7893
300.7962
300.8038
300.8107
300.8167
300.8219
300.8264
300.8301
300.8333
300.8358
300.8379
300.8394
300.8406
300.8414
300.8417
300.8417
300.8412
300.8403
300.839
300.8371
300.8348
300.8318
300.8283
300.8241
300.8192
300.8137
300.8078
300.8029
300.7988
300.7886
300.784
300.7911
300.7988
300.8059
300.8121
300.8175
300.8221
300.826
300.8293
300.832
300.8341
300.8358
300.837
300.8378
300.8382
300.8381
300.8376
300.8367
300.8353
300.8334
300.8309
300.8279
300.8243
300.8199
300.8149
300.8091
300.8028
300.7964
300.7901
300.7814
300.778
300.7852
300.7931
300.8004
300.8068
300.8124
300.8171
300.8212
300.8246
300.8274
300.8297
300.8314
300.8327
300.8336
300.834
300.8339
300.8334
300.8325
300.831
300.829
300.8264
300.8233
300.8195
300.815
300.8098
300.8039
300.7971
300.7898
300.7819
300.7742
300.7711
300.7784
300.7866
300.7941
300.8007
300.8064
300.8114
300.8156
300.8192
300.8222
300.8245
300.8264
300.8277
300.8286
300.8291
300.829
300.8285
300.8275
300.826
300.8239
300.8212
300.8179
300.814
300.8094
300.804
300.7978
300.7908
300.7831
300.7747
300.767
300.7633
300.7709
300.7792
300.7869
300.7937
300.7997
300.8048
300.8092
300.813
300.8161
300.8186
300.8205
300.822
300.8229
300.8234
300.8234
300.8228
300.8217
300.8201
300.818
300.8152
300.8118
300.8077
300.8029
300.7973
300.791
300.7838
300.7757
300.7671
300.7594
300.7548
300.7624
300.771
300.7789
300.7859
300.7921
300.7974
300.802
300.8059
300.8092
300.8118
300.8139
300.8154
300.8164
300.8169
300.8168
300.8163
300.8151
300.8135
300.8112
300.8083
300.8048
300.8005
300.7955
300.7898
300.7833
300.7759
300.7676
300.7588
300.7509
300.7456
300.7534
300.7621
300.7702
300.7775
300.7838
300.7894
300.7942
300.7982
300.8017
300.8044
300.8065
300.8081
300.8092
300.8097
300.8097
300.8091
300.8079
300.8062
300.8038
300.8008
300.7971
300.7927
300.7876
300.7817
300.7749
300.7674
300.7589
300.75
300.7419
300.7375
300.7454
300.7542
300.7625
300.7699
300.7764
300.7821
300.787
300.7913
300.7948
300.7977
300.7999
300.8015
300.8027
300.8032
300.8032
300.8025
300.8013
300.7995
300.7971
300.794
300.7902
300.7856
300.7804
300.7743
300.7675
300.7597
300.7512
300.742
300.7339
)
;

boundaryField
{
    fmaxY
    {
        type            zeroGradient;
    }
    fminX
    {
        type            zeroGradient;
    }
    fmaxX
    {
        type            zeroGradient;
    }
    fminY
    {
        type            zeroGradient;
    }
    fminZ
    {
        type            externalWallHeatFluxTemperature;
        mode            coefficient;
        kappaMethod     solidThermo;
        kappa           none;
        h               constant 1000000;
        Ta              uniform 313;
        thicknessLayers List<scalar> 2(1 2);
        kappaLayers     List<scalar> 2(100 200);
        qr              none;
        refValue        uniform 313;
        refGradient     uniform 0;
        valueFraction   nonuniform List<scalar> 
900
(
0.04950261
0.04950261
0.04950261
0.04950261
0.04950261
0.04950261
0.04950261
0.04950261
0.04950261
0.04950261
0.04950261
0.04950261
0.04950261
0.04950261
0.04950261
0.04950261
0.04950261
0.04950261
0.04950261
0.04950261
0.04950261
0.04950261
0.04950261
0.04950261
0.04950261
0.04950261
0.04950261
0.04950261
0.04950261
0.04950261
0.04950261
0.04950261
0.04950261
0.04950261
0.04950261
0.04950261
0.04950261
0.04950261
0.04950261
0.04950261
0.04950261
0.04950261
0.04950261
0.04950261
0.04950261
0.04950261
0.04950261
0.04950261
0.04950261
0.04950261
0.04950261
0.04950261
0.04950261
0.04950261
0.04950261
0.04950261
0.04950261
0.04950261
0.04950261
0.04950261
0.04950261
0.04950261
0.04950261
0.04950261
0.04950261
0.04950261
0.04950261
0.04950261
0.04950261
0.04950261
0.04950261
0.04950261
0.04950261
0.04950261
0.04950261
0.04950261
0.04950261
0.04950261
0.04950261
0.04950261
0.04950261
0.04950261
0.04950261
0.04950261
0.04950261
0.04950261
0.04950261
0.04950261
0.04950261
0.04950261
0.04950261
0.04950261
0.04950261
0.04950261
0.04950261
0.04950261
0.04950261
0.04950261
0.04950261
0.04950261
0.04950261
0.04950261
0.04950261
0.04950261
0.04950261
0.04950261
0.04950261
0.04950261
0.04950261
0.04950261
0.04950261
0.04950261
0.04950261
0.04950261
0.04950261
0.04950261
0.04950261
0.04950261
0.04950261
0.04950261
0.04950261
0.04950261
0.04950261
0.04950261
0.04950261
0.04950261
0.04950261
0.04950261
0.04950261
0.04950261
0.04950261
0.04950261
0.04950261
0.04950261
0.04950261
0.04950261
0.04950261
0.04950261
0.04950261
0.04950261
0.04950261
0.04950261
0.04950261
0.04950261
0.04950261
0.04950261
0.04950261
0.04950261
0.04950261
0.04950261
0.04950261
0.04950261
0.04950261
0.04950261
0.04950261
0.04950261
0.04950261
0.04950261
0.04950261
0.04950261
0.04950261
0.04950261
0.04950261
0.04950261
0.04950261
0.04950261
0.04950261
0.04950261
0.04950261
0.04950261
0.04950261
0.04950261
0.04950261
0.04950261
0.04950261
0.04950261
0.04950261
0.04950261
0.04950261
0.04950261
0.04950261
0.04950261
0.04950261
0.04950261
0.04950261
0.04950261
0.04950261
0.04950261
0.04950261
0.04950261
0.04950261
0.04950261
0.04950261
0.04950261
0.04950261
0.04950261
0.04950261
0.04950261
0.04950261
0.04950261
0.04950261
0.04950261
0.04950261
0.04950261
0.04950261
0.04950261
0.04950261
0.04950261
0.04950261
0.04950261
0.04950261
0.04950261
0.04950261
0.04950261
0.04950261
0.04950261
0.04950261
0.04950261
0.04950261
0.04950261
0.04950261
0.04950261
0.04950261
0.04950261
0.04950261
0.04950261
0.04950261
0.04950261
0.04950261
0.04950261
0.04950261
0.04950261
0.04950261
0.04950261
0.04950261
0.04950261
0.04950261
0.04950261
0.04950261
0.04950261
0.04950261
0.04950261
0.04950261
0.04950261
0.04950261
0.04950261
0.04950261
0.04950261
0.04950261
0.04950261
0.04950261
0.04950261
0.04950261
0.04950261
0.04950261
0.04950261
0.04950261
0.04950261
0.04950261
0.04950261
0.04950261
0.04950261
0.04950261
0.04950261
0.04950261
0.04950261
0.04950261
0.04950261
0.04950261
0.04950261
0.04950261
0.04950261
0.04950261
0.04950261
0.04950261
0.04950261
0.04950261
0.04950261
0.04950261
0.04950261
0.04950261
0.04950261
0.04950261
0.04950261
0.04950261
0.04950261
0.04950261
0.04950261
0.04950261
0.04950261
0.04950261
0.04950261
0.04950261
0.04950261
0.04950261
0.04950261
0.04950261
0.04950261
0.04950261
0.04950261
0.04950261
0.04950261
0.04950261
0.04950261
0.04950261
0.04950261
0.04950261
0.04950261
0.04950261
0.04950261
0.04950261
0.04950261
0.04950261
0.04950261
0.04950261
0.04950261
0.04950261
0.04950261
0.04950261
0.04950261
0.04950261
0.04950261
0.04950261
0.04950261
0.04950261
0.04950261
0.04950261
0.04950261
0.04950261
0.04950261
0.04950261
0.04950261
0.04950261
0.04950261
0.04950261
0.04950261
0.04950261
0.04950261
0.04950261
0.04950261
0.04950261
0.04950261
0.04950261
0.04950261
0.04950261
0.04950261
0.04950261
0.04950261
0.04950261
0.04950261
0.04950261
0.04950261
0.04950261
0.04950261
0.04950261
0.04950261
0.04950261
0.04950261
0.04950261
0.04950261
0.04950261
0.04950261
0.04950261
0.04950261
0.04950261
0.04950261
0.04950261
0.04950261
0.04950261
0.04950261
0.04950261
0.04950261
0.04950261
0.04950261
0.04950261
0.04950261
0.04950261
0.04950261
0.04950261
0.04950261
0.04950261
0.04950261
0.04950261
0.04950261
0.04950261
0.04950261
0.04950261
0.04950261
0.04950261
0.04950261
0.04950261
0.04950261
0.04950261
0.04950261
0.04950261
0.04950261
0.04950261
0.04950261
0.04950261
0.04950261
0.04950261
0.04950261
0.04950261
0.04950261
0.04950261
0.04950261
0.04950261
0.04950261
0.04950261
0.04950261
0.04950261
0.04950261
0.04950261
0.04950261
0.04950261
0.04950261
0.04950261
0.04950261
0.04950261
0.04950261
0.04950261
0.04950261
0.04950261
0.04950261
0.04950261
0.04950261
0.04950261
0.04950261
0.04950261
0.04950261
0.04950261
0.04950261
0.04950261
0.04950261
0.04950261
0.04950261
0.04950261
0.04950261
0.04950261
0.04950261
0.04950261
0.04950261
0.04950261
0.04950261
0.04950261
0.04950261
0.04950261
0.04950261
0.04950261
0.04950261
0.04950261
0.04950261
0.04950261
0.04950261
0.04950261
0.04950261
0.04950261
0.04950261
0.04950261
0.04950261
0.04950261
0.04950261
0.04950261
0.04950261
0.04950261
0.04950261
0.04950261
0.04950261
0.04950261
0.04950261
0.04950261
0.04950261
0.04950261
0.04950261
0.04950261
0.04950261
0.04950261
0.04950261
0.04950261
0.04950261
0.04950261
0.04950261
0.04950261
0.04950261
0.04950261
0.04950261
0.04950261
0.04950261
0.04950261
0.04950261
0.04950261
0.04950261
0.04950261
0.04950261
0.04950261
0.04950261
0.04950261
0.04950261
0.04950261
0.04950261
0.04950261
0.04950261
0.04950261
0.04950261
0.04950261
0.04950261
0.04950261
0.04950261
0.04950261
0.04950261
0.04950261
0.04950261
0.04950261
0.04950261
0.04950261
0.04950261
0.04950261
0.04950261
0.04950261
0.04950261
0.04950261
0.04950261
0.04950261
0.04950261
0.04950261
0.04950261
0.04950261
0.04950261
0.04950261
0.04950261
0.04950261
0.04950261
0.04950261
0.04950261
0.04950261
0.04950261
0.04950261
0.04950261
0.04950261
0.04950261
0.04950261
0.04950261
0.04950261
0.04950261
0.04950261
0.04950261
0.04950261
0.04950261
0.04950261
0.04950261
0.04950261
0.04950261
0.04950261
0.04950261
0.04950261
0.04950261
0.04950261
0.04950261
0.04950261
0.04950261
0.04950261
0.04950261
0.04950261
0.04950261
0.04950261
0.04950261
0.04950261
0.04950261
0.04950261
0.04950261
0.04950261
0.04950261
0.04950261
0.04950261
0.04950261
0.04950261
0.04950261
0.04950261
0.04950261
0.04950261
0.04950261
0.04950261
0.04950261
0.04950261
0.04950261
0.04950261
0.04950261
0.04950261
0.04950261
0.04950261
0.04950261
0.04950261
0.04950261
0.04950261
0.04950261
0.04950261
0.04950261
0.04950261
0.04950261
0.04950261
0.04950261
0.04950261
0.04950261
0.04950261
0.04950261
0.04950261
0.04950261
0.04950261
0.04950261
0.04950261
0.04950261
0.04950261
0.04950261
0.04950261
0.04950261
0.04950261
0.04950261
0.04950261
0.04950261
0.04950261
0.04950261
0.04950261
0.04950261
0.04950261
0.04950261
0.04950261
0.04950261
0.04950261
0.04950261
0.04950261
0.04950261
0.04950261
0.04950261
0.04950261
0.04950261
0.04950261
0.04950261
0.04950261
0.04950261
0.04950261
0.04950261
0.04950261
0.04950261
0.04950261
0.04950261
0.04950261
0.04950261
0.04950261
0.04950261
0.04950261
0.04950261
0.04950261
0.04950261
0.04950261
0.04950261
0.04950261
0.04950261
0.04950261
0.04950261
0.04950261
0.04950261
0.04950261
0.04950261
0.04950261
0.04950261
0.04950261
0.04950261
0.04950261
0.04950261
0.04950261
0.04950261
0.04950261
0.04950261
0.04950261
0.04950261
0.04950261
0.04950261
0.04950261
0.04950261
0.04950261
0.04950261
0.04950261
0.04950261
0.04950261
0.04950261
0.04950261
0.04950261
0.04950261
0.04950261
0.04950261
0.04950261
0.04950261
0.04950261
0.04950261
0.04950261
0.04950261
0.04950261
0.04950261
0.04950261
0.04950261
0.04950261
0.04950261
0.04950261
0.04950261
0.04950261
0.04950261
0.04950261
0.04950261
0.04950261
0.04950261
0.04950261
0.04950261
0.04950261
0.04950261
0.04950261
0.04950261
0.04950261
0.04950261
0.04950261
0.04950261
0.04950261
0.04950261
0.04950261
0.04950261
0.04950261
0.04950261
0.04950261
0.04950261
0.04950261
0.04950261
0.04950261
0.04950261
0.04950261
0.04950261
0.04950261
0.04950261
0.04950261
0.04950261
0.04950261
0.04950261
0.04950261
0.04950261
0.04950261
0.04950261
0.04950261
0.04950261
0.04950261
0.04950261
0.04950261
0.04950261
0.04950261
0.04950261
0.04950261
0.04950261
0.04950261
0.04950261
0.04950261
0.04950261
0.04950261
0.04950261
0.04950261
0.04950261
0.04950261
0.04950261
0.04950261
0.04950261
0.04950261
0.04950261
0.04950261
0.04950261
0.04950261
0.04950261
0.04950261
0.04950261
0.04950261
0.04950261
0.04950261
0.04950261
0.04950261
0.04950261
0.04950261
0.04950261
0.04950261
0.04950261
0.04950261
0.04950261
0.04950261
0.04950261
0.04950261
0.04950261
0.04950261
0.04950261
0.04950261
0.04950261
0.04950261
0.04950261
0.04950261
0.04950261
0.04950261
0.04950261
0.04950261
0.04950261
0.04950261
0.04950261
0.04950261
0.04950261
0.04950261
0.04950261
0.04950261
0.04950261
0.04950261
0.04950261
0.04950261
0.04950261
0.04950261
0.04950261
0.04950261
0.04950261
0.04950261
0.04950261
0.04950261
0.04950261
0.04950261
0.04950261
0.04950261
0.04950261
0.04950261
0.04950261
0.04950261
0.04950261
0.04950261
0.04950261
0.04950261
0.04950261
0.04950261
0.04950261
0.04950261
0.04950261
0.04950261
0.04950261
0.04950261
0.04950261
0.04950261
0.04950261
0.04950261
0.04950261
0.04950261
0.04950261
0.04950261
0.04950261
0.04950261
0.04950261
0.04950261
0.04950261
0.04950261
0.04950261
0.04950261
0.04950261
0.04950261
0.04950261
0.04950261
0.04950261
0.04950261
0.04950261
0.04950261
0.04950261
0.04950261
0.04950261
0.04950261
0.04950261
0.04950261
0.04950261
0.04950261
0.04950261
0.04950261
0.04950261
0.04950261
0.04950261
0.04950261
0.04950261
0.04950261
0.04950261
0.04950261
0.04950261
0.04950261
0.04950261
0.04950261
0.04950261
0.04950261
0.04950261
0.04950261
0.04950261
0.04950261
0.04950261
0.04950261
0.04950261
0.04950261
0.04950261
0.04950261
0.04950261
)
;
        value           nonuniform List<scalar> 
900
(
302.2868
302.2891
302.292
302.2948
302.2974
302.2996
302.3016
302.3033
302.3049
302.3065
302.3099
302.3177
302.3164
302.3261
302.33
302.3307
302.3298
302.3255
302.3151
302.3084
302.3062
302.3048
302.3033
302.3016
302.2996
302.2973
302.2948
302.292
302.289
302.2867
302.2891
302.2914
302.2943
302.297
302.2995
302.3017
302.3037
302.3053
302.3068
302.3081
302.3098
302.3125
302.313
302.3163
302.3178
302.318
302.3176
302.3158
302.3119
302.3094
302.308
302.3068
302.3053
302.3036
302.3017
302.2995
302.297
302.2942
302.2913
302.289
302.2919
302.2942
302.297
302.2997
302.3021
302.3043
302.3062
302.3078
302.3092
302.3104
302.3114
302.3125
302.3131
302.3141
302.3146
302.3147
302.3144
302.3137
302.3125
302.3114
302.3103
302.3092
302.3077
302.3061
302.3042
302.3021
302.2996
302.2969
302.2941
302.2918
302.2946
302.2969
302.2996
302.3022
302.3046
302.3067
302.3085
302.3101
302.3114
302.3125
302.3134
302.3142
302.3148
302.3152
302.3154
302.3154
302.3152
302.3148
302.3142
302.3134
302.3125
302.3114
302.31
302.3085
302.3066
302.3045
302.3022
302.2995
302.2968
302.2945
302.2971
302.2993
302.3019
302.3045
302.3068
302.3088
302.3106
302.3121
302.3133
302.3144
302.3153
302.316
302.3165
302.3168
302.317
302.317
302.3168
302.3165
302.316
302.3153
302.3144
302.3133
302.312
302.3105
302.3088
302.3067
302.3044
302.3019
302.2992
302.297
302.2992
302.3014
302.304
302.3065
302.3087
302.3107
302.3123
302.3138
302.315
302.3161
302.3169
302.3175
302.318
302.3183
302.3185
302.3185
302.3183
302.318
302.3175
302.3169
302.316
302.315
302.3138
302.3123
302.3106
302.3086
302.3064
302.3039
302.3013
302.2991
302.3011
302.3032
302.3058
302.3082
302.3104
302.3122
302.3139
302.3153
302.3165
302.3174
302.3182
302.3188
302.3193
302.3196
302.3197
302.3197
302.3196
302.3193
302.3188
302.3182
302.3174
302.3164
302.3152
302.3138
302.3122
302.3103
302.3081
302.3057
302.3031
302.301
302.3028
302.3048
302.3073
302.3097
302.3118
302.3136
302.3152
302.3165
302.3177
302.3186
302.3194
302.3199
302.3204
302.3207
302.3208
302.3208
302.3207
302.3204
302.32
302.3194
302.3186
302.3176
302.3165
302.3151
302.3135
302.3117
302.3096
302.3072
302.3047
302.3027
302.3042
302.3062
302.3086
302.3109
302.313
302.3147
302.3163
302.3176
302.3187
302.3196
302.3203
302.3208
302.3213
302.3215
302.3217
302.3217
302.3216
302.3214
302.3211
302.3204
302.3196
302.3186
302.3175
302.3162
302.3147
302.3129
302.3109
302.3085
302.3061
302.3041
302.3053
302.3073
302.3097
302.312
302.314
302.3157
302.3172
302.3184
302.3195
302.3203
302.321
302.3216
302.322
302.3222
302.3224
302.3224
302.3224
302.3225
302.3229
302.3216
302.3205
302.3195
302.3184
302.3171
302.3156
302.3139
302.3119
302.3096
302.3072
302.3053
302.3063
302.3082
302.3106
302.3128
302.3147
302.3164
302.3179
302.3191
302.3201
302.321
302.3216
302.3222
302.3226
302.3228
302.3229
302.323
302.3231
302.3239
302.3255
302.323
302.3213
302.3201
302.3191
302.3178
302.3164
302.3147
302.3127
302.3105
302.3081
302.3062
302.307
302.3089
302.3113
302.3134
302.3154
302.317
302.3184
302.3196
302.3206
302.3215
302.3221
302.3226
302.323
302.3232
302.3234
302.3234
302.3234
302.3235
302.324
302.3227
302.3216
302.3206
302.3196
302.3184
302.317
302.3153
302.3134
302.3112
302.3089
302.3069
302.3076
302.3095
302.3118
302.3139
302.3158
302.3175
302.3188
302.32
302.321
302.3218
302.3225
302.323
302.3233
302.3236
302.3237
302.3237
302.3236
302.3234
302.3232
302.3226
302.3218
302.321
302.32
302.3188
302.3174
302.3158
302.3139
302.3117
302.3094
302.3075
302.308
302.3098
302.3121
302.3143
302.3161
302.3177
302.3191
302.3203
302.3213
302.3221
302.3227
302.3232
302.3235
302.3238
302.3239
302.3239
302.3238
302.3236
302.3232
302.3227
302.322
302.3212
302.3202
302.3191
302.3177
302.3161
302.3142
302.312
302.3098
302.3079
302.3082
302.31
302.3123
302.3144
302.3163
302.3179
302.3193
302.3204
302.3214
302.3222
302.3228
302.3233
302.3237
302.3239
302.324
302.324
302.3239
302.3236
302.3233
302.3228
302.3221
302.3213
302.3204
302.3192
302.3178
302.3162
302.3143
302.3122
302.3099
302.3081
302.3081
302.31
302.3123
302.3144
302.3163
302.3179
302.3192
302.3204
302.3214
302.3222
302.3228
302.3233
302.3236
302.3239
302.324
302.324
302.3239
302.3236
302.3233
302.3228
302.3221
302.3213
302.3204
302.3192
302.3178
302.3162
302.3143
302.3122
302.3099
302.3081
302.3079
302.3098
302.3121
302.3142
302.3161
302.3177
302.3191
302.3203
302.3212
302.322
302.3227
302.3232
302.3235
302.3238
302.3239
302.3239
302.3238
302.3235
302.3232
302.3226
302.322
302.3212
302.3202
302.319
302.3177
302.316
302.3142
302.312
302.3097
302.3078
302.3075
302.3094
302.3117
302.3139
302.3158
302.3174
302.3188
302.32
302.321
302.3218
302.3224
302.3229
302.3233
302.3235
302.3236
302.3236
302.3235
302.3233
302.3229
302.3224
302.3217
302.3209
302.3199
302.3187
302.3173
302.3157
302.3138
302.3116
302.3093
302.3075
302.307
302.3089
302.3112
302.3133
302.3153
302.3169
302.3183
302.3195
302.3205
302.3213
302.322
302.3225
302.3229
302.3231
302.3233
302.3233
302.3231
302.3229
302.3225
302.322
302.3213
302.3205
302.3195
302.3183
302.3169
302.3152
302.3133
302.3111
302.3088
302.3069
302.3062
302.3081
302.3104
302.3126
302.3146
302.3163
302.3177
302.3189
302.3199
302.3208
302.3215
302.322
302.3224
302.3226
302.3227
302.3227
302.3226
302.3223
302.322
302.3214
302.3208
302.3199
302.3189
302.3176
302.3162
302.3145
302.3126
302.3103
302.308
302.3061
302.3051
302.3071
302.3095
302.3117
302.3137
302.3154
302.3169
302.3181
302.3192
302.3201
302.3207
302.3213
302.3216
302.3218
302.3219
302.3219
302.3218
302.3215
302.3211
302.3207
302.32
302.3192
302.3181
302.3168
302.3154
302.3136
302.3116
302.3094
302.307
302.305
302.3039
302.3059
302.3083
302.3106
302.3126
302.3144
302.3159
302.3172
302.3183
302.3191
302.3199
302.3203
302.3205
302.3204
302.3203
302.3202
302.3201
302.3199
302.3197
302.3196
302.319
302.3182
302.3171
302.3158
302.3143
302.3125
302.3105
302.3082
302.3058
302.3038
302.3024
302.3044
302.3069
302.3092
302.3113
302.3131
302.3147
302.316
302.3171
302.318
302.3187
302.3191
302.3186
302.3171
302.3164
302.3161
302.316
302.316
302.3164
302.3176
302.3177
302.317
302.316
302.3146
302.3131
302.3112
302.3092
302.3068
302.3043
302.3023
302.3006
302.3027
302.3052
302.3076
302.3098
302.3116
302.3132
302.3146
302.3158
302.3167
302.3174
302.3173
302.3153
302.3107
302.3085
302.3078
302.3077
302.308
302.31
302.3143
302.3159
302.3156
302.3145
302.3132
302.3116
302.3097
302.3076
302.3052
302.3026
302.3006
302.2986
302.3007
302.3033
302.3058
302.308
302.3099
302.3116
302.313
302.3142
302.3152
302.3158
302.3153
302.3118
302.3035
302.2996
302.2986
302.2984
302.2991
302.3027
302.3107
302.3139
302.3139
302.3129
302.3115
302.3098
302.3079
302.3057
302.3033
302.3007
302.2986
302.2964
302.2985
302.3012
302.3037
302.3059
302.3079
302.3096
302.3111
302.3124
302.3134
302.314
302.3134
302.309
302.2987
302.294
302.2928
302.2926
302.2935
302.2979
302.3079
302.3119
302.3121
302.3111
302.3096
302.3079
302.3059
302.3036
302.3011
302.2984
302.2963
302.2938
302.296
302.2987
302.3013
302.3036
302.3057
302.3074
302.309
302.3103
302.3113
302.312
302.3112
302.3058
302.2925
302.287
302.2856
302.2854
302.2865
302.2919
302.3049
302.3098
302.3102
302.3094
302.3076
302.3057
302.3036
302.3012
302.2986
302.2959
302.2937
302.291
302.2932
302.296
302.2987
302.301
302.3031
302.305
302.3066
302.3079
302.309
302.3097
302.3088
302.3016
302.2874
302.2815
302.2799
302.2797
302.281
302.2884
302.3023
302.3076
302.3085
302.3085
302.3058
302.3033
302.301
302.2986
302.2959
302.2932
302.2909
302.2881
302.2904
302.2932
302.2959
302.2983
302.3005
302.3024
302.304
302.3054
302.3066
302.3073
302.3065
302.2993
302.2855
302.279
302.2771
302.2768
302.2782
302.2858
302.2999
302.3054
302.3071
302.3083
302.3043
302.301
302.2984
302.2958
302.2931
302.2903
302.288
302.2857
302.288
302.2909
302.2937
302.2961
302.2983
302.3003
302.302
302.3034
302.3046
302.3054
302.3048
302.2983
302.2854
302.278
302.2754
302.2749
302.2761
302.2838
302.2979
302.3032
302.3043
302.3043
302.3014
302.2986
302.2961
302.2936
302.2908
302.288
302.2857
)
;
    }
    floor_to_air
    {
        type            compressible::turbulentTemperatureRadCoupledMixed;
        refValue        nonuniform List<scalar> 
900
(
300.1329
300.134
300.1352
300.1365
300.1378
300.139
300.1401
300.1412
300.1422
300.1431
300.144
300.1447
300.1452
300.1456
300.1458
300.1458
300.1456
300.1452
300.1447
300.144
300.1431
300.1422
300.1411
300.14
300.1389
300.1376
300.1363
300.135
300.1337
300.1327
300.134
300.1351
300.1364
300.1378
300.139
300.1403
300.1414
300.1426
300.1436
300.1446
300.1454
300.1461
300.1467
300.1471
300.1473
300.1473
300.1471
300.1467
300.1461
300.1454
300.1446
300.1436
300.1425
300.1414
300.1402
300.1389
300.1376
300.1362
300.1349
300.1337
300.1353
300.1365
300.1378
300.1392
300.1405
300.1418
300.143
300.1442
300.1453
300.1463
300.1472
300.148
300.1486
300.149
300.1492
300.1492
300.149
300.1486
300.148
300.1472
300.1463
300.1452
300.1441
300.1429
300.1417
300.1404
300.139
300.1376
300.1362
300.135
300.1366
300.1378
300.1392
300.1406
300.142
300.1433
300.1446
300.1458
300.147
300.1481
300.1491
300.1499
300.1506
300.1511
300.1513
300.1513
300.1511
300.1506
300.1499
300.1491
300.1481
300.147
300.1458
300.1445
300.1432
300.1418
300.1404
300.139
300.1376
300.1363
300.1379
300.1391
300.1406
300.142
300.1434
300.1448
300.1462
300.1475
300.1488
300.15
300.1511
300.152
300.1528
300.1533
300.1536
300.1536
300.1533
300.1528
300.152
300.1511
300.1499
300.1487
300.1474
300.1461
300.1447
300.1432
300.1418
300.1403
300.1388
300.1376
300.1391
300.1404
300.1419
300.1434
300.1448
300.1463
300.1478
300.1492
300.1506
300.1519
300.1532
300.1543
300.1551
300.1558
300.1561
300.1561
300.1558
300.1551
300.1543
300.1532
300.1519
300.1506
300.1491
300.1476
300.1461
300.1446
300.1431
300.1416
300.1401
300.1388
300.1403
300.1416
300.1431
300.1447
300.1462
300.1478
300.1494
300.1509
300.1525
300.154
300.1554
300.1567
300.1577
300.1585
300.1588
300.1588
300.1585
300.1577
300.1567
300.1554
300.154
300.1525
300.1509
300.1492
300.1476
300.146
300.1444
300.1428
300.1412
300.1399
300.1414
300.1427
300.1443
300.1459
300.1476
300.1492
300.151
300.1527
300.1545
300.1562
300.1579
300.1594
300.1606
300.1615
300.1619
300.1619
300.1615
300.1606
300.1594
300.1579
300.1562
300.1544
300.1526
300.1508
300.1491
300.1473
300.1456
300.144
300.1423
300.141
300.1424
300.1438
300.1454
300.1471
300.1489
300.1507
300.1525
300.1545
300.1565
300.1585
300.1605
300.1622
300.1637
300.1648
300.1654
300.1654
300.1648
300.1638
300.1623
300.1605
300.1585
300.1564
300.1544
300.1524
300.1505
300.1486
300.1468
300.145
300.1434
300.142
300.1435
300.1448
300.1465
300.1482
300.1501
300.152
300.1541
300.1562
300.1585
300.1609
300.1632
300.1653
300.167
300.1683
300.169
300.1691
300.1684
300.1671
300.1653
300.1632
300.1608
300.1585
300.1561
300.1539
300.1518
300.1498
300.1478
300.146
300.1442
300.1428
300.1447
300.1458
300.1474
300.1493
300.1512
300.1533
300.1555
300.1579
300.1605
300.1632
300.1658
300.1682
300.1703
300.1719
300.1727
300.1727
300.1719
300.1704
300.1683
300.1658
300.1632
300.1604
300.1578
300.1553
300.153
300.1508
300.1487
300.1467
300.1449
300.1434
300.147
300.1468
300.1483
300.1501
300.1522
300.1544
300.1568
300.1594
300.1623
300.1653
300.1683
300.1711
300.1734
300.1751
300.176
300.176
300.1751
300.1734
300.1711
300.1683
300.1652
300.1622
300.1592
300.1564
300.1539
300.1515
300.1493
300.1471
300.145
300.1435
300.147
300.1474
300.1489
300.1508
300.1529
300.1553
300.1578
300.1606
300.1638
300.167
300.1704
300.1734
300.1759
300.1778
300.1789
300.1789
300.1779
300.176
300.1734
300.1704
300.167
300.1636
300.1603
300.1572
300.1543
300.1517
300.1491
300.1461
300.1433
300.1415
300.1486
300.1481
300.1494
300.1513
300.1535
300.1559
300.1586
300.1615
300.1649
300.1684
300.1719
300.1751
300.1778
300.1799
300.1811
300.1811
300.18
300.1779
300.1751
300.1719
300.1683
300.1646
300.161
300.1575
300.1542
300.1513
300.1482
300.1449
300.1419
300.1401
300.1491
300.1484
300.1497
300.1516
300.1538
300.1562
300.1589
300.162
300.1654
300.169
300.1727
300.176
300.1789
300.1811
300.1823
300.1823
300.1811
300.1789
300.176
300.1727
300.169
300.1652
300.1614
300.1577
300.1542
300.1511
300.1478
300.1443
300.1413
300.1395
300.1492
300.1484
300.1497
300.1516
300.1538
300.1562
300.1589
300.162
300.1654
300.1691
300.1727
300.176
300.1789
300.1811
300.1823
300.1823
300.1811
300.1789
300.176
300.1727
300.169
300.1652
300.1613
300.1576
300.154
300.1509
300.1476
300.1441
300.1411
300.1392
300.1489
300.1482
300.1494
300.1513
300.1535
300.1559
300.1586
300.1615
300.1649
300.1684
300.1719
300.1751
300.1778
300.1799
300.1811
300.1811
300.18
300.1779
300.1751
300.1719
300.1683
300.1646
300.1608
300.1572
300.1537
300.1506
300.1474
300.144
300.141
300.1391
300.1477
300.1476
300.149
300.1508
300.1529
300.1553
300.1578
300.1606
300.1638
300.1671
300.1705
300.1735
300.1759
300.1778
300.1789
300.1789
300.1779
300.176
300.1734
300.1703
300.167
300.1635
300.16
300.1566
300.1532
300.1503
300.1472
300.144
300.1415
300.1394
300.1468
300.1468
300.1483
300.1501
300.1522
300.1544
300.1568
300.1594
300.1623
300.1654
300.1685
300.1712
300.1734
300.1751
300.176
300.176
300.1751
300.1734
300.1711
300.1682
300.1652
300.162
300.1589
300.1558
300.1527
300.15
300.1473
300.1449
300.1429
300.1412
300.1445
300.1458
300.1474
300.1492
300.1512
300.1533
300.1555
300.1579
300.1605
300.1632
300.1659
300.1683
300.1704
300.1719
300.1727
300.1727
300.1719
300.1704
300.1683
300.1658
300.1631
300.1603
300.1576
300.1549
300.1524
300.15
300.1478
300.1457
300.1439
300.1424
300.1434
300.1448
300.1465
300.1482
300.1501
300.152
300.1541
300.1562
300.1585
300.1609
300.1632
300.1653
300.167
300.1683
300.169
300.169
300.1683
300.167
300.1653
300.1631
300.1608
300.1584
300.156
300.1537
300.1515
300.1494
300.1475
300.1456
300.1438
300.1424
300.1424
300.1438
300.1454
300.1471
300.1488
300.1506
300.1525
300.1545
300.1565
300.1585
300.1604
300.1622
300.1637
300.1648
300.1654
300.1654
300.1648
300.1637
300.1622
300.1604
300.1584
300.1564
300.1543
300.1523
300.1503
300.1484
300.1466
300.1449
300.1433
300.1418
300.1414
300.1427
300.1443
300.1459
300.1475
300.1492
300.1509
300.1527
300.1544
300.1562
300.1578
300.1593
300.1606
300.1614
300.1619
300.1619
300.1614
300.1606
300.1593
300.1578
300.1561
300.1544
300.1525
300.1507
300.149
300.1472
300.1455
300.144
300.1425
300.141
300.1402
300.1415
300.1431
300.1446
300.1462
300.1477
300.1493
300.1509
300.1525
300.154
300.1554
300.1567
300.1577
300.1584
300.1588
300.1588
300.1584
300.1577
300.1567
300.1554
300.1539
300.1524
300.1508
300.1492
300.1475
300.1459
300.1443
300.1428
300.1413
300.1399
300.139
300.1403
300.1418
300.1433
300.1448
300.1463
300.1477
300.1492
300.1506
300.1519
300.1531
300.1542
300.1551
300.1557
300.156
300.156
300.1557
300.1551
300.1542
300.1531
300.1519
300.1505
300.149
300.1476
300.1461
300.1446
300.143
300.1415
300.14
300.1387
300.1378
300.1391
300.1405
300.142
300.1434
300.1448
300.1461
300.1474
300.1487
300.1499
300.151
300.152
300.1527
300.1533
300.1535
300.1535
300.1533
300.1527
300.152
300.151
300.1499
300.1487
300.1473
300.146
300.1446
300.1432
300.1417
300.1402
300.1388
300.1375
300.1365
300.1378
300.1392
300.1406
300.1419
300.1433
300.1445
300.1458
300.1469
300.148
300.149
300.1499
300.1505
300.151
300.1513
300.1513
300.151
300.1506
300.1499
300.149
300.148
300.1469
300.1457
300.1444
300.1431
300.1417
300.1403
300.1389
300.1375
300.1362
300.1352
300.1364
300.1378
300.1392
300.1405
300.1417
300.143
300.1441
300.1452
300.1462
300.1471
300.1479
300.1485
300.149
300.1492
300.1492
300.149
300.1485
300.1479
300.1471
300.1462
300.1452
300.144
300.1428
300.1416
300.1403
300.1389
300.1376
300.1361
300.1349
300.1339
300.1351
300.1364
300.1377
300.139
300.1402
300.1414
300.1425
300.1436
300.1445
300.1454
300.1461
300.1467
300.1471
300.1473
300.1473
300.1471
300.1467
300.1461
300.1454
300.1445
300.1435
300.1424
300.1413
300.1401
300.1388
300.1375
300.1362
300.1348
300.1337
300.1329
300.1339
300.1352
300.1365
300.1377
300.1389
300.1401
300.1412
300.1422
300.1431
300.1439
300.1446
300.1452
300.1455
300.1457
300.1457
300.1455
300.1452
300.1446
300.1439
300.1431
300.1421
300.1411
300.14
300.1388
300.1375
300.1363
300.135
300.1337
300.1326
)
;
        refGradient     nonuniform List<scalar> 
900
(
0.2884504
0.3296289
0.3668637
0.4003129
0.4301037
0.4563714
0.4792739
0.4989812
0.5159868
0.5302138
0.5415489
0.5502818
0.5569068
0.5614003
0.5636015
0.5633495
0.5607392
0.5558452
0.5485769
0.5388998
0.5265165
0.5112232
0.4930153
0.4718984
0.4475923
0.4199488
0.3888288
0.3541089
0.315671
0.2733645
0.3310481
0.371492
0.4079369
0.4405628
0.4695194
0.4949644
0.5170731
0.5360295
0.5523342
0.5659315
0.5767436
0.585066
0.5913614
0.5956193
0.597684
0.5974293
0.5949472
0.5902768
0.5833154
0.5740166
0.5621156
0.5474097
0.5298543
0.5094279
0.4858586
0.4589844
0.4286485
0.3947056
0.357016
0.3154072
0.3697691
0.4094285
0.4450397
0.4768036
0.5048921
0.5294843
0.5507736
0.5689564
0.584542
0.5974916
0.6077655
0.615664
0.6216178
0.6256352
0.6275672
0.6273136
0.6249524
0.6205103
0.6138665
0.6049593
0.5935547
0.5794519
0.5625667
0.5428519
0.5200446
0.4939695
0.4644518
0.4313256
0.3944294
0.3535699
0.4047632
0.4436103
0.4783652
0.5092494
0.5364556
0.5601839
0.5806449
0.5980529
0.6129095
0.625208
0.6349395
0.6424075
0.6480174
0.651794
0.653595
0.6533437
0.6511009
0.6468871
0.6405627
0.6320524
0.6211473
0.6076498
0.5914411
0.5724401
0.5504029
0.5251381
0.4964535
0.464163
0.4280845
0.3880039
0.4361469
0.4741761
0.5080739
0.5380815
0.5644117
0.5872842
0.606926
0.623572
0.637707
0.6493642
0.6585602
0.6656014
0.6708719
0.6744132
0.6760916
0.6758386
0.6737108
0.6697192
0.6637089
0.6555912
0.6451776
0.6322742
0.616732
0.5984328
0.5771563
0.5526942
0.5248375
0.4933811
0.4581227
0.4188289
0.4640417
0.5012692
0.5343306
0.5634854
0.5889653
0.6110085
0.629859
0.6457676
0.6592049
0.6702436
0.6789217
0.6855488
0.6904916
0.6938071
0.6953715
0.6951133
0.6930968
0.6893168
0.6836087
0.6758703
0.6659297
0.6535969
0.6386955
0.621073
0.6005306
0.5768455
0.5497925
0.5191482
0.4846917
0.4461708
0.4885844
0.5250444
0.5573082
0.5856518
0.6103244
0.6315818
0.6496837
0.6648939
0.6776748
0.6881265
0.6963172
0.7025485
0.7071819
0.710284
0.7117428
0.7114776
0.7095662
0.7059853
0.7005614
0.6931807
0.6836852
0.6718894
0.6575887
0.640604
0.6207542
0.5978043
0.5715142
0.5416432
0.5079527
0.4701735
0.5099191
0.5456605
0.5771793
0.60477
0.6286959
0.6492261
0.6666351
0.6811989
0.6933759
0.7032828
0.7110224
0.7168871
0.7212353
0.724143
0.7255005
0.7252284
0.7234148
0.7200171
0.714854
0.7078019
0.6987159
0.6874137
0.6736642
0.6572667
0.6380559
0.6157846
0.5901991
0.5610461
0.528073
0.4909907
0.5283542
0.5634223
0.5942437
0.6211245
0.6443451
0.6641902
0.6809493
0.6949084
0.7065236
0.715921
0.7232396
0.7287623
0.7328452
0.735576
0.7368366
0.7365585
0.7348363
0.7316099
0.7266905
0.7199459
0.7112429
0.7004002
0.6871645
0.671317
0.6527076
0.6310791
0.6061624
0.5776886
0.5453882
0.5089616
0.543835
0.578324
0.6085263
0.634774
0.6573661
0.6766008
0.6927782
0.7061948
0.7173064
0.7262498
0.7331902
0.7384071
0.7422528
0.7448276
0.7459988
0.7457165
0.7440747
0.7410026
0.7363009
0.7298303
0.7214697
0.7110369
0.6982627
0.6829089
0.664837
0.6437793
0.6194577
0.5915908
0.5598956
0.5240588
0.5561195
0.5903364
0.6200747
0.6458047
0.6678745
0.6865995
0.7022916
0.715255
0.725943
0.7345045
0.7411233
0.7460816
0.7497284
0.75217
0.7532664
0.7529808
0.751404
0.748462
0.7439438
0.7377048
0.7296318
0.7195411
0.7071514
0.6922103
0.6745873
0.6540049
0.6301779
0.6028163
0.5716193
0.5362651
0.9645396
0.5995316
0.6290758
0.654413
0.6760665
0.6943817
0.7096804
0.7222764
0.7326202
0.7408771
0.7472285
0.7519774
0.7554648
0.7577959
0.7588324
0.7585462
0.7570236
0.754187
0.7498168
0.7437632
0.73592
0.7261074
0.7140364
0.6994507
0.6822135
0.6620236
0.6386115
0.6117188
0.58092
0.545933
0.9736568
0.6067046
0.6358165
0.6608127
0.682132
0.7001212
0.7151089
0.7274149
0.7374869
0.7455031
0.7516444
0.7562288
0.7595951
0.7618371
0.7628248
0.7625367
0.7610559
0.7583028
0.7540525
0.7481468
0.7404872
0.7309041
0.7191206
0.7049075
0.6880874
0.6682708
0.6453503
0.6201609
0.2344916
0.1997713
0.9761935
0.6111118
0.6402566
0.6650562
0.6861458
0.7039077
0.718678
0.730782
0.7406654
0.7485157
0.7545109
0.7589782
0.7622589
0.7644377
0.7653908
0.7651019
0.7636502
0.7609554
0.7567899
0.7509899
0.7434633
0.7340581
0.7225416
0.7087711
0.6925117
0.6731204
0.6509815
0.6261828
0.2407272
0.2061547
0.9783252
0.6133941
0.6424959
0.6671856
0.6881555
0.7058002
0.7204589
0.7324572
0.7422397
0.7500023
0.7559227
0.7603278
0.763564
0.7657109
0.7666467
0.7663573
0.7649206
0.7622559
0.7581343
0.7523888
0.7449315
0.7356195
0.7242382
0.7106776
0.6946557
0.6754429
0.6535318
0.6288935
0.2436042
0.2092381
0.9782711
0.6133776
0.6424934
0.667186
0.6881562
0.7058009
0.7204597
0.732458
0.7422403
0.750002
0.7559206
0.7603274
0.7635643
0.7657114
0.7666472
0.7663579
0.7649212
0.7622566
0.758135
0.7523897
0.744933
0.7356238
0.7242535
0.7107193
0.6947247
0.6755241
0.6536278
0.6289998
0.243737
0.2094214
0.9758162
0.6110126
0.640241
0.6650568
0.6861486
0.7039105
0.7186804
0.730784
0.7406657
0.7485091
0.7544899
0.7589714
0.7622589
0.7644393
0.7653926
0.7651038
0.7636521
0.7609574
0.756792
0.7509925
0.7434685
0.7340769
0.7226155
0.7089831
0.6928832
0.6735706
0.651557
0.6268051
0.2414217
0.2069962
0.5703931
0.6064004
0.635776
0.6608127
0.6821372
0.7001267
0.715114
0.7274185
0.7374827
0.7454634
0.7515269
0.7561883
0.7595897
0.7618391
0.7628279
0.76254
0.7610593
0.7583063
0.7540562
0.7481516
0.740498
0.7309487
0.7193051
0.7054625
0.6891352
0.6695973
0.6473395
0.6222832
0.5919041
0.2020125
0.9650992
0.5996415
0.6290961
0.6544233
0.6760761
0.694391
0.7096891
0.722282
0.7326053
0.7407636
0.7468786
0.7518627
0.7554477
0.7577984
0.7588375
0.7585517
0.7570292
0.7541927
0.7498228
0.7437702
0.7359331
0.7261543
0.7142231
0.7000082
0.6832638
0.6633524
0.6406016
0.613838
0.5830592
0.5480949
0.5563132
0.5904002
0.6201033
0.6458283
0.6678977
0.6866227
0.7023146
0.7152769
0.7259572
0.7344833
0.7410243
0.7460594
0.7497407
0.7521893
0.7532863
0.7530005
0.7514234
0.7484812
0.7439631
0.7377244
0.7296538
0.7195767
0.7072421
0.6924395
0.6749762
0.6544719
0.6307661
0.6034302
0.5722347
0.5368861
0.5439009
0.57837
0.6085667
0.6348141
0.6574066
0.6766417
0.6928196
0.7062362
0.7173465
0.7262829
0.7332086
0.7384396
0.7422917
0.7448674
0.7460384
0.7457556
0.7441133
0.7410406
0.7363384
0.7298673
0.7215068
0.7110767
0.6983153
0.6829924
0.6649517
0.6439065
0.6195961
0.5917205
0.5600049
0.5241843
0.528411
0.5634781
0.5942999
0.6211819
0.6444036
0.6642498
0.6810098
0.6949697
0.7065853
0.7159821
0.7232989
0.7288233
0.7329067
0.735637
0.7368971
0.7366182
0.7348953
0.731668
0.7267476
0.720002
0.711298
0.7004546
0.6872199
0.6713764
0.6527701
0.6311399
0.6062107
0.5776859
0.5452902
0.5089416
0.5099923
0.5457354
0.5772561
0.6048487
0.6287765
0.6493085
0.6667192
0.6812846
0.6934627
0.7033703
0.7111102
0.7169753
0.7213233
0.7242304
0.7255872
0.7253142
0.7234995
0.7201004
0.7149359
0.7078821
0.6987943
0.6874904
0.6737393
0.6573403
0.6381273
0.6158492
0.5902324
0.560955
0.5277276
0.4908615
0.4886822
0.5251451
0.5574117
0.5857582
0.6104337
0.6316938
0.6497984
0.6650111
0.6777941
0.6882472
0.696439
0.7026711
0.7073045
0.7104061
0.7118641
0.7115978
0.709685
0.7061024
0.7006764
0.6932932
0.6837951
0.6719967
0.6576931
0.6407054
0.6208522
0.597897
0.5715913
0.5416673
0.5078798
0.4701769
0.4641642
0.5013955
0.5344608
0.5636195
0.5891032
0.6111501
0.6300041
0.6459162
0.6593562
0.6703971
0.6790769
0.6857053
0.6906486
0.6939637
0.6955272
0.6952678
0.6932496
0.6894675
0.6837568
0.6760152
0.6660712
0.6537349
0.6388297
0.6212032
0.6006566
0.576967
0.5499069
0.5192471
0.4847664
0.4462583
0.4362937
0.4743276
0.5082303
0.5382427
0.5645776
0.5874547
0.607101
0.6237511
0.6378896
0.6495497
0.658748
0.665791
0.6710623
0.6746034
0.676281
0.6760266
0.6738969
0.6699028
0.6638893
0.6557679
0.6453501
0.6324424
0.6168956
0.5985915
0.57731
0.5528428
0.5249807
0.4935174
0.4582511
0.4189551
0.4049337
0.4437864
0.4785469
0.5094367
0.5366485
0.5603823
0.5808485
0.5982615
0.6131222
0.6254241
0.6351586
0.6426288
0.6482398
0.6520165
0.6538166
0.6535638
0.651319
0.6471023
0.6407743
0.6322597
0.6213497
0.6078472
0.5916333
0.5726265
0.5505835
0.5253129
0.4966224
0.4643259
0.4282412
0.3881554
0.3699623
0.4096281
0.4452457
0.4770161
0.5051109
0.5297094
0.5510045
0.569193
0.5847833
0.5977369
0.6080142
0.6159153
0.6218705
0.6258881
0.6278193
0.6275642
0.6252008
0.6207555
0.6141077
0.6051957
0.5937857
0.5796774
0.5627861
0.5430649
0.5202511
0.4941693
0.464645
0.4315122
0.3946095
0.3537436
0.3312628
0.3717138
0.408166
0.440799
0.4697627
0.4952144
0.5173298
0.5362923
0.5526022
0.5662039
0.5770199
0.5853452
0.5916423
0.5959006
0.5979646
0.5977082
0.5952238
0.5905501
0.5835844
0.5742804
0.5623736
0.5476615
0.5300995
0.5096661
0.4860896
0.4592081
0.4288648
0.3949146
0.3572177
0.3156019
0.2886852
0.3298714
0.3671142
0.4005711
0.4303696
0.4566446
0.4795542
0.4992681
0.5162794
0.5305111
0.5418505
0.5505867
0.5572136
0.5617077
0.5639082
0.5636546
0.5610419
0.5561444
0.5488715
0.5391888
0.5267994
0.5114995
0.4932846
0.4721601
0.4478462
0.4201947
0.3890668
0.3543389
0.3158931
0.2735788
)
;
        valueFraction   nonuniform List<scalar> 
900
(
0.008126712
0.008095734
0.008068171
0.00804694
0.008029804
0.008015383
0.008002887
0.007991833
0.007981976
0.007973248
0.007965713
0.007959524
0.007954879
0.00795198
0.007951
0.00795205
0.007955119
0.007960114
0.00796688
0.007975215
0.007984915
0.007995813
0.008007824
0.008020986
0.008035513
0.00805185
0.008070762
0.008093619
0.008122699
0.008154995
0.008095485
0.008047325
0.008009891
0.007983596
0.007963792
0.007947903
0.007934497
0.007922773
0.007912331
0.007903044
0.007894968
0.00788827
0.007883178
0.007879926
0.007878721
0.007879705
0.007882856
0.007888053
0.007895117
0.007903814
0.007913912
0.00792523
0.007937695
0.007951413
0.007966751
0.007984492
0.008006054
0.008034038
0.008073168
0.008122955
0.008067582
0.008009542
0.007963159
0.007930703
0.007906818
0.007888128
0.007872636
0.007859189
0.007847208
0.007836489
0.007827079
0.007819184
0.007813092
0.007809102
0.007807477
0.00780839
0.00781182
0.007817614
0.00782554
0.007835301
0.007846605
0.007859235
0.007873131
0.007888476
0.00790583
0.00792633
0.007951978
0.007986183
0.008034393
0.00809422
0.008045898
0.0079828
0.007930262
0.007892507
0.007864361
0.007842239
0.007823853
0.007807822
0.007793426
0.007780414
0.007768858
0.007759039
0.007751349
0.007746199
0.007743939
0.007744791
0.007748734
0.007755572
0.007764981
0.00777656
0.007789911
0.007804745
0.007820977
0.007838844
0.007859046
0.007882958
0.007912874
0.007952417
0.008006856
0.008071821
0.008028198
0.007962458
0.007905852
0.00786384
0.00783162
0.007805713
0.007783783
0.007764354
0.007746645
0.007730406
0.007715782
0.007703188
0.007693185
0.007686356
0.007683193
0.00768399
0.007688727
0.007697138
0.007708764
0.00772303
0.007739371
0.007757366
0.007776857
0.007798079
0.007821797
0.007849479
0.00788347
0.007927287
0.00798583
0.008053475
0.00801312
0.007945949
0.00788657
0.007841136
0.007805134
0.007775263
0.007749264
0.007725677
0.007703743
0.007683278
0.007664562
0.007648216
0.007635057
0.007625929
0.007621535
0.007622277
0.007628139
0.00763875
0.007653442
0.007671384
0.007691758
0.007713932
0.007737612
0.007762964
0.00779073
0.007822361
0.007860126
0.007907371
0.007968705
0.008037797
0.007999893
0.00793186
0.00787043
0.007822123
0.007782584
0.007748647
0.007718144
0.007689689
0.007662613
0.007636865
0.007612934
0.007591733
0.007574443
0.007562301
0.007556274
0.007556943
0.007564321
0.007577864
0.007596601
0.007619332
0.007644874
0.007672301
0.007701103
0.007731305
0.00776356
0.007799244
0.007840537
0.007890655
0.00795405
0.008024008
0.007988051
0.007919402
0.007856296
0.007805432
0.007762511
0.007724423
0.007689055
0.007655091
0.007621983
0.007589885
0.007559565
0.007532315
0.007509902
0.007493891
0.00748573
0.007486318
0.007495685
0.007512966
0.007536796
0.007565513
0.007597414
0.00763118
0.007666006
0.00770171
0.00773882
0.007778645
0.007823316
0.007875992
0.007941071
0.008011649
0.007977359
0.007908189
0.007843598
0.007790356
0.007744147
0.00770185
0.007661347
0.007621355
0.007581452
0.00754205
0.007504249
0.007469936
0.007441162
0.007420276
0.007409387
0.007409877
0.007421799
0.007443818
0.007473873
0.007509706
0.00754907
0.007590149
0.007631777
0.007673512
0.007715756
0.007759793
0.007807756
0.007862817
0.00792939
0.008000496
0.007967739
0.007898097
0.007832139
0.007776653
0.007727251
0.007680752
0.007634985
0.007588654
0.007541454
0.007493995
0.007448195
0.007406223
0.007370383
0.007343948
0.007329921
0.007330331
0.007345242
0.007372684
0.00740968
0.007452994
0.007500476
0.007549629
0.007598582
0.007646673
0.007694197
0.007742449
0.007793618
0.007850941
0.007918902
0.007990509
0.00795914
0.007889159
0.007821968
0.007764394
0.007711969
0.007661415
0.007610465
0.007557774
0.00750312
0.007447656
0.007393667
0.007342372
0.007297677
0.007265498
0.007250066
0.00725038
0.007266509
0.007299572
0.007345355
0.007397923
0.007453506
0.007510751
0.007567212
0.007621703
0.007674442
0.007726776
0.007780995
0.007840436
0.00790969
0.007981786
0.007950249
0.007881483
0.007813286
0.007753864
0.007698717
0.007644459
0.007588701
0.007530012
0.007468283
0.007405314
0.007341973
0.007280582
0.007233276
0.007199553
0.007181533
0.007181756
0.007200319
0.007234743
0.007283037
0.007345711
0.007410515
0.007475425
0.007538992
0.007599551
0.007657155
0.007713235
0.007770221
0.0078316
0.007902021
0.007974583
0.007945558
0.007875588
0.007806415
0.007745456
0.007688053
0.007630694
0.007570861
0.007507084
0.007439116
0.00736913
0.007296969
0.007232998
0.007181147
0.007142468
0.007121561
0.007121699
0.007143005
0.007182283
0.007234981
0.007300211
0.007373831
0.007445757
0.007515704
0.007581463
0.007643255
0.007702513
0.007761886
0.007825547
0.00789751
0.007970509
0.007940437
0.007871291
0.007801601
0.007739569
0.00768055
0.007620949
0.007558145
0.007490594
0.007417866
0.007342363
0.007264569
0.007199065
0.00714229
0.007099501
0.007076209
0.007076273
0.007099846
0.007143158
0.00720074
0.007267351
0.007346714
0.007424128
0.007498991
0.007568715
0.007633698
0.007695341
0.007756654
0.007821538
0.007894205
0.007967505
0.007938267
0.00786912
0.007799129
0.007736535
0.007676672
0.007615897
0.007551528
0.007481917
0.007406589
0.007328007
0.007248886
0.00718086
0.007121261
0.007076126
0.007051425
0.007051441
0.007076353
0.007121972
0.007182363
0.007251473
0.00733216
0.007412632
0.007490199
0.00756207
0.007628709
0.007691583
0.00775382
0.007819318
0.007892382
0.007965915
0.007938282
0.007869156
0.007799171
0.007736579
0.007676713
0.007615936
0.007551566
0.007481952
0.007406623
0.007328037
0.00724891
0.007180881
0.00712128
0.007076144
0.007051443
0.007051458
0.007076371
0.007121991
0.007182384
0.007251498
0.00733219
0.00741267
0.007490248
0.007562139
0.007628798
0.007691686
0.007753937
0.007819448
0.007892535
0.007966106
0.007940374
0.007871376
0.007801727
0.007739701
0.007680677
0.00762107
0.00755826
0.007490702
0.007417966
0.007342449
0.007264634
0.007199125
0.007142345
0.007099552
0.007076257
0.007076319
0.007099894
0.007143211
0.007200801
0.007267426
0.007346804
0.007424243
0.007499151
0.007568964
0.007634048
0.007695753
0.007757151
0.007822083
0.007894815
0.007968232
0.007945129
0.007875667
0.007806626
0.007745682
0.007688272
0.007630903
0.007571056
0.007507267
0.007439282
0.007369261
0.00729704
0.007233087
0.007181237
0.007142551
0.007121638
0.007121773
0.007143082
0.007182368
0.007235082
0.00730033
0.00737398
0.007445949
0.007515996
0.007581973
0.007644049
0.007703484
0.007763231
0.007827002
0.007898511
0.007972141
0.007950901
0.007881891
0.007813637
0.007754198
0.007699037
0.007644763
0.007588985
0.007530274
0.007468515
0.007405476
0.007341988
0.007280685
0.007233405
0.007199673
0.007181642
0.007181861
0.007200427
0.007234864
0.007283173
0.007345877
0.007410717
0.007475677
0.007539351
0.007600137
0.007658032
0.007714297
0.007771663
0.007833157
0.007903642
0.007976295
0.007959728
0.007889662
0.007822435
0.007764842
0.007712399
0.007661824
0.007610849
0.007558129
0.007503439
0.007447934
0.00739387
0.007342577
0.007297868
0.007265668
0.007250218
0.007250523
0.007266657
0.007299728
0.007345536
0.007398137
0.007453758
0.007511048
0.007567577
0.00762218
0.007675042
0.007727458
0.00778178
0.007841278
0.007910577
0.00798273
0.007968387
0.007898713
0.007832731
0.007777223
0.007727798
0.007681273
0.007635475
0.007589109
0.00754187
0.007494367
0.007448524
0.00740652
0.007370644
0.007344174
0.007330123
0.00733052
0.007345431
0.007372888
0.00740991
0.007453259
0.007500779
0.007549974
0.007598975
0.007647124
0.007694705
0.007743003
0.007794218
0.007851574
0.007919563
0.007991215
0.007978134
0.00790894
0.007844323
0.007791056
0.007744819
0.007702489
0.00766195
0.007621916
0.007581969
0.007542518
0.007504667
0.007470311
0.007441493
0.00742057
0.007409652
0.007410125
0.007422045
0.007444078
0.007474158
0.007510025
0.007549427
0.007590547
0.007632217
0.007673994
0.00771628
0.007760355
0.00780835
0.00786342
0.007929976
0.008001149
0.00798897
0.007920294
0.007857159
0.007806264
0.00776331
0.007725184
0.007689773
0.007655763
0.007622604
0.007590452
0.007560075
0.007532773
0.007510311
0.007494258
0.007486066
0.007486634
0.007495998
0.007513289
0.007537142
0.007565889
0.007597825
0.007631629
0.007666493
0.007702236
0.007739384
0.007779245
0.007823936
0.007876582
0.007941558
0.008012267
0.008000954
0.007932892
0.007871429
0.007823087
0.00778351
0.007749528
0.007718976
0.00769047
0.007663336
0.00763753
0.007613538
0.007592278
0.007574934
0.007562747
0.007556686
0.007557333
0.007564703
0.007578252
0.007597006
0.007619762
0.007645336
0.007672796
0.007701634
0.007731873
0.007764164
0.007799883
0.007841204
0.007891327
0.007954701
0.008024719
0.008014316
0.007947113
0.007887698
0.007842226
0.00780618
0.00777626
0.007750207
0.007726561
0.007704565
0.007684035
0.007665254
0.007648846
0.007635629
0.007626451
0.00762202
0.007622736
0.007628587
0.007639199
0.007653902
0.007671865
0.007692265
0.007714469
0.007738182
0.007763569
0.00779137
0.007823036
0.007860832
0.007908101
0.007969451
0.008038571
0.008029514
0.00796374
0.007907098
0.007865045
0.007832777
0.007806817
0.007784827
0.007765333
0.007747555
0.007731247
0.007716554
0.007703893
0.00769383
0.007686948
0.007683744
0.007684512
0.007689233
0.00769764
0.007709273
0.007723555
0.007739919
0.007757941
0.007777462
0.007798717
0.007822468
0.007850182
0.007884204
0.00792805
0.007986617
0.008054282
0.008047315
0.007984182
0.007931607
0.00789381
0.007865615
0.007843436
0.007824985
0.007808883
0.007794414
0.007781328
0.007769698
0.007759809
0.007752055
0.007746849
0.007744546
0.007745366
0.007749289
0.007756118
0.007765531
0.007777122
0.007790493
0.007805352
0.007821612
0.007839509
0.007859743
0.007883686
0.007913631
0.007953202
0.008007665
0.008072649
0.008069076
0.008011002
0.007964585
0.007932088
0.007908153
0.007889403
0.007873841
0.00786032
0.007848261
0.007837462
0.007827975
0.007820006
0.007813847
0.007809799
0.007808127
0.007809005
0.007812411
0.007818195
0.007826121
0.007835892
0.007847214
0.007859868
0.00787379
0.007889164
0.007906549
0.007927078
0.007952754
0.007986985
0.008035219
0.008095064
0.008097031
0.008048842
0.008011379
0.007985045
0.007965191
0.007949239
0.007935761
0.007923957
0.007913433
0.007904063
0.007895905
0.00788913
0.007883968
0.007880655
0.0078794
0.007880346
0.007883471
0.007888656
0.007895718
0.007904424
0.007914538
0.007925879
0.007938371
0.007952117
0.007967485
0.007985255
0.008006845
0.008034855
0.008074007
0.008123811
0.008128289
0.008097294
0.008069707
0.008048439
0.008031251
0.008016764
0.008004191
0.007993055
0.00798311
0.007974294
0.007966673
0.007960404
0.007955686
0.007952723
0.00795169
0.0079527
0.007955741
0.007960723
0.007967487
0.00797583
0.007985547
0.007996468
0.008008506
0.008021698
0.008036256
0.008052624
0.008071565
0.008094448
0.008123549
0.008155859
)
;
        source          uniform 0;
        value           nonuniform List<scalar> 
900
(
300.7557
300.767
300.7789
300.7898
300.7997
300.8083
300.8159
300.8224
300.828
300.8327
300.8365
300.8394
300.8417
300.8431
300.8439
300.8438
300.843
300.8413
300.8389
300.8357
300.8316
300.8266
300.8205
300.8136
300.8055
300.7964
300.7861
300.7747
300.7625
300.7509
300.7673
300.7785
300.7901
300.8009
300.8105
300.8189
300.8263
300.8326
300.838
300.8425
300.8462
300.849
300.8511
300.8525
300.8532
300.8532
300.8523
300.8508
300.8485
300.8454
300.8414
300.8365
300.8306
300.8238
300.816
300.8071
300.797
300.7859
300.7738
300.7624
300.7796
300.7905
300.802
300.8125
300.8218
300.83
300.8371
300.8432
300.8484
300.8527
300.8562
300.8588
300.8608
300.8622
300.8629
300.8628
300.862
300.8605
300.8583
300.8553
300.8515
300.8468
300.8411
300.8345
300.827
300.8183
300.8085
300.7975
300.7857
300.7745
300.791
300.8017
300.8129
300.8232
300.8322
300.8401
300.8469
300.8528
300.8577
300.8619
300.8652
300.8677
300.8696
300.8709
300.8715
300.8714
300.8707
300.8693
300.8671
300.8643
300.8606
300.8561
300.8507
300.8443
300.8369
300.8285
300.819
300.8083
300.7967
300.7857
300.8013
300.8118
300.8227
300.8327
300.8414
300.8491
300.8556
300.8612
300.866
300.8699
300.873
300.8755
300.8773
300.8785
300.879
300.879
300.8783
300.8769
300.8749
300.8721
300.8686
300.8643
300.859
300.8529
300.8458
300.8376
300.8283
300.8179
300.8066
300.7957
300.8104
300.8207
300.8314
300.8411
300.8496
300.8569
300.8633
300.8686
300.8732
300.8769
300.8799
300.8822
300.8839
300.885
300.8855
300.8855
300.8848
300.8835
300.8816
300.8789
300.8755
300.8714
300.8664
300.8604
300.8535
300.8456
300.8366
300.8264
300.8153
300.8047
300.8185
300.8285
300.8389
300.8484
300.8566
300.8638
300.8698
300.875
300.8793
300.8829
300.8857
300.8879
300.8895
300.8906
300.8911
300.891
300.8904
300.8892
300.8873
300.8848
300.8815
300.8775
300.8727
300.8669
300.8602
300.8525
300.8437
300.8338
300.823
300.8125
300.8254
300.8353
300.8455
300.8547
300.8627
300.8696
300.8755
300.8804
300.8846
300.888
300.8907
300.8928
300.8943
300.8953
300.8958
300.8958
300.8951
300.894
300.8922
300.8897
300.8866
300.8827
300.878
300.8725
300.866
300.8585
300.8499
300.8402
300.8296
300.8194
300.8316
300.8412
300.8511
300.8601
300.8679
300.8746
300.8803
300.885
300.889
300.8923
300.8949
300.8969
300.8983
300.8993
300.8998
300.8997
300.8991
300.898
300.8962
300.8939
300.8908
300.8871
300.8826
300.8772
300.8709
300.8636
300.8552
300.8457
300.8353
300.8252
300.8377
300.8464
300.8559
300.8646
300.8722
300.8787
300.8842
300.8889
300.8927
300.8958
300.8983
300.9002
300.9016
300.9026
300.903
300.903
300.9024
300.9013
300.8996
300.8973
300.8944
300.8907
300.8863
300.881
300.8749
300.8677
300.8595
300.8502
300.84
300.8301
300.8489
300.852
300.86
300.8683
300.8757
300.8821
300.8874
300.8919
300.8957
300.8987
300.9011
300.9029
300.9043
300.9052
300.9057
300.9056
300.905
300.904
300.9023
300.9001
300.8972
300.8936
300.8893
300.884
300.8778
300.8708
300.8627
300.8534
300.8433
300.8336
300.9269
300.861
300.8638
300.8713
300.8785
300.8847
300.8899
300.8943
300.898
300.9009
300.9033
300.9051
300.9064
300.9073
300.9077
300.9076
300.9071
300.906
300.9044
300.9022
300.8994
300.8958
300.8912
300.8854
300.8787
300.8715
300.8628
300.8516
300.8412
300.8319
300.9122
300.8613
300.8659
300.8734
300.8805
300.8866
300.8918
300.8961
300.8996
300.9025
300.9048
300.9066
300.9079
300.9088
300.9092
300.9091
300.9086
300.9076
300.906
300.9038
300.9009
300.8972
300.8917
300.8836
300.8743
300.8654
300.8525
300.8245
300.7722
300.7634
300.946
300.8698
300.8686
300.875
300.8819
300.8879
300.893
300.8972
300.9008
300.9036
300.9059
300.9076
300.9089
300.9098
300.9102
300.9101
300.9096
300.9086
300.907
300.9048
300.9019
300.8976
300.8902
300.8775
300.8619
300.8486
300.8275
300.7955
300.743
300.7354
300.9555
300.8731
300.8698
300.8758
300.8825
300.8885
300.8936
300.8978
300.9013
300.9042
300.9064
300.9081
300.9094
300.9103
300.9107
300.9106
300.9101
300.9091
300.9075
300.9053
300.9024
300.8979
300.8895
300.8744
300.8562
300.8413
300.8178
300.7849
300.7316
300.7229
300.9568
300.8736
300.8699
300.8758
300.8825
300.8885
300.8936
300.8978
300.9013
300.9042
300.9065
300.9081
300.9094
300.9103
300.9107
300.9106
300.9101
300.9091
300.9075
300.9053
300.9023
300.8978
300.8891
300.8735
300.8546
300.8394
300.8155
300.7823
300.7285
300.7189
300.9543
300.8723
300.8691
300.8751
300.8819
300.8879
300.893
300.8972
300.9008
300.9038
300.9064
300.9078
300.9089
300.9098
300.9102
300.9101
300.9096
300.9086
300.907
300.9048
300.9018
300.8972
300.8886
300.8729
300.854
300.8388
300.8148
300.7817
300.728
300.7177
300.8998
300.8679
300.867
300.8736
300.8805
300.8866
300.8918
300.8961
300.8999
300.9035
300.9072
300.9076
300.9081
300.9088
300.9092
300.9091
300.9086
300.9075
300.906
300.9038
300.9008
300.8962
300.8878
300.8726
300.8543
300.8394
300.8161
300.7853
300.7719
300.7217
300.9206
300.8593
300.8635
300.8712
300.8785
300.8847
300.8899
300.8944
300.8985
300.9033
300.9091
300.9074
300.9069
300.9073
300.9077
300.9076
300.9071
300.906
300.9044
300.9022
300.8992
300.8948
300.8873
300.8744
300.8587
300.8455
300.8264
300.8123
300.8016
300.7915
300.8454
300.8511
300.8598
300.8683
300.8757
300.8821
300.8874
300.8919
300.8959
300.8997
300.9035
300.9039
300.9045
300.9052
300.9056
300.9056
300.905
300.9039
300.9023
300.9
300.8971
300.8932
300.8876
300.8794
300.8698
300.8609
300.8501
300.8401
300.8299
300.8201
300.837
300.8462
300.8558
300.8646
300.8722
300.8787
300.8842
300.8888
300.8927
300.896
300.8988
300.9004
300.9017
300.9026
300.903
300.9029
300.9023
300.9012
300.8996
300.8973
300.8943
300.8906
300.8858
300.8798
300.8729
300.8654
300.8569
300.8477
300.8379
300.8277
300.8315
300.8411
300.8511
300.8601
300.8679
300.8746
300.8802
300.885
300.889
300.8923
300.8949
300.8968
300.8983
300.8993
300.8997
300.8997
300.8991
300.8979
300.8962
300.8938
300.8908
300.887
300.8824
300.8769
300.8705
300.8632
300.8551
300.8467
300.8379
300.8265
300.8254
300.8353
300.8455
300.8546
300.8627
300.8696
300.8754
300.8804
300.8845
300.888
300.8907
300.8927
300.8943
300.8953
300.8958
300.8957
300.8951
300.8939
300.8921
300.8897
300.8865
300.8827
300.878
300.8724
300.8659
300.8585
300.8506
300.8432
300.8364
300.8231
300.8184
300.8285
300.8389
300.8483
300.8566
300.8637
300.8698
300.8749
300.8793
300.8828
300.8857
300.8878
300.8894
300.8905
300.891
300.891
300.8903
300.8891
300.8872
300.8847
300.8814
300.8774
300.8726
300.8668
300.8602
300.8525
300.844
300.8352
300.8261
300.8143
300.8104
300.8206
300.8313
300.841
300.8495
300.8569
300.8632
300.8685
300.8731
300.8768
300.8798
300.8821
300.8838
300.8849
300.8855
300.8854
300.8847
300.8834
300.8815
300.8788
300.8755
300.8713
300.8663
300.8603
300.8535
300.8455
300.8366
300.8267
300.816
300.8051
300.8012
300.8117
300.8226
300.8326
300.8414
300.849
300.8556
300.8612
300.8659
300.8698
300.8729
300.8754
300.8772
300.8784
300.8789
300.8789
300.8782
300.8768
300.8748
300.872
300.8685
300.8642
300.859
300.8528
300.8457
300.8375
300.8283
300.8179
300.8066
300.7957
300.7909
300.8017
300.8128
300.8231
300.8321
300.84
300.8468
300.8527
300.8576
300.8618
300.865
300.8676
300.8695
300.8708
300.8714
300.8713
300.8706
300.8692
300.867
300.8642
300.8605
300.856
300.8505
300.8442
300.8368
300.8284
300.8189
300.8082
300.7966
300.7856
300.7795
300.7905
300.8019
300.8124
300.8217
300.8299
300.837
300.843
300.8482
300.8526
300.856
300.8587
300.8607
300.8621
300.8627
300.8627
300.8619
300.8604
300.8582
300.8552
300.8513
300.8466
300.841
300.8344
300.8268
300.8182
300.8084
300.7974
300.7856
300.7744
300.7672
300.7783
300.79
300.8008
300.8104
300.8188
300.8261
300.8325
300.8379
300.8424
300.846
300.8489
300.851
300.8524
300.8531
300.853
300.8522
300.8507
300.8483
300.8452
300.8412
300.8364
300.8305
300.8237
300.8159
300.807
300.7969
300.7858
300.7737
300.7622
300.7556
300.7669
300.7788
300.7897
300.7995
300.8082
300.8157
300.8223
300.8279
300.8326
300.8364
300.8393
300.8415
300.843
300.8437
300.8437
300.8428
300.8412
300.8388
300.8356
300.8315
300.8264
300.8204
300.8134
300.8054
300.7963
300.786
300.7746
300.7624
300.7508
)
;
        qrNbr           qr;
        logInterval     -1;
        writePrecision  7;
        updateHeader    1;
        writeToFile     0;
        useUserTime     1;
        kappaMethod     solidThermo;
        kappa           none;
    }
}


// ************************************************************************* //
