/*--------------------------------*- C++ -*----------------------------------*\
| =========                 |                                                 |
| \\      /  F ield         | OpenFOAM: The Open Source CFD Toolbox           |
|  \\    /   O peration     | Version:  2506                                  |
|   \\  /    A nd           | Website:  www.openfoam.com                      |
|    \\/     M anipulation  |                                                 |
\*---------------------------------------------------------------------------*/
FoamFile
{
    version     2.0;
    format      ascii;
    arch        "LSB;label=32;scalar=64";
    class       volScalarField;
    location    "1500/floor";
    object      damage;
}
// * * * * * * * * * * * * * * * * * * * * * * * * * * * * * * * * * * * * * //

dimensions      [0 0 0 0 0 0 0];

internalField   nonuniform List<scalar> 
2700
(
0.008409077
0.008412296
0.00841559
0.008418571
0.008421244
0.008423615
0.008425698
0.008427525
0.008429109
0.008430459
0.008431547
0.008432383
0.008433014
0.008433448
0.008433673
0.00843368
0.008433474
0.008433057
0.008432422
0.008431561
0.008430456
0.008429093
0.008427467
0.008425575
0.008423398
0.008420926
0.008418146
0.008415049
0.00841167
0.008408477
0.008412257
0.00841546
0.008418728
0.008421672
0.008424292
0.008426604
0.008428626
0.008430377
0.008431886
0.008433156
0.008434181
0.008434978
0.008435583
0.008435998
0.008436213
0.008436219
0.008436022
0.008435622
0.008435009
0.008434177
0.008433108
0.008431789
0.008430211
0.00842837
0.008426249
0.008423834
0.008421112
0.008418074
0.008414752
0.008411606
0.008415614
0.008418769
0.00842198
0.008424858
0.008427407
0.008429646
0.008431595
0.008433273
0.008434713
0.008435919
0.00843689
0.008437649
0.008438223
0.008438617
0.008438821
0.008438827
0.00843864
0.008438259
0.008437673
0.008436874
0.008435848
0.008434579
0.008433059
0.008431278
0.008429221
0.008426874
0.008424222
0.008421254
0.008417999
0.008414909
0.008418683
0.008421782
0.008424925
0.008427729
0.008430202
0.008432366
0.008434242
0.008435851
0.008437227
0.008438375
0.008439297
0.008440017
0.008440562
0.008440936
0.008441129
0.008441135
0.008440958
0.008440597
0.008440039
0.008439274
0.008438291
0.008437074
0.00843561
0.008433891
0.0084319
0.008429622
0.008427042
0.008424146
0.008420961
0.00841793
0.008421433
0.008424475
0.008427547
0.008430277
0.008432674
0.008434764
0.008436568
0.00843811
0.008439424
0.008440516
0.008441392
0.008442076
0.008442592
0.008442946
0.008443129
0.008443135
0.008442969
0.008442627
0.008442096
0.008441366
0.008440424
0.008439257
0.00843785
0.008436191
0.008434265
0.008432056
0.008429547
0.008426723
0.008423608
0.008420636
0.008423874
0.008426859
0.008429861
0.008432518
0.008434842
0.00843686
0.008438596
0.008440074
0.008441328
0.008442367
0.008443199
0.008443847
0.008444336
0.008444672
0.008444846
0.008444854
0.008444698
0.008444375
0.00844387
0.008443172
0.008442271
0.008441152
0.008439799
0.008438197
0.008436334
0.008434191
0.00843175
0.008428996
0.00842595
0.008423037
0.008426019
0.008428949
0.008431884
0.008434472
0.008436726
0.008438676
0.008440347
0.008441766
0.008442963
0.008443953
0.008444744
0.008445359
0.008445823
0.008446142
0.008446308
0.008446317
0.008446171
0.008445866
0.008445386
0.008444719
0.008443855
0.008442782
0.008441479
0.008439931
0.008438126
0.008436045
0.00843367
0.008430982
0.008428002
0.008425145
0.008427882
0.00843076
0.008433633
0.008436156
0.008438345
0.008440232
0.008441844
0.008443207
0.008444353
0.008445297
0.008446051
0.008446636
0.008447077
0.008447381
0.00844754
0.00844755
0.008447414
0.008447126
0.008446668
0.00844603
0.008445201
0.008444169
0.008442912
0.008441413
0.008439662
0.008437639
0.008435324
0.008432698
0.008429779
0.008426974
0.008429488
0.008432318
0.008435133
0.008437595
0.008439724
0.008441553
0.008443109
0.00844442
0.00844552
0.008446422
0.008447141
0.008447699
0.00844812
0.008448411
0.008448564
0.008448576
0.008448449
0.008448176
0.00844774
0.008447127
0.008446331
0.008445336
0.008444121
0.008442668
0.008440967
0.008438997
0.008436738
0.008434169
0.008431307
0.008428552
0.008430845
0.008433627
0.008436388
0.008438796
0.008440872
0.008442649
0.008444156
0.008445422
0.008446479
0.008447345
0.008448034
0.008448568
0.008448971
0.008449251
0.008449399
0.008449412
0.008449294
0.008449036
0.008448619
0.008448029
0.00844726
0.008446299
0.008445121
0.008443707
0.008442049
0.008440127
0.008437918
0.0084354
0.008432589
0.008429878
0.008432096
0.008434701
0.008437405
0.008439767
0.008441798
0.008443531
0.008444998
0.008446226
0.008447248
0.008448083
0.008448747
0.008449261
0.008449649
0.00844992
0.008450065
0.008450081
0.00844997
0.008449724
0.008449323
0.008448753
0.008448007
0.008447073
0.008445922
0.008444524
0.008442899
0.008441015
0.008438846
0.008436371
0.008433605
0.008430947
0.008434933
0.008435705
0.00843821
0.008440526
0.00844252
0.008444219
0.008445652
0.008446849
0.008447844
0.008448654
0.008449297
0.008449796
0.008450173
0.008450437
0.008450579
0.008450597
0.008450492
0.008450257
0.008449869
0.008449315
0.008448587
0.008447669
0.008446493
0.008444865
0.008443212
0.008441353
0.008439217
0.00843678
0.008434093
0.008431697
0.008437026
0.008436707
0.008438845
0.008441093
0.008443056
0.008444727
0.008446134
0.008447307
0.00844828
0.008449072
0.008449699
0.008450185
0.008450554
0.008450813
0.008450954
0.008450973
0.008450874
0.008450647
0.008450269
0.008449727
0.00844901
0.008448059
0.008446397
0.008441921
0.008439646
0.00843775
0.008435638
0.008433271
0.008431063
0.008431245
0.008458208
0.008440033
0.008439489
0.008441483
0.008443411
0.008445062
0.008446451
0.008447608
0.008448566
0.008449345
0.008449961
0.008450439
0.008450803
0.008451058
0.008451198
0.008451219
0.008451123
0.008450902
0.008450532
0.008449997
0.008449273
0.008448078
0.008443567
0.008420553
0.008413622
0.008411348
0.008409245
0.008407102
0.00840725
0.008422797
0.00846157
0.008440749
0.008439734
0.008441674
0.008443588
0.008445229
0.008446609
0.008447758
0.008448708
0.008449479
0.00845009
0.008450564
0.008450924
0.008451178
0.008451317
0.008451339
0.008451245
0.008451027
0.008450661
0.00845013
0.008449408
0.008448169
0.00844316
0.008417286
0.008409718
0.00840739
0.008405279
0.008402941
0.008400762
0.00840097
0.008461829
0.008440793
0.008439737
0.008441673
0.008443587
0.008445228
0.008446608
0.008447756
0.008448706
0.008449478
0.008450089
0.008450562
0.008450923
0.008451176
0.008451315
0.008451337
0.008451243
0.008451025
0.008450658
0.008450128
0.008449405
0.008448162
0.008443103
0.008416973
0.00840935
0.008407016
0.008404902
0.00840252
0.008399889
0.008397542
0.008461348
0.008440536
0.008439532
0.008441482
0.008443407
0.008445058
0.008446447
0.008447604
0.008448562
0.008449341
0.008449964
0.008450435
0.008450798
0.008451053
0.008451192
0.008451213
0.008451117
0.008450895
0.008450525
0.00844999
0.008449262
0.008448013
0.008442948
0.008416811
0.008409179
0.008406837
0.008404713
0.008402316
0.00839963
0.008397039
0.008457764
0.008439612
0.008439087
0.008441102
0.008443049
0.008444719
0.008446126
0.0084473
0.008448273
0.00844908
0.008449875
0.008450193
0.008450546
0.008450804
0.008450944
0.008450964
0.008450864
0.008450637
0.008450259
0.008449715
0.008448978
0.008447722
0.008442693
0.008416798
0.008409207
0.008406854
0.008404712
0.008402296
0.008399588
0.008396966
0.008436229
0.008436064
0.008438241
0.008440518
0.008442509
0.008444207
0.00844564
0.008446837
0.008447839
0.008448826
0.008451675
0.008449966
0.008450167
0.008450423
0.008450565
0.008450582
0.008450477
0.008450241
0.008449853
0.008449297
0.008448549
0.008447326
0.008442783
0.008419737
0.008412768
0.008410453
0.00840829
0.008405848
0.008403113
0.008400467
0.008432214
0.008434721
0.008437392
0.008439749
0.008441779
0.008443512
0.008444978
0.008446205
0.008447229
0.008448078
0.00844891
0.008449255
0.008449628
0.008449897
0.008450042
0.008450057
0.008449946
0.008449699
0.008449298
0.008448728
0.008447978
0.008446989
0.008445284
0.008440763
0.008438438
0.008436487
0.008434315
0.008431842
0.008429086
0.0084264
0.008430832
0.008433604
0.008436363
0.00843877
0.008440845
0.008442621
0.008444127
0.008445392
0.008446449
0.008447315
0.00844801
0.008448536
0.008448938
0.008449217
0.008449365
0.008449378
0.00844926
0.008449001
0.008448584
0.008447994
0.008447225
0.008446258
0.008445028
0.008443342
0.008441625
0.008439698
0.008437493
0.008435016
0.008432397
0.0084295
0.008429456
0.008432285
0.008435099
0.00843756
0.008439688
0.008441516
0.008443071
0.008444381
0.00844548
0.008446381
0.0084471
0.008447656
0.008448076
0.008448367
0.00844852
0.008448531
0.008448404
0.008448131
0.008447695
0.008447082
0.008446286
0.008445291
0.008444073
0.008442603
0.008440899
0.008438933
0.008436717
0.008434569
0.00843394
0.008428999
0.00842784
0.008430717
0.008433589
0.00843611
0.008438299
0.008440185
0.008441795
0.008443156
0.008444301
0.008445244
0.008445997
0.008446581
0.008447021
0.008447324
0.008447483
0.008447493
0.008447356
0.008447068
0.008446611
0.008445972
0.008445144
0.008444112
0.008442856
0.008441358
0.008439609
0.008437602
0.008435508
0.008435342
0.008447973
0.008429857
0.008425966
0.008428894
0.008431828
0.008434414
0.008436667
0.008438615
0.008440285
0.008441701
0.008442898
0.008443886
0.008444675
0.008445289
0.008445752
0.00844607
0.008446236
0.008446244
0.008446098
0.008445793
0.008445313
0.008444647
0.008443784
0.008442712
0.00844141
0.008439864
0.00843806
0.008435985
0.008433653
0.008431386
0.00843064
0.008425597
0.008423811
0.008426793
0.008429794
0.008432449
0.008434771
0.008436786
0.00843852
0.008439996
0.008441248
0.008442286
0.008443116
0.008443763
0.00844425
0.008444585
0.008444759
0.008444766
0.00844461
0.008444287
0.008443783
0.008443086
0.008442186
0.008441069
0.008439717
0.008438117
0.008436256
0.008434115
0.008431681
0.008428969
0.008426116
0.00842302
0.008421359
0.008424398
0.008427468
0.008430195
0.00843259
0.008434677
0.008436479
0.008438019
0.008439331
0.008440421
0.008441295
0.008441977
0.008442491
0.008442844
0.008443027
0.008443033
0.008442867
0.008442526
0.008441995
0.008441266
0.008440326
0.00843916
0.008437755
0.008436098
0.008434174
0.008431968
0.008429462
0.008426643
0.008423543
0.008420562
0.008418597
0.008421694
0.008424834
0.008427636
0.008430107
0.008432268
0.008434141
0.008435747
0.008437121
0.008438266
0.008439187
0.008439905
0.008440448
0.008440821
0.008441013
0.008441019
0.008440843
0.008440482
0.008439924
0.008439161
0.008438179
0.008436964
0.008435503
0.008433786
0.008431798
0.008429523
0.008426945
0.008424052
0.008420871
0.008417842
0.008415518
0.008418671
0.008421879
0.008424755
0.0084273
0.008429536
0.008431482
0.008433157
0.008434595
0.008435799
0.008436768
0.008437524
0.008438097
0.00843849
0.008438693
0.008438698
0.008438511
0.008438131
0.008437546
0.008436749
0.008435724
0.008434458
0.008432939
0.008431161
0.008429108
0.008426764
0.008424115
0.00842115
0.008417898
0.008414811
0.008412153
0.008415355
0.008418616
0.008421559
0.008424174
0.008426485
0.008428503
0.008430251
0.008431757
0.008433029
0.008434048
0.008434842
0.008435445
0.008435859
0.008436073
0.008436079
0.008435882
0.008435482
0.008434871
0.00843404
0.008432973
0.008431656
0.008430081
0.008428243
0.008426125
0.008423713
0.008420995
0.008417961
0.008414642
0.008411499
0.008408964
0.008412192
0.008415464
0.008418453
0.008421115
0.008423491
0.008425569
0.008427394
0.008428971
0.008430336
0.008431409
0.008432238
0.008432866
0.008433298
0.008433523
0.008433529
0.008433323
0.008432907
0.008432273
0.008431413
0.008430311
0.008428951
0.008427328
0.008425437
0.008423264
0.008420796
0.008418019
0.008414926
0.008411552
0.008408363
0.002484797
0.002497422
0.00250999
0.002521327
0.002531488
0.002540494
0.002548395
0.002555317
0.002561311
0.002566414
0.002570526
0.002573685
0.002576076
0.002577719
0.002578569
0.002578587
0.002577796
0.002576206
0.002573787
0.002570512
0.00256631
0.002561128
0.002554946
0.002547752
0.002539482
0.002530089
0.002519526
0.00250776
0.002494875
0.002482348
0.002497289
0.00250983
0.002522275
0.002533453
0.002543398
0.002552172
0.002559837
0.00256647
0.002572186
0.002576993
0.002580866
0.002583881
0.002586169
0.002587739
0.002588549
0.002588565
0.002587809
0.002586283
0.002583953
0.002580789
0.002576728
0.002571716
0.002565723
0.002558731
0.002550676
0.002541506
0.002531172
0.002519634
0.00250697
0.002494628
0.002510097
0.002522444
0.002534659
0.00254558
0.002555249
0.002563743
0.002571132
0.00257749
0.00258295
0.002587518
0.002591193
0.002594059
0.002596232
0.002597723
0.00259849
0.002598506
0.002597788
0.002596336
0.002594107
0.002591071
0.002587171
0.002582352
0.002576575
0.002569813
0.002562004
0.002553093
0.002543025
0.002531753
0.002519346
0.002507224
0.002521763
0.002533888
0.002545839
0.002556478
0.002565858
0.002574066
0.002581178
0.002587275
0.00259249
0.002596839
0.002600331
0.002603053
0.002605114
0.002606526
0.002607252
0.002607268
0.00260659
0.002605213
0.002603088
0.002600182
0.002596444
0.00259182
0.002586262
0.002579731
0.002572173
0.002563526
0.00255373
0.002542733
0.002530593
0.002518701
0.002532218
0.002544115
0.002555794
0.002566148
0.00257524
0.002583166
0.002590007
0.002595851
0.002600829
0.002604967
0.002608283
0.002610866
0.002612817
0.002614154
0.002614842
0.002614861
0.002614222
0.002612918
0.002610896
0.002608118
0.002604539
0.002600107
0.002594762
0.00258846
0.002581148
0.002572762
0.002563236
0.002552512
0.00254064
0.00252898
0.002541498
0.00255317
0.002564583
0.002574658
0.002583471
0.002591123
0.002597705
0.002603306
0.002608057
0.002611994
0.002615143
0.002617592
0.00261944
0.002620708
0.002621362
0.002621383
0.002620783
0.00261955
0.002617627
0.002614973
0.002611547
0.002607296
0.002602157
0.002596073
0.002588997
0.002580862
0.002571598
0.002561139
0.002549529
0.002538098
0.002549649
0.002561108
0.002572265
0.002582076
0.002590623
0.002598018
0.002604355
0.002609727
0.002614266
0.002618015
0.002621008
0.002623332
0.002625085
0.002626289
0.002626913
0.002626937
0.002626376
0.00262521
0.00262338
0.002620842
0.002617558
0.002613478
0.00260853
0.00260265
0.002595796
0.002587898
0.002578881
0.002568674
0.002557314
0.002546102
0.002556729
0.002567988
0.002578906
0.00258847
0.002596772
0.002603928
0.002610038
0.0026152
0.002619545
0.002623121
0.002625971
0.002628181
0.002629848
0.002630995
0.002631593
0.002631621
0.002631096
0.002629993
0.002628249
0.002625817
0.002622664
0.00261874
0.002613966
0.002608272
0.002601623
0.002593943
0.002585154
0.002575182
0.002564055
0.002553049
0.002562835
0.002573907
0.002584603
0.002593936
0.002602008
0.002608942
0.002614842
0.002619811
0.002623976
0.002627394
0.002630114
0.002632221
0.00263381
0.002634908
0.002635483
0.002635516
0.002635025
0.002633981
0.002632317
0.002629983
0.00262695
0.002623168
0.002618554
0.002613032
0.002606571
0.002599095
0.00259052
0.002580767
0.002569857
0.002559043
0.002568008
0.002578879
0.002589372
0.002598499
0.002606368
0.002613105
0.002618818
0.002623614
0.002627622
0.002630899
0.002633504
0.002635521
0.002637043
0.002638099
0.002638655
0.002638695
0.002638235
0.002637246
0.002635652
0.002633405
0.002630478
0.002626821
0.002622347
0.002616975
0.00261068
0.002603383
0.002594996
0.002585437
0.002574722
0.002564082
0.00257308
0.002582976
0.002593235
0.002602187
0.002609886
0.002616458
0.002622016
0.002626668
0.002630544
0.002633705
0.002636214
0.002638157
0.002639624
0.002640646
0.002641188
0.002641234
0.002640803
0.002639859
0.002638326
0.002636151
0.002633312
0.002629757
0.00262539
0.002620099
0.002613931
0.002606779
0.002598548
0.00258915
0.002578603
0.002568145
0.002590667
0.002587051
0.002596293
0.002605068
0.002612629
0.002619069
0.002624501
0.002629037
0.002632807
0.002635876
0.002638308
0.002640191
0.002641616
0.002642612
0.002643144
0.002643198
0.002642791
0.002641885
0.002640401
0.002638284
0.002635512
0.002632026
0.002627623
0.002621716
0.002615495
0.002608445
0.002600336
0.002591076
0.002580773
0.002571083
0.002589791
0.002590043
0.002598636
0.002607217
0.002614663
0.002620999
0.002626333
0.002630779
0.002634466
0.002637464
0.002639836
0.002641674
0.002643068
0.002644045
0.00264457
0.002644632
0.002644243
0.002643368
0.002641922
0.00263985
0.002637123
0.002633573
0.002627832
0.002612918
0.002604489
0.002597336
0.00258932
0.002580274
0.002571342
0.00256993
0.002677726
0.002601131
0.002600842
0.002608681
0.002616013
0.002622275
0.002627541
0.002631924
0.002635555
0.002638504
0.002640835
0.002642642
0.002644015
0.002644978
0.002645499
0.002645566
0.002645191
0.002644337
0.002642919
0.002640876
0.002638143
0.002633925
0.002619183
0.002531254
0.00249943
0.002490748
0.002482761
0.002474367
0.002473084
0.002534313
0.002688746
0.002603358
0.002601717
0.002609401
0.002616687
0.00262291
0.002628142
0.002632493
0.002636093
0.002639016
0.002641327
0.002643117
0.002644478
0.002645435
0.002645954
0.002646024
0.002645657
0.002644814
0.00264341
0.002641382
0.00263866
0.002634339
0.002618214
0.002521228
0.002487142
0.002478296
0.002470299
0.002461362
0.002452543
0.002451232
0.002689477
0.002603471
0.002601723
0.002609397
0.002616682
0.002622905
0.002628136
0.002632487
0.002636088
0.002639011
0.002641322
0.002643111
0.002644472
0.002645428
0.002645947
0.002646017
0.00264565
0.002644806
0.002643402
0.002641374
0.002638651
0.002634317
0.002618066
0.002520368
0.002486122
0.00247726
0.002469255
0.002460203
0.002450114
0.002440615
0.002687902
0.00260255
0.00260095
0.002608674
0.002615999
0.002622259
0.002627526
0.002631909
0.002635539
0.002638491
0.002640863
0.002642628
0.002643996
0.002644958
0.002645478
0.002645545
0.00264517
0.002644315
0.002642896
0.002640852
0.002638109
0.002633752
0.002617476
0.002519752
0.002485475
0.00247658
0.002468538
0.002459438
0.002449193
0.002439002
0.002676031
0.002599528
0.002599315
0.002607232
0.002614639
0.002620972
0.002626306
0.002630751
0.002634442
0.002637525
0.002640973
0.002641734
0.002643041
0.002644012
0.002644535
0.002644596
0.002644206
0.00264333
0.002641884
0.002639808
0.002637029
0.002632641
0.002616442
0.002519379
0.002485205
0.002476262
0.002468153
0.002458981
0.002448657
0.002438362
0.00258641
0.00258758
0.002596342
0.002605033
0.002612586
0.002619025
0.002624457
0.002628993
0.002632805
0.002636995
0.002657265
0.002641308
0.00264161
0.002642561
0.00264309
0.002643143
0.002642734
0.002641827
0.002640342
0.002638221
0.002635397
0.002631073
0.002616213
0.00252816
0.002496195
0.002487355
0.002479161
0.002469889
0.002459465
0.002449077
0.002572901
0.002582971
0.002593178
0.00260212
0.002609817
0.002616387
0.002621944
0.002626594
0.002630472
0.002633717
0.002637301
0.002638165
0.002639545
0.002640562
0.002641102
0.002641147
0.002640714
0.00263977
0.002638235
0.002636059
0.00263321
0.002629516
0.002623615
0.002608529
0.00259991
0.002592549
0.002584308
0.002574917
0.002564397
0.002553868
0.002567927
0.00257879
0.002589277
0.002598401
0.002606267
0.002613002
0.002618712
0.002623505
0.002627511
0.002630789
0.002633433
0.002635407
0.002636923
0.002637977
0.002638531
0.002638569
0.002638109
0.002637118
0.002635524
0.002633276
0.002630349
0.002626679
0.002622071
0.002615945
0.002609481
0.00260217
0.002593796
0.002584345
0.002574187
0.002563005
0.002562716
0.002573784
0.002584476
0.002593805
0.002601875
0.002608805
0.002614701
0.002619666
0.002623828
0.002627242
0.00262996
0.002632063
0.002633649
0.002634745
0.002635318
0.00263535
0.002634858
0.002633814
0.002632149
0.002629815
0.002626783
0.002623003
0.002618381
0.002612818
0.00260635
0.002598884
0.002590421
0.002581881
0.00257858
0.002560283
0.002556574
0.002567829
0.002578743
0.002588302
0.002596599
0.00260375
0.002609856
0.002615013
0.002619352
0.002622924
0.00262577
0.002627977
0.00262964
0.002630785
0.002631382
0.002631408
0.002630882
0.002629779
0.002628036
0.002625604
0.002622454
0.002618532
0.00261376
0.002608069
0.002601425
0.002593788
0.002585635
0.002583922
0.002642266
0.002562472
0.002549451
0.002560906
0.002572058
0.002581862
0.002590404
0.002597792
0.002604122
0.002609489
0.002614022
0.002617765
0.002620753
0.002623072
0.002624821
0.002626022
0.002626645
0.002626668
0.002626106
0.00262494
0.002623112
0.002620575
0.002617295
0.002613219
0.002608275
0.0026024
0.002595552
0.002587668
0.002578767
0.002569776
0.002566026
0.002547334
0.00254126
0.002552926
0.002564331
0.0025744
0.002583205
0.002590849
0.002597423
0.002603016
0.00260776
0.002611691
0.002614833
0.002617276
0.00261912
0.002620385
0.002621037
0.002621057
0.002620457
0.002619225
0.002617304
0.002614653
0.002611231
0.002606985
0.002601852
0.002595774
0.002588706
0.00258058
0.002571334
0.002560989
0.002549942
0.002537976
0.00253194
0.002543829
0.0025555
0.002565845
0.002574928
0.002582844
0.002589677
0.002595512
0.002600481
0.002604612
0.002607921
0.002610497
0.002612443
0.002613778
0.002614463
0.002614481
0.002613842
0.00261254
0.00261052
0.002607746
0.002604172
0.002599746
0.002594408
0.002588114
0.00258081
0.002572434
0.002562918
0.002552211
0.002540381
0.002528699
0.002521444
0.002533562
0.002545503
0.002556132
0.002565501
0.002573699
0.002580801
0.002586888
0.002592095
0.002596435
0.002599919
0.002602634
0.002604689
0.002606098
0.002606821
0.002606837
0.002606159
0.002604784
0.002602662
0.002599761
0.002596028
0.002591411
0.002585861
0.00257934
0.002571791
0.002563155
0.00255337
0.002542384
0.002530257
0.002518374
0.002509738
0.002522079
0.002534282
0.002545193
0.00255485
0.002563333
0.002570712
0.00257706
0.002582509
0.00258707
0.002590735
0.002593593
0.002595761
0.002597247
0.002598012
0.002598027
0.00259731
0.00259586
0.002593635
0.002590604
0.00258671
0.002581899
0.002576131
0.002569378
0.002561581
0.002552681
0.002542625
0.002531366
0.002518971
0.00250686
0.002496899
0.002509437
0.002521858
0.002533031
0.002542958
0.002551727
0.00255938
0.002566002
0.002571705
0.002576515
0.002580371
0.002583374
0.002585654
0.00258722
0.002588028
0.002588043
0.002587287
0.002585764
0.002583437
0.002580279
0.002576226
0.002571222
0.002565239
0.002558257
0.002550213
0.002541057
0.002530735
0.002519211
0.00250656
0.00249423
0.00248439
0.002497044
0.002509524
0.002520896
0.002531008
0.002540035
0.002547916
0.002554831
0.002560799
0.00256596
0.002570015
0.002573151
0.002575531
0.002577168
0.002578016
0.002578033
0.002577243
0.002575655
0.002573239
0.002569971
0.002565778
0.002560605
0.002554433
0.002547249
0.002538991
0.002529612
0.002519063
0.00250731
0.002494439
0.002481927
0.001552265
0.001601426
0.001648646
0.001691117
0.001729163
0.001762853
0.001792381
0.001818202
0.00184054
0.001859537
0.001874821
0.001886565
0.001895471
0.001901589
0.001904741
0.001904763
0.001901752
0.00189576
0.001886661
0.00187437
0.001858608
0.001839166
0.001815985
0.001789027
0.001758038
0.001722852
0.001683289
0.001639214
0.001590763
0.001541803
0.001601081
0.001649845
0.001696499
0.001738295
0.00177547
0.001808253
0.001836873
0.001861601
0.001882916
0.001900822
0.001915225
0.001926426
0.001934935
0.001940775
0.001943769
0.001943782
0.001940909
0.001935167
0.001926413
0.00191455
0.001899334
0.001880553
0.001858108
0.00183193
0.001801779
0.00176746
0.001728786
0.001685599
0.001638004
0.001589782
0.001649265
0.001697236
0.00174298
0.001783782
0.001819905
0.001851631
0.001879219
0.001902935
0.001923307
0.00194034
0.001954019
0.001964671
0.001972753
0.001978293
0.001981123
0.001981136
0.001978409
0.001972942
0.001964571
0.001953185
0.001938571
0.001920518
0.001898884
0.001873569
0.001844343
0.001810996
0.001773321
0.001731135
0.00168451
0.001637142
0.001692991
0.001740082
0.001784819
0.001824554
0.00185959
0.001890243
0.001916796
0.001939537
0.001958997
0.001975215
0.001988213
0.001998328
0.002005987
0.002011233
0.002013907
0.002013924
0.002011343
0.002006155
0.001998173
0.001987271
0.001973262
0.001955941
0.001935126
0.001910679
0.00188239
0.001850033
0.001813378
0.001772219
0.001726598
0.001680124
0.00173217
0.001778366
0.001822075
0.001860737
0.001894693
0.001924287
0.001949826
0.001971621
0.001990192
0.002005621
0.002017963
0.002027556
0.002034806
0.002039771
0.002042302
0.002042323
0.002039889
0.002034976
0.002027376
0.002016952
0.002003537
0.001986931
0.001966918
0.001943321
0.001915954
0.001884573
0.001848931
0.001808796
0.001764182
0.001718612
0.001766952
0.001812269
0.001854969
0.001892584
0.001925492
0.001954064
0.001978629
0.001999516
0.002017236
0.002031913
0.002043629
0.002052724
0.002059587
0.002064289
0.002066694
0.002066722
0.002064433
0.002059783
0.002052551
0.002042586
0.002029739
0.002013816
0.001994568
0.001971787
0.001945304
0.001914865
0.001880202
0.001841062
0.001797432
0.001752749
0.001797507
0.001841989
0.001883725
0.001920345
0.00195226
0.001979866
0.002003514
0.002023547
0.002040474
0.002054446
0.002065579
0.002074208
0.002080713
0.002085175
0.002087468
0.002087504
0.002085355
0.002080955
0.002074068
0.002064532
0.002052217
0.002036931
0.002018396
0.001996376
0.001970724
0.001941171
0.001907434
0.001869239
0.001826548
0.001782716
0.001824046
0.001867746
0.001908581
0.001944275
0.00197527
0.002001984
0.002024785
0.002044033
0.002060232
0.002073557
0.002084159
0.002092363
0.002098545
0.002102795
0.002104987
0.002105035
0.002103019
0.00209885
0.00209228
0.002083138
0.002071307
0.002056601
0.002038716
0.002017393
0.001992502
0.001963766
0.001930883
0.001893565
0.001851752
0.00180872
0.001846949
0.001889921
0.001929915
0.001964743
0.001994878
0.002020759
0.002042774
0.002061296
0.002076828
0.002089558
0.002099673
0.002107491
0.002113382
0.002117446
0.002119549
0.002119614
0.002117724
0.002113773
0.002107497
0.002098716
0.002087332
0.002073156
0.002055867
0.002035186
0.002011003
0.001983028
0.001950946
0.001914449
0.001873454
0.001831171
0.00186635
0.001908546
0.001947778
0.001981833
0.002011203
0.002036346
0.002057663
0.002075539
0.00209048
0.002102687
0.002112373
0.002119854
0.002125495
0.002129402
0.002131431
0.002131517
0.002129742
0.002125988
0.002119973
0.002111511
0.002100518
0.002086809
0.002070045
0.002049927
0.002026365
0.001999061
0.001967686
0.001931917
0.001891654
0.001850044
0.001886021
0.001923877
0.001962237
0.00199564
0.002024374
0.002048902
0.002069638
0.002086978
0.002101426
0.0021132
0.002122528
0.002129732
0.002135169
0.00213895
0.002140922
0.002141031
0.002139356
0.002135771
0.002129977
0.002121781
0.002111111
0.002097781
0.002081429
0.002061685
0.002038612
0.002011857
0.001981063
0.001945896
0.00190625
0.001865273
0.001997589
0.001939646
0.001973664
0.002006421
0.002034642
0.002058676
0.002078944
0.002095853
0.002109906
0.002121336
0.002130376
0.002137362
0.002142642
0.002146323
0.002148256
0.002148394
0.002146804
0.002143357
0.002137741
0.002129756
0.002119335
0.002106282
0.002090011
0.002069056
0.002046001
0.002019646
0.001989312
0.001954641
0.001915706
0.001876617
0.001936924
0.001947995
0.001982229
0.002014456
0.002042263
0.002065908
0.00208581
0.002102383
0.002116128
0.002127293
0.002136111
0.002142929
0.002148093
0.002151701
0.002153609
0.002153771
0.00215225
0.002148912
0.002143437
0.002135614
0.002125371
0.002112296
0.002093179
0.002048902
0.002018966
0.001992438
0.001962456
0.001928392
0.001892664
0.001875467
0.00230828
0.001979946
0.001989446
0.002019876
0.002047319
0.002070691
0.002090337
0.002106678
0.002120212
0.002131196
0.002139862
0.002146563
0.002151647
0.002155206
0.002157097
0.002157279
0.002155808
0.002152546
0.00214717
0.002139458
0.002129263
0.002114783
0.002072369
0.001748911
0.001592044
0.001560112
0.001530254
0.00149777
0.001482497
0.001716161
0.002339038
0.001986163
0.00199252
0.002022561
0.002049844
0.002073075
0.002092591
0.002108811
0.002122233
0.002133121
0.002141708
0.002148347
0.002153391
0.002156925
0.00215881
0.002159002
0.002157556
0.002154335
0.00214901
0.002141355
0.002131214
0.002116564
0.002071138
0.001724174
0.001560224
0.001527898
0.001498079
0.001464431
0.001429135
0.00141234
0.002340679
0.001986387
0.001992523
0.002022544
0.002049826
0.002073057
0.002092573
0.002108792
0.002122214
0.002133101
0.002141691
0.002148326
0.002153368
0.002156902
0.002158785
0.002158977
0.00215753
0.002154307
0.002148982
0.002141325
0.002131183
0.002116508
0.002070827
0.001722292
0.001557957
0.001525595
0.00149576
0.001461883
0.001423762
0.001385426
0.002335868
0.001983136
0.001989645
0.002019838
0.002047267
0.002070637
0.002090284
0.002106623
0.002120157
0.002131151
0.002139973
0.002146514
0.002151582
0.002155137
0.002157026
0.002157205
0.00215573
0.002152467
0.002147089
0.002139373
0.002129159
0.002114399
0.002068623
0.00171999
0.001555541
0.001523054
0.001493084
0.001459043
0.00142054
0.001380608
0.00230192
0.001973943
0.001983732
0.002014448
0.002042174
0.002065814
0.002085714
0.002102286
0.002116043
0.002127534
0.0021414
0.002143165
0.002147996
0.002151586
0.002153488
0.002153646
0.002152121
0.00214878
0.002143301
0.00213547
0.002125122
0.002110222
0.002064523
0.001717272
0.001552992
0.001520301
0.001490077
0.001455768
0.001416979
0.001376716
0.001923516
0.001938774
0.001973645
0.002006285
0.002034492
0.002058523
0.002078788
0.002095698
0.002109915
0.002126563
0.002266871
0.002142583
0.002142636
0.002146145
0.002148068
0.0021482
0.002146606
0.002143155
0.002137533
0.002129539
0.002119012
0.002104135
0.002061284
0.001737365
0.001579969
0.001547451
0.001516889
0.001482203
0.001443036
0.001402418
0.001883446
0.001923649
0.001962013
0.001995399
0.002024127
0.002048649
0.002069379
0.002086714
0.002101169
0.002113265
0.002127638
0.002129787
0.00213489
0.002138651
0.002140616
0.002140721
0.002139041
0.002135452
0.002129654
0.002121453
0.002110764
0.002097154
0.002077442
0.002032524
0.002001876
0.001974574
0.001943759
0.00190861
0.001869024
0.001827907
0.001865981
0.001908215
0.001947435
0.00198148
0.002010842
0.002035976
0.002057284
0.002075151
0.002090083
0.002102294
0.002112129
0.002119445
0.002125065
0.002128965
0.002130987
0.002131067
0.002129289
0.002125532
0.002119514
0.002111051
0.002100056
0.002086323
0.002069292
0.002047518
0.002023558
0.001996227
0.001964879
0.001929338
0.001890374
0.001847506
0.001846517
0.001889477
0.001929459
0.001964275
0.001994397
0.002020266
0.002042268
0.002060776
0.002076295
0.002089015
0.002099122
0.002106925
0.002112807
0.002116863
0.00211896
0.002119019
0.002117126
0.002113173
0.002106896
0.002098116
0.002086734
0.002072562
0.002055264
0.002034501
0.002010309
0.001982358
0.001950514
0.001916815
0.001897624
0.00183381
0.001823487
0.001867174
0.001907993
0.001943671
0.001974649
0.002001346
0.002024129
0.002043359
0.002059542
0.002072852
0.002083438
0.002091629
0.002097801
0.002102043
0.002104227
0.002104271
0.002102252
0.002098083
0.002091514
0.002082375
0.002070551
0.002055853
0.002037978
0.002016665
0.001991793
0.001963151
0.001931731
0.001917706
0.002195913
0.001834443
0.001796792
0.001841261
0.001882977
0.001919575
0.001951468
0.001979051
0.002002676
0.002022686
0.002039591
0.002053544
0.002064658
0.002073271
0.002079762
0.002084215
0.0020865
0.002086532
0.002084382
0.002079983
0.0020731
0.002063572
0.002051267
0.002035993
0.002017474
0.001995474
0.001969843
0.001940328
0.001906839
0.001871453
0.001850575
0.001785224
0.001766092
0.001811386
0.00185406
0.001891648
0.001924528
0.001953072
0.001977608
0.001998467
0.002016162
0.002030816
0.002042509
0.002051584
0.002058432
0.002063124
0.002065521
0.002065545
0.002063256
0.002058609
0.002051384
0.00204143
0.002028598
0.002012692
0.001993464
0.001970706
0.001944251
0.001913842
0.001879229
0.001840336
0.001798025
0.001752107
0.001731165
0.001777331
0.001821009
0.001859638
0.001893561
0.001923123
0.001948629
0.001970391
0.001988933
0.002004335
0.002016652
0.002026222
0.002033455
0.002038408
0.002040932
0.00204095
0.002038515
0.002033607
0.002026017
0.002015607
0.00200221
0.001985625
0.001965636
0.001942068
0.001914732
0.001883385
0.001847779
0.001807693
0.001763182
0.001717581
0.001691835
0.001738898
0.0017836
0.001823298
0.001858297
0.001888913
0.00191543
0.001938135
0.001957562
0.00197375
0.001986721
0.001996811
0.002004451
0.002009684
0.00201235
0.002012363
0.002009783
0.002004602
0.001996631
0.001985747
0.001971759
0.001954463
0.001933675
0.001909261
0.001881008
0.001848688
0.001812073
0.001770954
0.001725378
0.00167894
0.001647965
0.001695911
0.001741614
0.001782378
0.001818458
0.001850147
0.001877695
0.001901372
0.001921708
0.001938713
0.001952358
0.001962982
0.001971043
0.00197657
0.001979392
0.001979401
0.001976675
0.001971217
0.001962859
0.001951493
0.001936902
0.001918877
0.001897274
0.001871995
0.001842809
0.001809504
0.001771872
0.00172973
0.00168315
0.001635824
0.001599664
0.001648414
0.001694985
0.001736761
0.001773873
0.001806632
0.001835208
0.001859896
0.001881166
0.001899073
0.001913421
0.001924583
0.001933067
0.001938891
0.001941877
0.001941887
0.001939017
0.001933283
0.001924543
0.001912702
0.001897513
0.001878762
0.00185635
0.001830211
0.001800102
0.001765828
0.001727201
0.001684063
0.001636516
0.00158834
0.001550764
0.001600046
0.001646921
0.001689539
0.001727391
0.001761165
0.001790615
0.001816412
0.001838647
0.001857853
0.001872934
0.001884601
0.001893473
0.001899573
0.001902716
0.001902734
0.001899727
0.001893744
0.001884657
0.001872389
0.001856659
0.001837249
0.001814104
0.001787182
0.001756238
0.001721104
0.001681589
0.001637565
0.001589164
0.001540255
)
;

boundaryField
{
    fmaxY
    {
        type            calculated;
        value           nonuniform List<scalar> 
90
(
0.008408964
0.00248439
0.001550764
0.008412192
0.002497044
0.001600046
0.008415464
0.002509524
0.001646921
0.008418453
0.002520896
0.001689539
0.008421115
0.002531008
0.001727391
0.008423491
0.002540035
0.001761165
0.008425569
0.002547916
0.001790615
0.008427394
0.002554831
0.001816412
0.008428971
0.002560799
0.001838647
0.008430336
0.00256596
0.001857853
0.008431409
0.002570015
0.001872934
0.008432238
0.002573151
0.001884601
0.008432866
0.002575531
0.001893473
0.008433298
0.002577168
0.001899573
0.008433523
0.002578016
0.001902716
0.008433529
0.002578033
0.001902734
0.008433323
0.002577243
0.001899727
0.008432907
0.002575655
0.001893744
0.008432273
0.002573239
0.001884657
0.008431413
0.002569971
0.001872389
0.008430311
0.002565778
0.001856659
0.008428951
0.002560605
0.001837249
0.008427328
0.002554433
0.001814104
0.008425437
0.002547249
0.001787182
0.008423264
0.002538991
0.001756238
0.008420796
0.002529612
0.001721104
0.008418019
0.002519063
0.001681589
0.008414926
0.00250731
0.001637565
0.008411552
0.002494439
0.001589164
0.008408363
0.002481927
0.001540255
)
;
    }
    fminX
    {
        type            calculated;
        value           nonuniform List<scalar> 
90
(
0.008409077
0.008412257
0.008415614
0.008418683
0.008421433
0.008423874
0.008426019
0.008427882
0.008429488
0.008430845
0.008432096
0.008434933
0.008437026
0.008458208
0.00846157
0.008461829
0.008461348
0.008457764
0.008436229
0.008432214
0.008430832
0.008429456
0.00842784
0.008425966
0.008423811
0.008421359
0.008418597
0.008415518
0.008412153
0.008408964
0.002484797
0.002497289
0.002510097
0.002521763
0.002532218
0.002541498
0.002549649
0.002556729
0.002562835
0.002568008
0.00257308
0.002590667
0.002589791
0.002677726
0.002688746
0.002689477
0.002687902
0.002676031
0.00258641
0.002572901
0.002567927
0.002562716
0.002556574
0.002549451
0.00254126
0.00253194
0.002521444
0.002509738
0.002496899
0.00248439
0.001552265
0.001601081
0.001649265
0.001692991
0.00173217
0.001766952
0.001797507
0.001824046
0.001846949
0.00186635
0.001886021
0.001997589
0.001936924
0.00230828
0.002339038
0.002340679
0.002335868
0.00230192
0.001923516
0.001883446
0.001865981
0.001846517
0.001823487
0.001796792
0.001766092
0.001731165
0.001691835
0.001647965
0.001599664
0.001550764
)
;
    }
    fmaxX
    {
        type            calculated;
        value           nonuniform List<scalar> 
90
(
0.008408477
0.008411606
0.008414909
0.00841793
0.008420636
0.008423037
0.008425145
0.008426974
0.008428552
0.008429878
0.008430947
0.008431697
0.008431245
0.008422797
0.00840097
0.008397542
0.008397039
0.008396966
0.008400467
0.0084264
0.0084295
0.008428999
0.008429857
0.008425597
0.00842302
0.008420562
0.008417842
0.008414811
0.008411499
0.008408363
0.002482348
0.002494628
0.002507224
0.002518701
0.00252898
0.002538098
0.002546102
0.002553049
0.002559043
0.002564082
0.002568145
0.002571083
0.00256993
0.002534313
0.002451232
0.002440615
0.002439002
0.002438362
0.002449077
0.002553868
0.002563005
0.002560283
0.002562472
0.002547334
0.002537976
0.002528699
0.002518374
0.00250686
0.00249423
0.002481927
0.001541803
0.001589782
0.001637142
0.001680124
0.001718612
0.001752749
0.001782716
0.00180872
0.001831171
0.001850044
0.001865273
0.001876617
0.001875467
0.001716161
0.00141234
0.001385426
0.001380608
0.001376716
0.001402418
0.001827907
0.001847506
0.00183381
0.001834443
0.001785224
0.001752107
0.001717581
0.00167894
0.001635824
0.00158834
0.001540255
)
;
    }
    fminY
    {
        type            calculated;
        value           nonuniform List<scalar> 
90
(
0.008409077
0.002484797
0.001552265
0.008412296
0.002497422
0.001601426
0.00841559
0.00250999
0.001648646
0.008418571
0.002521327
0.001691117
0.008421244
0.002531488
0.001729163
0.008423615
0.002540494
0.001762853
0.008425698
0.002548395
0.001792381
0.008427525
0.002555317
0.001818202
0.008429109
0.002561311
0.00184054
0.008430459
0.002566414
0.001859537
0.008431547
0.002570526
0.001874821
0.008432383
0.002573685
0.001886565
0.008433014
0.002576076
0.001895471
0.008433448
0.002577719
0.001901589
0.008433673
0.002578569
0.001904741
0.00843368
0.002578587
0.001904763
0.008433474
0.002577796
0.001901752
0.008433057
0.002576206
0.00189576
0.008432422
0.002573787
0.001886661
0.008431561
0.002570512
0.00187437
0.008430456
0.00256631
0.001858608
0.008429093
0.002561128
0.001839166
0.008427467
0.002554946
0.001815985
0.008425575
0.002547752
0.001789027
0.008423398
0.002539482
0.001758038
0.008420926
0.002530089
0.001722852
0.008418146
0.002519526
0.001683289
0.008415049
0.00250776
0.001639214
0.00841167
0.002494875
0.001590763
0.008408477
0.002482348
0.001541803
)
;
    }
    fminZ
    {
        type            calculated;
        value           nonuniform List<scalar> 
900
(
0.01762595
0.01762897
0.01763217
0.01763508
0.0176377
0.01764002
0.01764206
0.01764383
0.01764535
0.01764664
0.01764783
0.01765053
0.01765252
0.01767265
0.01767585
0.01767609
0.01767564
0.01767223
0.01765176
0.01764794
0.01764663
0.01764532
0.01764379
0.017642
0.01763996
0.01763763
0.017635
0.01763207
0.01762888
0.01762584
0.01762901
0.01763202
0.01763516
0.01763803
0.01764059
0.01764285
0.01764484
0.01764656
0.01764804
0.01764929
0.01765031
0.01765126
0.01765221
0.01765538
0.01765606
0.0176561
0.01765585
0.01765498
0.0176516
0.01765033
0.01764927
0.01764801
0.01764652
0.01764479
0.01764279
0.01764051
0.01763794
0.01763507
0.01763192
0.01762891
0.01763214
0.01763513
0.01763822
0.01764102
0.01764351
0.01764571
0.01764763
0.01764929
0.01765072
0.01765191
0.01765288
0.01765364
0.01765425
0.01765486
0.01765509
0.01765509
0.0176549
0.01765448
0.01765367
0.01765287
0.01765189
0.01765069
0.01764925
0.01764758
0.01764564
0.01764343
0.01764093
0.01763812
0.01763502
0.01763202
0.01763498
0.01763792
0.01764095
0.01764368
0.0176461
0.01764823
0.01765009
0.01765169
0.01765306
0.0176542
0.01765512
0.01765584
0.01765638
0.01765675
0.01765694
0.01765693
0.01765675
0.01765639
0.01765584
0.01765511
0.01765417
0.01765302
0.01765165
0.01765004
0.01764817
0.01764602
0.01764359
0.01764085
0.01763782
0.01763486
0.01763752
0.01764041
0.01764337
0.01764603
0.01764838
0.01765044
0.01765223
0.01765377
0.01765508
0.01765617
0.01765705
0.01765774
0.01765825
0.01765859
0.01765875
0.01765875
0.01765858
0.01765824
0.01765773
0.01765704
0.01765615
0.01765505
0.01765373
0.01765218
0.01765037
0.0176483
0.01764594
0.01764327
0.0176403
0.01763739
0.01763977
0.01764261
0.0176455
0.01764809
0.01765037
0.01765236
0.01765409
0.01765557
0.01765682
0.01765786
0.0176587
0.01765935
0.01765984
0.01766016
0.01766031
0.01766031
0.01766015
0.01765983
0.01765934
0.01765868
0.01765784
0.01765678
0.01765552
0.01765403
0.01765229
0.01765029
0.01764799
0.0176454
0.0176425
0.01763965
0.01764175
0.01764453
0.01764736
0.01764987
0.01765208
0.01765401
0.01765567
0.0176571
0.0176583
0.01765929
0.01766009
0.01766072
0.01766117
0.01766148
0.01766163
0.01766163
0.01766147
0.01766117
0.0176607
0.01766008
0.01765927
0.01765826
0.01765705
0.01765562
0.01765394
0.017652
0.01764978
0.01764725
0.01764442
0.01764163
0.01764349
0.0176462
0.01764895
0.0176514
0.01765355
0.01765541
0.01765702
0.01765839
0.01765955
0.0176605
0.01766126
0.01766185
0.01766229
0.01766258
0.01766272
0.01766272
0.01766257
0.01766228
0.01766184
0.01766124
0.01766047
0.01765951
0.01765834
0.01765696
0.01765534
0.01765346
0.0176513
0.01764884
0.01764608
0.01764336
0.01764499
0.01764763
0.01765032
0.01765271
0.0176548
0.01765661
0.01765816
0.01765948
0.01766059
0.0176615
0.01766223
0.0176628
0.01766321
0.01766349
0.01766362
0.01766362
0.01766348
0.01766321
0.0176628
0.01766222
0.01766147
0.01766055
0.01765943
0.0176581
0.01765653
0.01765471
0.01765261
0.01765021
0.01764751
0.01764486
0.01764628
0.01764884
0.01765147
0.0176538
0.01765583
0.01765759
0.0176591
0.01766038
0.01766145
0.01766233
0.01766303
0.01766357
0.01766397
0.01766423
0.01766435
0.01766435
0.01766422
0.01766397
0.01766373
0.01766302
0.0176623
0.01766141
0.01766033
0.01765904
0.01765752
0.01765574
0.0176537
0.01765135
0.01764872
0.01764616
0.01764731
0.01764981
0.01765239
0.01765468
0.01765667
0.01765839
0.01765985
0.0176611
0.01766213
0.01766298
0.01766366
0.01766418
0.01766456
0.01766481
0.01766493
0.01766493
0.01766482
0.01766473
0.01766644
0.01766381
0.01766296
0.01766209
0.01766104
0.01765979
0.01765831
0.01765658
0.01765457
0.01765227
0.01764969
0.01764718
0.0176481
0.01765057
0.01765311
0.01765536
0.01765732
0.017659
0.01766044
0.01766165
0.01766266
0.01766349
0.01766415
0.01766465
0.01766503
0.01766527
0.01766539
0.01766538
0.01766526
0.01766503
0.01766482
0.01766414
0.01766346
0.01766262
0.0176616
0.01766037
0.01765892
0.01765722
0.01765525
0.01765299
0.01765044
0.01764797
0.0176487
0.01765115
0.01765366
0.01765588
0.01765781
0.01765947
0.01766088
0.01766207
0.01766306
0.01766387
0.01766452
0.01766501
0.01766538
0.01766561
0.01766573
0.01766573
0.01766561
0.01766537
0.01766501
0.0176645
0.01766384
0.01766302
0.01766202
0.01766081
0.01765938
0.01765771
0.01765577
0.01765354
0.01765101
0.01764856
0.01764912
0.01765154
0.01765403
0.01765623
0.01765814
0.01765978
0.01766118
0.01766236
0.01766334
0.01766414
0.01766477
0.01766526
0.01766562
0.01766585
0.01766597
0.01766597
0.01766585
0.01766561
0.01766525
0.01766475
0.01766411
0.0176633
0.01766231
0.01766111
0.0176597
0.01765805
0.01765612
0.01765391
0.01765141
0.01764897
0.01764933
0.01765174
0.01765422
0.01765642
0.01765832
0.01765995
0.01766134
0.01766251
0.01766348
0.01766428
0.01766491
0.0176654
0.01766576
0.01766599
0.0176661
0.0176661
0.01766598
0.01766575
0.01766539
0.01766489
0.01766425
0.01766344
0.01766246
0.01766127
0.01765987
0.01765822
0.01765631
0.0176541
0.01765161
0.01764919
0.01764934
0.01765175
0.01765423
0.01765642
0.01765832
0.01765996
0.01766135
0.01766252
0.0176635
0.01766429
0.01766493
0.01766542
0.01766577
0.01766601
0.01766612
0.01766612
0.017666
0.01766577
0.0176654
0.0176649
0.01766426
0.01766345
0.01766247
0.01766128
0.01765987
0.01765823
0.01765631
0.01765411
0.01765162
0.01764919
0.01764914
0.01765156
0.01765405
0.01765626
0.01765817
0.01765981
0.01766121
0.01766239
0.01766337
0.01766418
0.01766482
0.01766532
0.01766568
0.01766592
0.01766603
0.01766603
0.01766591
0.01766567
0.0176653
0.0176648
0.01766415
0.01766333
0.01766234
0.01766114
0.01765973
0.01765807
0.01765615
0.01765393
0.01765143
0.017649
0.01764874
0.01765118
0.01765369
0.01765591
0.01765784
0.0176595
0.01766092
0.01766212
0.01766312
0.01766393
0.01766459
0.01766509
0.01766546
0.01766571
0.01766583
0.01766582
0.0176657
0.01766545
0.01766508
0.01766456
0.0176639
0.01766307
0.01766206
0.01766085
0.01765942
0.01765774
0.0176558
0.01765357
0.01765105
0.0176486
0.01764814
0.0176506
0.01765313
0.01765538
0.01765734
0.01765902
0.01766046
0.01766168
0.0176627
0.01766354
0.01766421
0.01766472
0.01766511
0.01766535
0.01766548
0.01766548
0.01766535
0.0176651
0.01766471
0.01766418
0.0176635
0.01766266
0.01766163
0.01766039
0.01765894
0.01765724
0.01765527
0.01765301
0.01765047
0.017648
0.01764732
0.01764981
0.01765237
0.01765465
0.01765664
0.01765836
0.01765983
0.01766108
0.01766212
0.01766298
0.01766366
0.0176642
0.01766459
0.01766485
0.01766497
0.01766497
0.01766484
0.01766458
0.01766418
0.01766364
0.01766294
0.01766208
0.01766102
0.01765976
0.01765828
0.01765655
0.01765455
0.01765225
0.01764968
0.01764718
0.01764627
0.01764879
0.0176514
0.01765372
0.01765575
0.0176575
0.01765901
0.01766029
0.01766136
0.01766225
0.01766296
0.01766351
0.01766391
0.01766416
0.01766429
0.01766428
0.01766415
0.01766388
0.01766347
0.01766293
0.01766221
0.01766132
0.01766023
0.01765894
0.01765742
0.01765565
0.01765361
0.01765128
0.01764867
0.01764613
0.01764498
0.01764754
0.01765019
0.01765256
0.01765464
0.01765644
0.01765799
0.01765931
0.01766042
0.01766133
0.01766207
0.01766263
0.017663
0.01766302
0.01766311
0.0176631
0.01766296
0.01766268
0.01766231
0.01766199
0.01766129
0.01766037
0.01765925
0.01765792
0.01765636
0.01765455
0.01765246
0.01765008
0.01764741
0.01764484
0.01764343
0.01764604
0.01764875
0.01765117
0.0176533
0.01765515
0.01765675
0.01765811
0.01765926
0.01766021
0.01766097
0.01766152
0.01766142
0.01765873
0.01765835
0.01765829
0.01765815
0.0176579
0.01765799
0.01766037
0.01766012
0.01765922
0.01765806
0.01765668
0.01765508
0.01765321
0.01765107
0.01764863
0.01764592
0.0176433
0.01764163
0.01764429
0.01764705
0.01764954
0.01765172
0.01765363
0.01765528
0.01765669
0.01765788
0.01765887
0.01765964
0.01765997
0.01765717
0.01763686
0.01763375
0.01763346
0.0176333
0.01763329
0.01763608
0.01765607
0.01765852
0.01765782
0.01765664
0.01765521
0.01765355
0.01765164
0.01764944
0.01764694
0.01764417
0.0176415
0.01763956
0.01764227
0.0176451
0.01764765
0.01764989
0.01765186
0.01765356
0.01765502
0.01765626
0.01765729
0.0176581
0.0176584
0.01765501
0.01763027
0.01762656
0.01762621
0.01762605
0.01762608
0.01762946
0.01765386
0.01765689
0.0176562
0.01765497
0.0176535
0.01765179
0.01764981
0.01764755
0.01764499
0.01764216
0.01763944
0.01763721
0.01763998
0.01764287
0.01764548
0.01764779
0.01764982
0.01765159
0.0176531
0.01765439
0.01765547
0.01765631
0.01765663
0.01765321
0.01762811
0.01762435
0.01762399
0.01762382
0.01762384
0.01762726
0.017652
0.01765506
0.01765433
0.01765306
0.01765153
0.01764975
0.01764771
0.01764539
0.01764276
0.01763986
0.01763709
0.01763457
0.01763739
0.01764035
0.01764303
0.01764541
0.0176475
0.01764933
0.0176509
0.01765224
0.01765336
0.01765425
0.0176546
0.0176512
0.01762611
0.01762234
0.01762198
0.0176218
0.0176218
0.0176252
0.01764994
0.01765296
0.01765222
0.01765107
0.01764931
0.01764744
0.01764533
0.01764294
0.01764025
0.01763728
0.01763445
0.01763163
0.0176345
0.01763753
0.01764027
0.01764272
0.01764489
0.01764677
0.0176484
0.0176498
0.01765097
0.01765189
0.01765228
0.01764895
0.01762408
0.01762012
0.01761972
0.01761953
0.01761951
0.01762288
0.01764759
0.01765061
0.01765018
0.01765092
0.01764716
0.01764486
0.01764265
0.01764019
0.01763743
0.0176344
0.01763151
0.01762842
0.01763135
0.01763443
0.01763725
0.01763976
0.01764199
0.01764394
0.01764563
0.01764708
0.0176483
0.01764927
0.01764973
0.01764685
0.01762422
0.01761805
0.01761722
0.01761697
0.01761693
0.01762028
0.01764497
0.01764812
0.01764958
0.01766292
0.01764645
0.01764215
0.0176397
0.01763716
0.01763434
0.01763124
0.0176283
0.01762538
0.01762836
0.0176315
0.01763437
0.01763694
0.01763922
0.01764122
0.01764296
0.01764446
0.01764572
0.01764674
0.01764745
0.01764702
0.01763899
0.01761825
0.01761499
0.01761451
0.01761444
0.01761777
0.01764242
0.01764536
0.01764489
0.0176457
0.01764165
0.0176392
0.01763687
0.01763428
0.0176314
0.01762825
0.01762527
)
;
    }
    floor_to_air
    {
        type            calculated;
        value           nonuniform List<scalar> 
900
(
0.002510473
0.002617789
0.002716629
0.002805388
0.002884876
0.002955225
0.003016827
0.003070608
0.003117115
0.003156632
0.003188362
0.00321272
0.003231236
0.00324395
0.003250461
0.003250394
0.003243986
0.003231363
0.00321224
0.003186469
0.003153435
0.003112692
0.003064136
0.003007713
0.002942867
0.002869254
0.002786503
0.00269432
0.002592701
0.002485369
0.002617477
0.002723788
0.002821261
0.002908461
0.002986007
0.003054365
0.003114009
0.003165461
0.00320983
0.003247067
0.003276958
0.003300175
0.003317834
0.003329943
0.003336106
0.003336021
0.003329917
0.003317838
0.003299466
0.003274623
0.003242778
0.003203478
0.003156526
0.003101801
0.003038777
0.002967052
0.002886237
0.002795984
0.002696228
0.002590556
0.002718565
0.002823079
0.002918582
0.003003653
0.003078975
0.003145114
0.0032026
0.003251961
0.00329439
0.003329843
0.003358254
0.003380337
0.003397102
0.003408584
0.003414401
0.003414315
0.003408515
0.003397016
0.003379447
0.003355598
0.00332501
0.003287239
0.003241988
0.003189069
0.003127984
0.003058297
0.002979574
0.002891416
0.002793694
0.002689883
0.002810059
0.002912633
0.003006
0.003088826
0.003161869
0.003225762
0.003281087
0.00332842
0.003368947
0.003402701
0.003429698
0.003450665
0.003466545
0.003477411
0.003482896
0.003482818
0.003477323
0.003466406
0.003449648
0.003426806
0.003397482
0.003361242
0.003317705
0.003266596
0.00320747
0.003139851
0.003063262
0.002977251
0.002881632
0.002779766
0.002892045
0.002992654
0.003083854
0.003164427
0.003235208
0.003296886
0.003350091
0.00339545
0.003434119
0.003466225
0.00349185
0.003511729
0.003526752
0.003537027
0.003542211
0.003542141
0.003536949
0.003526604
0.003510643
0.003488793
0.003460706
0.003425963
0.003384103
0.003334767
0.003277567
0.003211992
0.003137519
0.00305365
0.002960141
0.002860241
0.002964844
0.003063526
0.003152599
0.003230979
0.003299566
0.003359106
0.003410275
0.003453739
0.003490626
0.00352116
0.003545476
0.003564316
0.003578527
0.003588252
0.003593169
0.003593108
0.003588217
0.003578418
0.003563221
0.003542324
0.003515419
0.003482102
0.003441843
0.003394206
0.003338855
0.003275249
0.003202824
0.003121036
0.003029588
0.002931621
0.003028811
0.003125661
0.003212705
0.003288998
0.003355506
0.003413027
0.00346228
0.003503963
0.003539188
0.003568246
0.003591348
0.003609214
0.003622675
0.003631894
0.003636575
0.003636525
0.003631923
0.003622638
0.003608158
0.00358815
0.003562349
0.003530361
0.003491591
0.003445542
0.003391925
0.003330173
0.003259686
0.003179874
0.003090394
0.00299428
0.003084366
0.0031795
0.003264648
0.003339004
0.003403592
0.00345925
0.003506736
0.003546781
0.003580489
0.003608194
0.003630187
0.003647168
0.003659955
0.003668727
0.003673194
0.003673162
0.003668833
0.003660025
0.003646198
0.003627
0.003602203
0.003571422
0.003534007
0.003489406
0.003437379
0.003377329
0.003308625
0.003230646
0.003143006
0.003048635
0.003132348
0.003225889
0.003309266
0.003381805
0.00344459
0.003498505
0.003544348
0.003582876
0.00361519
0.00364165
0.003662628
0.003678801
0.003690978
0.00369936
0.003703636
0.003703631
0.003699561
0.0036912
0.003677979
0.003659528
0.003635657
0.003605982
0.003569811
0.003526549
0.003475999
0.003417546
0.00335052
0.003274261
0.003188338
0.0030956
0.003172862
0.003264846
0.003346625
0.003417544
0.003478728
0.003531099
0.003575481
0.003612661
0.003643738
0.003669103
0.003689186
0.003704658
0.00371631
0.003724365
0.00372848
0.003728513
0.003724675
0.003716718
0.003704032
0.003686235
0.003663176
0.003634471
0.003599399
0.003557315
0.003508068
0.003451018
0.003385473
0.003310742
0.003226357
0.003135086
0.00320953
0.003296615
0.00337684
0.003446406
0.003506261
0.003557347
0.003600518
0.003636581
0.003666633
0.003691093
0.003710433
0.003725327
0.003736555
0.003744345
0.003748334
0.003748409
0.00374477
0.003737159
0.003724926
0.003707674
0.003685279
0.003657361
0.003623162
0.00358195
0.003533746
0.003477844
0.003413516
0.003340041
0.003256934
0.003166946
0.003573938
0.003325154
0.003400568
0.003468936
0.003527724
0.003577784
0.003619979
0.003655145
0.003684373
0.003708121
0.00372686
0.003741303
0.003752201
0.00375978
0.003763685
0.003763814
0.003760347
0.003753015
0.003741143
0.003724321
0.003702436
0.003675116
0.003641362
0.003599353
0.003551607
0.003496579
0.00343321
0.003360747
0.003278865
0.003191253
0.003283407
0.003343172
0.00341834
0.003485733
0.003543668
0.003592914
0.003634344
0.00366881
0.003697398
0.003720592
0.00373887
0.003752964
0.003763622
0.003771047
0.003774895
0.003775071
0.00377174
0.003764626
0.003753041
0.00373655
0.003715048
0.003687959
0.003651682
0.003586959
0.003532793
0.003477973
0.003415354
0.003343909
0.003265613
0.003200023
0.004176301
0.003381221
0.003431679
0.00349698
0.003554245
0.003602922
0.003643819
0.003677801
0.003705948
0.003728767
0.003746729
0.003760577
0.003771071
0.003778392
0.003782205
0.003782419
0.003779185
0.003772224
0.003760841
0.003744578
0.003723267
0.003694968
0.003635887
0.002984765
0.002550193
0.002490368
0.002428202
0.002358657
0.002300902
0.002794173
0.004210097
0.003390649
0.003437839
0.003502586
0.00355953
0.003607916
0.003648541
0.00368227
0.003710182
0.003732803
0.0037506
0.003764319
0.003774729
0.003782
0.003785797
0.003786032
0.003782849
0.003775968
0.003764688
0.003748539
0.003727357
0.003698984
0.003637033
0.002962813
0.002521399
0.002461324
0.002399345
0.002328816
0.002251465
0.002186795
0.004211695
0.003390851
0.003437824
0.003502554
0.003559496
0.003607882
0.003648506
0.003682234
0.003710145
0.003732764
0.003750564
0.003764278
0.003774685
0.003781954
0.003785749
0.003785982
0.003782797
0.003775914
0.003764633
0.003748481
0.003727296
0.003698898
0.003636695
0.002960925
0.00251913
0.002459019
0.002397022
0.002326267
0.002246133
0.002160207
0.004203447
0.003384313
0.003431824
0.003496892
0.003554142
0.003602819
0.003643716
0.003677697
0.003705842
0.00372867
0.003746782
0.003760471
0.003770946
0.00377826
0.003782067
0.003782274
0.003779035
0.00377207
0.003760683
0.003744412
0.00372308
0.003694503
0.003632103
0.002956126
0.002514094
0.00245372
0.002391441
0.002320365
0.00223969
0.00215202
0.00416312
0.003368678
0.003419736
0.003485638
0.003543492
0.003592733
0.003634161
0.003668624
0.003697222
0.003720736
0.003743966
0.003753099
0.003763424
0.003770825
0.003774664
0.00377483
0.003771491
0.00376437
0.003752778
0.003736273
0.003714663
0.003685771
0.003623252
0.002948435
0.002506332
0.002445492
0.002382679
0.00231104
0.002229781
0.002141482
0.003259901
0.003324177
0.003400413
0.003468662
0.003527435
0.003577488
0.003619678
0.003654843
0.00368423
0.003713094
0.004197902
0.003746271
0.003752032
0.003759435
0.003763324
0.003763442
0.003759964
0.003752624
0.003740741
0.003723903
0.003701909
0.003672787
0.003612794
0.002960718
0.002525044
0.002463994
0.002400442
0.002328012
0.002245953
0.002156886
0.003206789
0.003296163
0.003376387
0.003445932
0.003505775
0.003556852
0.003600011
0.003636063
0.003666117
0.003690888
0.003715172
0.003725102
0.003735996
0.00374376
0.003747737
0.003747801
0.003744153
0.003736535
0.003724291
0.003707029
0.00368461
0.003656414
0.0036189
0.003552843
0.003497188
0.003440749
0.003376403
0.003302953
0.003219913
0.003129798
0.003172168
0.003264183
0.003345943
0.003416844
0.003478012
0.003530365
0.00357473
0.003611891
0.003642953
0.003668314
0.003688536
0.003703837
0.003715461
0.003723501
0.003727602
0.003727625
0.003723779
0.003715816
0.003703124
0.003685324
0.003662261
0.003633532
0.003598196
0.003554483
0.003504848
0.003447777
0.003382268
0.00330777
0.003224677
0.003132181
0.00313149
0.003225006
0.00330836
0.003380875
0.003443636
0.003497526
0.003543343
0.003581845
0.003614134
0.003640571
0.003661531
0.00367768
0.003689839
0.003698207
0.003702469
0.003702454
0.003698377
0.00369001
0.003676787
0.003658336
0.003634469
0.003604801
0.003568626
0.003525291
0.003474742
0.003416324
0.003349545
0.003276056
0.003211645
0.003097703
0.003083254
0.003178361
0.003263478
0.003337801
0.003402356
0.00345798
0.003505431
0.00354544
0.003579115
0.00360679
0.003628755
0.003645709
0.003658475
0.003667232
0.003671685
0.003671642
0.003667309
0.003658498
0.003644673
0.003625481
0.003600696
0.003569931
0.003532535
0.003487956
0.003435962
0.003376022
0.003308778
0.003253781
0.004001816
0.003073402
0.003027381
0.003124205
0.003211208
0.003287457
0.003353921
0.003411397
0.003460603
0.00350224
0.003537423
0.003566442
0.003589507
0.003607339
0.003620775
0.003629975
0.003634642
0.003634583
0.003629978
0.003620695
0.003606222
0.003586228
0.003560446
0.003528483
0.003489744
0.003443732
0.003390158
0.003328465
0.003258247
0.003181227
0.00311328
0.002995984
0.002963124
0.003061756
0.003150776
0.003229101
0.003297633
0.003357116
0.003408228
0.003451637
0.003488473
0.003518959
0.003543232
0.003562031
0.003576212
0.003585917
0.003590819
0.00359075
0.003585858
0.003576064
0.003560882
0.003540006
0.003513128
0.003479845
0.003439625
0.003392035
0.003336737
0.003273189
0.003200844
0.00311933
0.003029215
0.002930065
0.00289003
0.002990576
0.003081712
0.003162221
0.003232935
0.003294548
0.003347687
0.003392981
0.00343159
0.003463643
0.003489217
0.00350905
0.003524038
0.003534291
0.003539461
0.003539384
0.003534193
0.003523856
0.003507915
0.003486093
0.00345804
0.003423338
0.003381526
0.003332247
0.00327511
0.003209601
0.003135199
0.003051414
0.002958044
0.002858152
0.002807739
0.002910254
0.003003551
0.003086302
0.00315927
0.003223089
0.003278341
0.003325601
0.003366062
0.003399757
0.003426697
0.003447613
0.003463455
0.003474296
0.003479767
0.003479683
0.003474189
0.003463285
0.00344655
0.003423742
0.003394459
0.003358269
0.003314787
0.003263743
0.003204687
0.003137144
0.003060634
0.002974704
0.00287917
0.002777382
0.002715954
0.002820414
0.002915836
0.003000828
0.003076065
0.003142126
0.003199532
0.003248814
0.003291171
0.003326563
0.00335491
0.003376938
0.003393661
0.003405116
0.003410918
0.003410825
0.003405029
0.003393545
0.003376003
0.003352192
0.003321652
0.003283936
0.003238747
0.0031859
0.003124893
0.00305529
0.002976654
0.002888585
0.002790954
0.002687231
0.002614625
0.002720895
0.00281822
0.002905368
0.002982794
0.003051095
0.00311065
0.00316202
0.003206302
0.003243521
0.003273314
0.003296459
0.00331407
0.003326149
0.003332295
0.003332204
0.003326105
0.003314044
0.003295701
0.003270901
0.003239109
0.00319987
0.003152985
0.003098337
0.003035398
0.002963764
0.002883043
0.002792887
0.002693228
0.002587652
0.002507423
0.002615012
0.002713114
0.002802209
0.002881274
0.002951809
0.003013237
0.003066978
0.003113256
0.0031532
0.003184514
0.003208737
0.003227191
0.003239871
0.003246365
0.003246291
0.003239889
0.003227285
0.003208188
0.003182462
0.003149492
0.003108816
0.003060331
0.003003982
0.002939224
0.002865716
0.002783062
0.002690981
0.002589463
0.002482238
)
;
    }
}


// ************************************************************************* //
