/*--------------------------------*- C++ -*----------------------------------*\
| =========                 |                                                 |
| \\      /  F ield         | OpenFOAM: The Open Source CFD Toolbox           |
|  \\    /   O peration     | Version:  2506                                  |
|   \\  /    A nd           | Website:  www.openfoam.com                      |
|    \\/     M anipulation  |                                                 |
\*---------------------------------------------------------------------------*/
FoamFile
{
    version     2.0;
    format      ascii;
    arch        "LSB;label=32;scalar=64";
    class       volScalarField;
    location    "1500/floor";
    object      T;
}
// * * * * * * * * * * * * * * * * * * * * * * * * * * * * * * * * * * * * * //

dimensions      [0 0 0 1 0 0 0];

internalField   nonuniform List<scalar> 
2700
(
300.9924
300.993
300.9938
300.9944
300.995
300.9955
300.9959
300.9963
300.9967
300.997
300.9972
300.9974
300.9975
300.9976
300.9976
300.9976
300.9976
300.9975
300.9974
300.9972
300.9969
300.9967
300.9963
300.9959
300.9954
300.9949
300.9943
300.9936
300.9929
300.9922
300.993
300.9937
300.9944
300.995
300.9956
300.9961
300.9965
300.9969
300.9972
300.9975
300.9977
300.9979
300.998
300.9981
300.9982
300.9982
300.9981
300.998
300.9979
300.9977
300.9975
300.9972
300.9969
300.9965
300.996
300.9955
300.9949
300.9942
300.9935
300.9929
300.9938
300.9944
300.9951
300.9957
300.9963
300.9968
300.9972
300.9975
300.9978
300.9981
300.9983
300.9985
300.9986
300.9987
300.9987
300.9987
300.9987
300.9986
300.9985
300.9983
300.9981
300.9978
300.9975
300.9971
300.9967
300.9961
300.9956
300.9949
300.9942
300.9936
300.9944
300.9951
300.9957
300.9963
300.9969
300.9973
300.9977
300.9981
300.9984
300.9986
300.9988
300.999
300.9991
300.9992
300.9992
300.9992
300.9992
300.9991
300.999
300.9988
300.9986
300.9984
300.998
300.9977
300.9972
300.9967
300.9962
300.9956
300.9949
300.9942
300.995
300.9956
300.9963
300.9969
300.9974
300.9979
300.9983
300.9986
300.9989
300.9991
300.9993
300.9994
300.9996
300.9996
300.9997
300.9997
300.9996
300.9996
300.9994
300.9993
300.9991
300.9988
300.9985
300.9982
300.9977
300.9973
300.9967
300.9961
300.9954
300.9948
300.9955
300.9962
300.9968
300.9974
300.9979
300.9983
300.9987
300.999
300.9993
300.9995
300.9997
300.9998
300.9999
301
301
301
301
300.9999
300.9998
300.9997
300.9995
300.9992
300.9989
300.9986
300.9982
300.9977
300.9972
300.9966
300.9959
300.9953
300.996
300.9966
300.9972
300.9978
300.9983
300.9987
300.9991
300.9994
300.9996
300.9998
301
301.0002
301.0003
301.0003
301.0004
301.0004
301.0003
301.0003
301.0002
301
300.9998
300.9996
300.9993
300.999
300.9986
300.9981
300.9976
300.997
300.9964
300.9958
300.9964
300.997
300.9976
300.9982
300.9986
300.999
300.9994
300.9997
300.9999
301.0001
301.0003
301.0004
301.0005
301.0006
301.0006
301.0006
301.0006
301.0005
301.0004
301.0003
301.0001
300.9999
300.9996
300.9993
300.9989
300.9985
300.998
300.9974
300.9968
300.9962
300.9968
300.9973
300.9979
300.9985
300.9989
300.9993
300.9997
301
301.0002
301.0004
301.0005
301.0007
301.0007
301.0008
301.0008
301.0008
301.0008
301.0008
301.0007
301.0005
301.0004
301.0001
300.9999
300.9996
300.9992
300.9988
300.9983
300.9977
300.9971
300.9965
300.9971
300.9976
300.9982
300.9987
300.9992
300.9996
300.9999
301.0002
301.0004
301.0006
301.0007
301.0008
301.0009
301.001
301.001
301.001
301.001
301.0009
301.0009
301.0007
301.0006
301.0003
301.0001
300.9998
300.9994
300.999
300.9985
300.998
300.9974
300.9968
300.9974
300.9979
300.9984
300.9989
300.9994
300.9998
301.0001
301.0003
301.0006
301.0007
301.0009
301.001
301.0011
301.0011
301.0012
301.0012
301.0011
301.0011
301.001
301.0009
301.0007
301.0005
301.0003
301
300.9996
300.9992
300.9987
300.9982
300.9976
300.9971
300.9985
300.9981
300.9986
300.9991
300.9995
300.9999
301.0002
301.0005
301.0007
301.0009
301.001
301.0011
301.0012
301.0013
301.0013
301.0013
301.0013
301.0012
301.0011
301.001
301.0008
301.0006
301.0004
301
300.9996
300.9992
300.9988
300.9982
300.9977
300.9972
300.9986
300.9983
300.9988
300.9992
300.9997
301
301.0003
301.0006
301.0008
301.001
301.0011
301.0012
301.0013
301.0013
301.0014
301.0014
301.0013
301.0013
301.0012
301.0011
301.0009
301.0007
301.0003
300.9993
300.9987
300.9983
300.9978
300.9973
300.9969
300.997
301.0027
300.9991
300.9989
300.9993
300.9997
301.0001
301.0004
301.0006
301.0008
301.001
301.0012
301.0013
301.0013
301.0014
301.0014
301.0014
301.0014
301.0013
301.0013
301.0012
301.001
301.0007
300.9997
300.9957
300.9936
300.993
300.9925
300.9921
300.9921
300.9944
301.0035
300.9993
300.999
300.9994
300.9998
301.0001
301.0004
301.0007
301.0009
301.001
301.0012
301.0013
301.0014
301.0014
301.0014
301.0014
301.0014
301.0014
301.0013
301.0012
301.001
301.0007
300.9995
300.9949
300.9926
300.992
300.9915
300.991
300.9906
300.9906
301.0036
300.9994
300.999
300.9994
300.9998
301.0001
301.0004
301.0007
301.0009
301.001
301.0012
301.0013
301.0014
301.0014
301.0014
301.0014
301.0014
301.0014
301.0013
301.0012
301.001
301.0007
300.9995
300.9948
300.9924
300.9918
300.9914
300.9909
300.9903
300.9898
301.0034
300.9993
300.9989
300.9993
300.9997
301.0001
301.0004
301.0006
301.0008
301.001
301.0012
301.0013
301.0013
301.0014
301.0014
301.0014
301.0014
301.0013
301.0013
301.0011
301.001
301.0007
300.9995
300.9947
300.9924
300.9918
300.9913
300.9908
300.9902
300.9897
301.0026
300.9991
300.9988
300.9992
300.9997
301
301.0003
301.0006
301.0008
301.001
301.0012
301.0012
301.0013
301.0013
301.0014
301.0014
301.0013
301.0013
301.0012
301.0011
301.0009
301.0006
300.9994
300.9948
300.9924
300.9918
300.9914
300.9908
300.9903
300.9897
300.9984
300.9982
300.9986
300.9991
300.9995
300.9999
301.0002
301.0005
301.0007
301.001
301.0021
301.0012
301.0012
301.0012
301.0013
301.0013
301.0013
301.0012
301.0011
301.001
301.0008
301.0005
300.9995
300.9955
300.9934
300.9928
300.9923
300.9918
300.9912
300.9906
300.9974
300.9979
300.9984
300.9989
300.9994
300.9998
301.0001
301.0003
301.0006
301.0008
301.001
301.001
301.0011
301.0011
301.0012
301.0012
301.0011
301.0011
301.001
301.0009
301.0007
301.0005
301.0001
300.9991
300.9984
300.998
300.9975
300.997
300.9964
300.9959
300.9971
300.9976
300.9982
300.9987
300.9992
300.9996
300.9999
301.0002
301.0004
301.0006
301.0007
301.0008
301.0009
301.001
301.001
301.001
301.001
301.0009
301.0008
301.0007
301.0005
301.0003
301.0001
300.9997
300.9993
300.9989
300.9984
300.9979
300.9973
300.9967
300.9968
300.9973
300.9979
300.9985
300.9989
300.9993
300.9997
300.9999
301.0002
301.0004
301.0005
301.0006
301.0007
301.0008
301.0008
301.0008
301.0008
301.0007
301.0007
301.0005
301.0003
301.0001
300.9999
300.9995
300.9992
300.9987
300.9983
300.9978
300.9977
300.9967
300.9964
300.997
300.9976
300.9982
300.9986
300.999
300.9994
300.9997
300.9999
301.0001
301.0003
301.0004
301.0005
301.0006
301.0006
301.0006
301.0006
301.0005
301.0004
301.0003
301.0001
300.9999
300.9996
300.9993
300.9989
300.9985
300.998
300.998
301.0002
300.9969
300.996
300.9966
300.9972
300.9978
300.9983
300.9987
300.9991
300.9994
300.9996
300.9998
301
301.0001
301.0002
301.0003
301.0003
301.0003
301.0003
301.0002
301.0001
301
300.9998
300.9996
300.9993
300.999
300.9986
300.9981
300.9976
300.9972
300.997
300.9959
300.9955
300.9961
300.9968
300.9974
300.9979
300.9983
300.9987
300.999
300.9993
300.9995
300.9997
300.9998
300.9999
301
301
301
301
300.9999
300.9998
300.9997
300.9995
300.9992
300.9989
300.9986
300.9982
300.9977
300.9972
300.9966
300.996
300.9953
300.995
300.9956
300.9963
300.9969
300.9974
300.9978
300.9982
300.9986
300.9988
300.9991
300.9993
300.9994
300.9995
300.9996
300.9996
300.9996
300.9996
300.9995
300.9994
300.9993
300.9991
300.9988
300.9985
300.9981
300.9977
300.9972
300.9967
300.9961
300.9954
300.9948
300.9944
300.995
300.9957
300.9963
300.9969
300.9973
300.9977
300.9981
300.9984
300.9986
300.9988
300.999
300.9991
300.9992
300.9992
300.9992
300.9992
300.9991
300.999
300.9988
300.9986
300.9983
300.998
300.9976
300.9972
300.9967
300.9962
300.9955
300.9949
300.9942
300.9937
300.9944
300.9951
300.9957
300.9962
300.9967
300.9972
300.9975
300.9978
300.9981
300.9983
300.9985
300.9986
300.9987
300.9987
300.9987
300.9987
300.9986
300.9985
300.9983
300.9981
300.9978
300.9975
300.9971
300.9966
300.9961
300.9955
300.9949
300.9942
300.9936
300.993
300.9937
300.9944
300.995
300.9956
300.9961
300.9965
300.9969
300.9972
300.9975
300.9977
300.9979
300.998
300.9981
300.9981
300.9981
300.9981
300.998
300.9979
300.9977
300.9975
300.9972
300.9968
300.9964
300.996
300.9955
300.9949
300.9942
300.9935
300.9929
300.9924
300.993
300.9937
300.9944
300.9949
300.9955
300.9959
300.9963
300.9966
300.9969
300.9972
300.9973
300.9975
300.9976
300.9976
300.9976
300.9976
300.9975
300.9973
300.9972
300.9969
300.9966
300.9963
300.9959
300.9954
300.9949
300.9943
300.9936
300.9929
300.9922
300.3998
300.4017
300.4037
300.4055
300.4072
300.4086
300.4099
300.411
300.4119
300.4127
300.4134
300.4139
300.4143
300.4145
300.4147
300.4147
300.4145
300.4143
300.4139
300.4134
300.4127
300.4119
300.4109
300.4097
300.4084
300.4069
300.4052
300.4033
300.4012
300.3993
300.4017
300.4036
300.4056
300.4074
300.409
300.4104
300.4116
300.4127
300.4136
300.4144
300.415
300.4155
300.4158
300.4161
300.4162
300.4162
300.4161
300.4158
300.4155
300.4149
300.4143
300.4135
300.4125
300.4114
300.4101
300.4086
300.407
300.4051
300.4031
300.4012
300.4038
300.4056
300.4076
300.4093
300.4109
300.4122
300.4134
300.4144
300.4153
300.416
300.4166
300.4171
300.4174
300.4177
300.4178
300.4178
300.4177
300.4174
300.4171
300.4166
300.416
300.4152
300.4142
300.4132
300.4119
300.4105
300.4088
300.407
300.4051
300.4032
300.4056
300.4075
300.4094
300.4111
300.4126
300.4139
300.415
300.416
300.4168
300.4175
300.4181
300.4185
300.4189
300.4191
300.4192
300.4192
300.4191
300.4189
300.4185
300.418
300.4174
300.4167
300.4158
300.4147
300.4135
300.4121
300.4106
300.4088
300.4069
300.405
300.4073
300.4091
300.411
300.4126
300.4141
300.4154
300.4165
300.4174
300.4182
300.4189
300.4194
300.4198
300.4201
300.4203
300.4204
300.4204
300.4203
300.4201
300.4198
300.4193
300.4187
300.418
300.4172
300.4162
300.415
300.4136
300.4121
300.4104
300.4085
300.4067
300.4088
300.4106
300.4124
300.414
300.4154
300.4166
300.4177
300.4186
300.4194
300.42
300.4205
300.4209
300.4212
300.4214
300.4215
300.4215
300.4214
300.4212
300.4209
300.4204
300.4199
300.4192
300.4184
300.4174
300.4162
300.4149
300.4134
300.4118
300.4099
300.4081
300.4101
300.4118
300.4136
300.4152
300.4166
300.4178
300.4188
300.4196
300.4204
300.421
300.4214
300.4218
300.4221
300.4223
300.4224
300.4224
300.4223
300.4221
300.4218
300.4214
300.4208
300.4202
300.4194
300.4184
300.4173
300.4161
300.4146
300.413
300.4112
300.4094
300.4113
300.413
300.4147
300.4162
300.4176
300.4187
300.4197
300.4205
300.4212
300.4218
300.4222
300.4226
300.4229
300.423
300.4231
300.4231
300.423
300.4229
300.4226
300.4222
300.4217
300.421
300.4203
300.4193
300.4183
300.417
300.4156
300.414
300.4122
300.4105
300.4122
300.4139
300.4156
300.4171
300.4184
300.4195
300.4205
300.4213
300.4219
300.4225
300.4229
300.4232
300.4235
300.4237
300.4238
300.4238
300.4237
300.4235
300.4232
300.4228
300.4224
300.4217
300.421
300.4201
300.4191
300.4179
300.4165
300.4149
300.4132
300.4115
300.4131
300.4147
300.4164
300.4178
300.4191
300.4202
300.4211
300.4219
300.4225
300.423
300.4235
300.4238
300.424
300.4242
300.4243
300.4243
300.4242
300.424
300.4238
300.4234
300.4229
300.4223
300.4216
300.4207
300.4197
300.4185
300.4172
300.4157
300.4139
300.4123
300.4142
300.4154
300.417
300.4184
300.4197
300.4207
300.4216
300.4224
300.423
300.4235
300.4239
300.4242
300.4244
300.4246
300.4247
300.4247
300.4246
300.4244
300.4242
300.4238
300.4234
300.4228
300.4221
300.4212
300.4202
300.4191
300.4178
300.4162
300.4146
300.413
300.4197
300.4163
300.4175
300.4189
300.4201
300.4211
300.422
300.4227
300.4233
300.4238
300.4242
300.4245
300.4248
300.4249
300.425
300.425
300.4249
300.4248
300.4245
300.4242
300.4237
300.4232
300.4224
300.4214
300.4204
300.4192
300.4179
300.4165
300.4148
300.4134
300.4173
300.4167
300.4179
300.4192
300.4204
300.4215
300.4223
300.423
300.4236
300.4241
300.4245
300.4248
300.425
300.4251
300.4252
300.4252
300.4252
300.425
300.4248
300.4244
300.424
300.4234
300.4224
300.4199
300.4181
300.4169
300.4156
300.4142
300.4128
300.4127
300.4298
300.4188
300.4183
300.4195
300.4207
300.4217
300.4225
300.4232
300.4238
300.4243
300.4246
300.4249
300.4251
300.4253
300.4254
300.4254
300.4253
300.4252
300.4249
300.4246
300.4241
300.4234
300.4209
300.4111
300.4028
300.401
300.3997
300.3984
300.3982
300.4034
300.432
300.4192
300.4185
300.4196
300.4208
300.4218
300.4226
300.4233
300.4239
300.4243
300.4247
300.425
300.4252
300.4254
300.4254
300.4255
300.4254
300.4252
300.425
300.4247
300.4242
300.4234
300.4206
300.4094
300.4003
300.3985
300.3972
300.3958
300.3944
300.3943
300.4321
300.4193
300.4185
300.4196
300.4208
300.4218
300.4226
300.4233
300.4239
300.4243
300.4247
300.425
300.4252
300.4254
300.4254
300.4255
300.4254
300.4252
300.425
300.4247
300.4242
300.4234
300.4206
300.4091
300.4001
300.3982
300.3969
300.3954
300.3938
300.3924
300.4318
300.4191
300.4183
300.4195
300.4207
300.4217
300.4225
300.4232
300.4238
300.4243
300.4247
300.4249
300.4251
300.4253
300.4254
300.4254
300.4253
300.4252
300.4249
300.4246
300.4241
300.4233
300.4205
300.4091
300.4
300.3981
300.3968
300.3953
300.3937
300.3921
300.4295
300.4185
300.4181
300.4193
300.4204
300.4215
300.4223
300.423
300.4236
300.4241
300.425
300.4248
300.425
300.4251
300.4252
300.4252
300.4252
300.425
300.4248
300.4244
300.424
300.4232
300.4203
300.4091
300.4
300.3982
300.3968
300.3954
300.3937
300.3921
300.4165
300.4163
300.4175
300.4189
300.4201
300.4211
300.422
300.4227
300.4234
300.4244
300.4309
300.4251
300.4248
300.4249
300.425
300.425
300.4249
300.4248
300.4245
300.4242
300.4237
300.4229
300.4204
300.4106
300.4023
300.4005
300.3992
300.3977
300.396
300.3944
300.4139
300.4154
300.417
300.4184
300.4197
300.4207
300.4216
300.4224
300.423
300.4235
300.4244
300.4242
300.4244
300.4246
300.4247
300.4247
300.4246
300.4244
300.4242
300.4238
300.4234
300.4227
300.4217
300.4192
300.4174
300.4161
300.4148
300.4133
300.4116
300.41
300.4131
300.4147
300.4164
300.4178
300.4191
300.4202
300.4211
300.4219
300.4225
300.423
300.4235
300.4238
300.424
300.4242
300.4242
300.4242
300.4242
300.424
300.4237
300.4234
300.4229
300.4223
300.4215
300.4205
300.4194
300.4182
300.4169
300.4154
300.4138
300.412
300.4122
300.4139
300.4156
300.4171
300.4184
300.4195
300.4204
300.4212
300.4219
300.4224
300.4229
300.4232
300.4235
300.4236
300.4237
300.4237
300.4236
300.4235
300.4232
300.4228
300.4223
300.4217
300.421
300.4201
300.419
300.4178
300.4165
300.4152
300.4148
300.4118
300.4112
300.4129
300.4147
300.4162
300.4175
300.4187
300.4197
300.4205
300.4212
300.4217
300.4222
300.4226
300.4228
300.423
300.4231
300.4231
300.423
300.4228
300.4225
300.4221
300.4216
300.421
300.4202
300.4193
300.4182
300.417
300.4158
300.4157
300.4232
300.4124
300.4101
300.4118
300.4136
300.4152
300.4165
300.4177
300.4187
300.4196
300.4203
300.4209
300.4214
300.4218
300.422
300.4222
300.4223
300.4223
300.4222
300.422
300.4217
300.4213
300.4208
300.4201
300.4193
300.4184
300.4173
300.416
300.4146
300.4133
300.4128
300.4098
300.4088
300.4105
300.4123
300.414
300.4154
300.4166
300.4177
300.4186
300.4193
300.4199
300.4204
300.4208
300.4211
300.4213
300.4214
300.4214
300.4213
300.4211
300.4208
300.4204
300.4198
300.4191
300.4183
300.4173
300.4162
300.4149
300.4134
300.4118
300.41
300.4081
300.4073
300.4091
300.4109
300.4126
300.414
300.4153
300.4164
300.4173
300.4181
300.4188
300.4193
300.4197
300.42
300.4203
300.4204
300.4204
300.4203
300.42
300.4197
300.4193
300.4187
300.418
300.4171
300.4161
300.4149
300.4136
300.412
300.4103
300.4084
300.4066
300.4056
300.4074
300.4093
300.411
300.4125
300.4138
300.415
300.416
300.4168
300.4175
300.418
300.4185
300.4188
300.419
300.4191
300.4191
300.419
300.4188
300.4185
300.418
300.4174
300.4166
300.4157
300.4147
300.4135
300.4121
300.4105
300.4087
300.4068
300.405
300.4037
300.4056
300.4075
300.4093
300.4108
300.4122
300.4134
300.4144
300.4152
300.416
300.4166
300.417
300.4174
300.4176
300.4177
300.4177
300.4176
300.4174
300.417
300.4165
300.4159
300.4151
300.4142
300.4131
300.4118
300.4104
300.4088
300.407
300.405
300.4031
300.4017
300.4036
300.4055
300.4073
300.4089
300.4103
300.4116
300.4126
300.4135
300.4143
300.4149
300.4154
300.4157
300.416
300.4161
300.4161
300.416
300.4157
300.4154
300.4149
300.4142
300.4134
300.4124
300.4113
300.41
300.4085
300.4069
300.405
300.403
300.4011
300.3997
300.4017
300.4037
300.4055
300.4071
300.4086
300.4098
300.4109
300.4119
300.4127
300.4133
300.4138
300.4142
300.4145
300.4146
300.4146
300.4145
300.4142
300.4138
300.4133
300.4126
300.4118
300.4108
300.4096
300.4083
300.4068
300.4051
300.4032
300.4012
300.3992
300.2314
300.2367
300.2422
300.2471
300.2515
300.2554
300.2588
300.2617
300.2643
300.2664
300.2682
300.2695
300.2705
300.2712
300.2716
300.2715
300.2712
300.2705
300.2694
300.268
300.2661
300.2639
300.2612
300.258
300.2544
300.2504
300.2458
300.2407
300.2351
300.2296
300.2368
300.2421
300.2474
300.2523
300.2566
300.2604
300.2637
300.2665
300.269
300.271
300.2727
300.2739
300.2749
300.2756
300.2759
300.2759
300.2755
300.2749
300.2738
300.2724
300.2707
300.2685
300.2659
300.2628
300.2593
300.2553
300.2508
300.2458
300.2403
300.235
300.2424
300.2476
300.2528
300.2575
300.2617
300.2654
300.2685
300.2713
300.2736
300.2756
300.2771
300.2784
300.2793
300.2799
300.2802
300.2802
300.2799
300.2792
300.2782
300.2769
300.2752
300.2731
300.2706
300.2676
300.2642
300.2603
300.256
300.2511
300.2457
300.2404
300.2474
300.2525
300.2577
300.2622
300.2663
300.2698
300.2729
300.2755
300.2778
300.2796
300.2811
300.2823
300.2831
300.2837
300.284
300.284
300.2837
300.2831
300.2821
300.2809
300.2792
300.2772
300.2748
300.2719
300.2686
300.2649
300.2606
300.2558
300.2506
300.2454
300.252
300.257
300.262
300.2664
300.2704
300.2738
300.2767
300.2792
300.2814
300.2832
300.2846
300.2857
300.2865
300.287
300.2873
300.2873
300.287
300.2864
300.2855
300.2843
300.2827
300.2808
300.2785
300.2757
300.2725
300.2689
300.2647
300.2601
300.2549
300.2499
300.256
300.2609
300.2658
300.2702
300.274
300.2772
300.2801
300.2825
300.2845
300.2862
300.2876
300.2886
300.2894
300.2899
300.2902
300.2901
300.2899
300.2893
300.2885
300.2873
300.2858
300.2839
300.2817
300.279
300.2759
300.2724
300.2684
300.2638
300.2588
300.2538
300.2596
300.2644
300.2692
300.2734
300.2771
300.2803
300.283
300.2853
300.2872
300.2888
300.2901
300.2911
300.2918
300.2923
300.2926
300.2926
300.2923
300.2918
300.291
300.2898
300.2884
300.2866
300.2844
300.2819
300.2789
300.2755
300.2715
300.2671
300.2622
300.2573
300.2627
300.2674
300.272
300.2762
300.2797
300.2828
300.2855
300.2877
300.2895
300.2911
300.2923
300.2932
300.2939
300.2944
300.2946
300.2946
300.2944
300.2939
300.2931
300.292
300.2906
300.2889
300.2868
300.2843
300.2814
300.2781
300.2743
300.2699
300.2651
300.2603
300.2653
300.27
300.2745
300.2785
300.282
300.285
300.2875
300.2897
300.2915
300.2929
300.2941
300.295
300.2956
300.2961
300.2963
300.2963
300.2961
300.2956
300.2948
300.2938
300.2925
300.2908
300.2888
300.2864
300.2836
300.2803
300.2766
300.2723
300.2676
300.2629
300.2676
300.2721
300.2766
300.2805
300.2839
300.2868
300.2893
300.2913
300.2931
300.2945
300.2956
300.2964
300.2971
300.2975
300.2977
300.2977
300.2975
300.297
300.2963
300.2953
300.294
300.2924
300.2904
300.2881
300.2853
300.2822
300.2785
300.2744
300.2697
300.2651
300.271
300.274
300.2783
300.2821
300.2855
300.2883
300.2907
300.2927
300.2943
300.2957
300.2968
300.2976
300.2982
300.2986
300.2988
300.2988
300.2986
300.2981
300.2975
300.2965
300.2952
300.2937
300.2917
300.2894
300.2867
300.2836
300.28
300.276
300.2714
300.2668
300.2968
300.2768
300.2797
300.2834
300.2867
300.2894
300.2918
300.2937
300.2953
300.2966
300.2977
300.2985
300.2991
300.2995
300.2997
300.2997
300.2995
300.299
300.2984
300.2974
300.2962
300.2946
300.2927
300.2901
300.2874
300.2843
300.2808
300.2767
300.2723
300.268
300.2782
300.2772
300.2807
300.2843
300.2875
300.2903
300.2926
300.2945
300.2961
300.2973
300.2984
300.2991
300.2997
300.3001
300.3003
300.3003
300.3001
300.2997
300.299
300.2981
300.2969
300.2953
300.2928
300.2876
300.2828
300.2795
300.276
300.2721
300.2682
300.2663
300.3168
300.2818
300.2817
300.285
300.2881
300.2908
300.2931
300.295
300.2965
300.2978
300.2988
300.2996
300.3001
300.3005
300.3007
300.3007
300.3005
300.3001
300.2995
300.2985
300.2973
300.2955
300.2903
300.2709
300.2378
300.2328
300.2293
300.2256
300.2238
300.2318
300.3214
300.2828
300.2821
300.2853
300.2884
300.2911
300.2934
300.2952
300.2968
300.298
300.299
300.2998
300.3003
300.3007
300.3009
300.3009
300.3007
300.3003
300.2997
300.2988
300.2975
300.2956
300.29
300.2677
300.2327
300.2275
300.224
300.2201
300.2162
300.2143
300.3218
300.2829
300.2821
300.2853
300.2884
300.2911
300.2934
300.2952
300.2968
300.298
300.299
300.2998
300.3003
300.3007
300.3009
300.3009
300.3007
300.3003
300.2997
300.2988
300.2975
300.2956
300.2899
300.2674
300.2322
300.227
300.2234
300.2195
300.2151
300.211
300.3211
300.2825
300.2817
300.285
300.2881
300.2908
300.2931
300.295
300.2965
300.2978
300.2989
300.2996
300.3001
300.3005
300.3007
300.3007
300.3005
300.3001
300.2994
300.2985
300.2973
300.2954
300.2896
300.2671
300.2319
300.2267
300.2231
300.2192
300.2147
300.2103
300.316
300.2811
300.281
300.2844
300.2875
300.2903
300.2926
300.2945
300.2961
300.2975
300.3003
300.2993
300.2997
300.3001
300.3003
300.3003
300.3001
300.2997
300.299
300.2981
300.2968
300.2949
300.2892
300.267
300.2318
300.2266
300.223
300.219
300.2146
300.2101
300.2756
300.276
300.2797
300.2834
300.2866
300.2894
300.2918
300.2937
300.2954
300.2986
300.3314
300.3004
300.2991
300.2995
300.2997
300.2997
300.2994
300.299
300.2983
300.2974
300.2961
300.2942
300.2891
300.2695
300.2364
300.2314
300.2278
300.2237
300.2192
300.2147
300.2698
300.2739
300.2783
300.2821
300.2854
300.2883
300.2907
300.2927
300.2943
300.2958
300.2987
300.2977
300.2982
300.2986
300.2988
300.2988
300.2986
300.2981
300.2974
300.2964
300.2952
300.2935
300.291
300.2857
300.2808
300.2775
300.2739
300.2698
300.2652
300.2607
300.2676
300.2721
300.2766
300.2805
300.2839
300.2868
300.2892
300.2913
300.293
300.2944
300.2956
300.2964
300.297
300.2974
300.2977
300.2977
300.2974
300.297
300.2962
300.2952
300.2939
300.2923
300.2903
300.2876
300.2848
300.2816
300.2779
300.2738
300.2694
300.2646
300.2653
300.2699
300.2745
300.2785
300.282
300.285
300.2875
300.2896
300.2914
300.2929
300.294
300.2949
300.2956
300.296
300.2963
300.2962
300.296
300.2955
300.2948
300.2937
300.2924
300.2907
300.2887
300.2863
300.2835
300.2802
300.2765
300.2729
300.2713
300.2635
300.2626
300.2673
300.272
300.2761
300.2797
300.2828
300.2854
300.2876
300.2895
300.291
300.2922
300.2931
300.2938
300.2943
300.2945
300.2945
300.2943
300.2938
300.293
300.2919
300.2905
300.2888
300.2867
300.2842
300.2813
300.278
300.2745
300.2736
300.3006
300.2643
300.2595
300.2643
300.2691
300.2733
300.277
300.2802
300.2829
300.2852
300.2871
300.2887
300.29
300.291
300.2917
300.2922
300.2925
300.2925
300.2922
300.2917
300.2909
300.2897
300.2883
300.2865
300.2843
300.2818
300.2788
300.2754
300.2715
300.2676
300.2658
300.2579
300.2559
300.2608
300.2657
300.2701
300.2739
300.2771
300.28
300.2824
300.2844
300.2861
300.2874
300.2885
300.2893
300.2898
300.29
300.29
300.2897
300.2892
300.2883
300.2872
300.2857
300.2838
300.2816
300.2789
300.2758
300.2723
300.2683
300.2638
300.259
300.2538
300.2519
300.2569
300.2619
300.2663
300.2703
300.2737
300.2766
300.2791
300.2813
300.283
300.2844
300.2855
300.2863
300.2869
300.2872
300.2872
300.2869
300.2863
300.2854
300.2842
300.2826
300.2807
300.2783
300.2756
300.2724
300.2688
300.2646
300.26
300.2548
300.2498
300.2473
300.2524
300.2575
300.2621
300.2662
300.2697
300.2728
300.2754
300.2776
300.2795
300.281
300.2821
300.283
300.2836
300.2839
300.2838
300.2835
300.2829
300.282
300.2807
300.2791
300.277
300.2746
300.2718
300.2685
300.2647
300.2605
300.2557
300.2504
300.2453
300.2422
300.2474
300.2527
300.2574
300.2615
300.2652
300.2684
300.2711
300.2734
300.2754
300.277
300.2782
300.2791
300.2797
300.28
300.28
300.2797
300.279
300.2781
300.2767
300.275
300.2729
300.2704
300.2675
300.2641
300.2602
300.2558
300.2509
300.2456
300.2403
300.2366
300.2419
300.2473
300.2521
300.2564
300.2602
300.2635
300.2663
300.2688
300.2708
300.2725
300.2737
300.2747
300.2754
300.2757
300.2757
300.2753
300.2747
300.2736
300.2722
300.2705
300.2683
300.2657
300.2626
300.2591
300.2552
300.2507
300.2457
300.2402
300.2348
300.2312
300.2366
300.242
300.2469
300.2513
300.2552
300.2586
300.2616
300.2641
300.2663
300.268
300.2693
300.2703
300.271
300.2714
300.2713
300.271
300.2703
300.2692
300.2678
300.2659
300.2637
300.261
300.2579
300.2543
300.2502
300.2456
300.2405
300.2349
300.2295
)
;

boundaryField
{
    fmaxY
    {
        type            zeroGradient;
    }
    fminX
    {
        type            zeroGradient;
    }
    fmaxX
    {
        type            zeroGradient;
    }
    fminY
    {
        type            zeroGradient;
    }
    fminZ
    {
        type            externalWallHeatFluxTemperature;
        mode            coefficient;
        kappaMethod     solidThermo;
        kappa           none;
        h               constant 1000000;
        Ta              uniform 313;
        thicknessLayers List<scalar> 2(1 2);
        kappaLayers     List<scalar> 2(100 200);
        qr              none;
        refValue        uniform 313;
        refGradient     uniform 0;
        valueFraction   nonuniform List<scalar> 
900
(
0.04950261
0.04950261
0.04950261
0.04950261
0.04950261
0.04950261
0.04950261
0.04950261
0.04950261
0.04950261
0.04950261
0.04950261
0.04950261
0.04950261
0.04950261
0.04950261
0.04950261
0.04950261
0.04950261
0.04950261
0.04950261
0.04950261
0.04950261
0.04950261
0.04950261
0.04950261
0.04950261
0.04950261
0.04950261
0.04950261
0.04950261
0.04950261
0.04950261
0.04950261
0.04950261
0.04950261
0.04950261
0.04950261
0.04950261
0.04950261
0.04950261
0.04950261
0.04950261
0.04950261
0.04950261
0.04950261
0.04950261
0.04950261
0.04950261
0.04950261
0.04950261
0.04950261
0.04950261
0.04950261
0.04950261
0.04950261
0.04950261
0.04950261
0.04950261
0.04950261
0.04950261
0.04950261
0.04950261
0.04950261
0.04950261
0.04950261
0.04950261
0.04950261
0.04950261
0.04950261
0.04950261
0.04950261
0.04950261
0.04950261
0.04950261
0.04950261
0.04950261
0.04950261
0.04950261
0.04950261
0.04950261
0.04950261
0.04950261
0.04950261
0.04950261
0.04950261
0.04950261
0.04950261
0.04950261
0.04950261
0.04950261
0.04950261
0.04950261
0.04950261
0.04950261
0.04950261
0.04950261
0.04950261
0.04950261
0.04950261
0.04950261
0.04950261
0.04950261
0.04950261
0.04950261
0.04950261
0.04950261
0.04950261
0.04950261
0.04950261
0.04950261
0.04950261
0.04950261
0.04950261
0.04950261
0.04950261
0.04950261
0.04950261
0.04950261
0.04950261
0.04950261
0.04950261
0.04950261
0.04950261
0.04950261
0.04950261
0.04950261
0.04950261
0.04950261
0.04950261
0.04950261
0.04950261
0.04950261
0.04950261
0.04950261
0.04950261
0.04950261
0.04950261
0.04950261
0.04950261
0.04950261
0.04950261
0.04950261
0.04950261
0.04950261
0.04950261
0.04950261
0.04950261
0.04950261
0.04950261
0.04950261
0.04950261
0.04950261
0.04950261
0.04950261
0.04950261
0.04950261
0.04950261
0.04950261
0.04950261
0.04950261
0.04950261
0.04950261
0.04950261
0.04950261
0.04950261
0.04950261
0.04950261
0.04950261
0.04950261
0.04950261
0.04950261
0.04950261
0.04950261
0.04950261
0.04950261
0.04950261
0.04950261
0.04950261
0.04950261
0.04950261
0.04950261
0.04950261
0.04950261
0.04950261
0.04950261
0.04950261
0.04950261
0.04950261
0.04950261
0.04950261
0.04950261
0.04950261
0.04950261
0.04950261
0.04950261
0.04950261
0.04950261
0.04950261
0.04950261
0.04950261
0.04950261
0.04950261
0.04950261
0.04950261
0.04950261
0.04950261
0.04950261
0.04950261
0.04950261
0.04950261
0.04950261
0.04950261
0.04950261
0.04950261
0.04950261
0.04950261
0.04950261
0.04950261
0.04950261
0.04950261
0.04950261
0.04950261
0.04950261
0.04950261
0.04950261
0.04950261
0.04950261
0.04950261
0.04950261
0.04950261
0.04950261
0.04950261
0.04950261
0.04950261
0.04950261
0.04950261
0.04950261
0.04950261
0.04950261
0.04950261
0.04950261
0.04950261
0.04950261
0.04950261
0.04950261
0.04950261
0.04950261
0.04950261
0.04950261
0.04950261
0.04950261
0.04950261
0.04950261
0.04950261
0.04950261
0.04950261
0.04950261
0.04950261
0.04950261
0.04950261
0.04950261
0.04950261
0.04950261
0.04950261
0.04950261
0.04950261
0.04950261
0.04950261
0.04950261
0.04950261
0.04950261
0.04950261
0.04950261
0.04950261
0.04950261
0.04950261
0.04950261
0.04950261
0.04950261
0.04950261
0.04950261
0.04950261
0.04950261
0.04950261
0.04950261
0.04950261
0.04950261
0.04950261
0.04950261
0.04950261
0.04950261
0.04950261
0.04950261
0.04950261
0.04950261
0.04950261
0.04950261
0.04950261
0.04950261
0.04950261
0.04950261
0.04950261
0.04950261
0.04950261
0.04950261
0.04950261
0.04950261
0.04950261
0.04950261
0.04950261
0.04950261
0.04950261
0.04950261
0.04950261
0.04950261
0.04950261
0.04950261
0.04950261
0.04950261
0.04950261
0.04950261
0.04950261
0.04950261
0.04950261
0.04950261
0.04950261
0.04950261
0.04950261
0.04950261
0.04950261
0.04950261
0.04950261
0.04950261
0.04950261
0.04950261
0.04950261
0.04950261
0.04950261
0.04950261
0.04950261
0.04950261
0.04950261
0.04950261
0.04950261
0.04950261
0.04950261
0.04950261
0.04950261
0.04950261
0.04950261
0.04950261
0.04950261
0.04950261
0.04950261
0.04950261
0.04950261
0.04950261
0.04950261
0.04950261
0.04950261
0.04950261
0.04950261
0.04950261
0.04950261
0.04950261
0.04950261
0.04950261
0.04950261
0.04950261
0.04950261
0.04950261
0.04950261
0.04950261
0.04950261
0.04950261
0.04950261
0.04950261
0.04950261
0.04950261
0.04950261
0.04950261
0.04950261
0.04950261
0.04950261
0.04950261
0.04950261
0.04950261
0.04950261
0.04950261
0.04950261
0.04950261
0.04950261
0.04950261
0.04950261
0.04950261
0.04950261
0.04950261
0.04950261
0.04950261
0.04950261
0.04950261
0.04950261
0.04950261
0.04950261
0.04950261
0.04950261
0.04950261
0.04950261
0.04950261
0.04950261
0.04950261
0.04950261
0.04950261
0.04950261
0.04950261
0.04950261
0.04950261
0.04950261
0.04950261
0.04950261
0.04950261
0.04950261
0.04950261
0.04950261
0.04950261
0.04950261
0.04950261
0.04950261
0.04950261
0.04950261
0.04950261
0.04950261
0.04950261
0.04950261
0.04950261
0.04950261
0.04950261
0.04950261
0.04950261
0.04950261
0.04950261
0.04950261
0.04950261
0.04950261
0.04950261
0.04950261
0.04950261
0.04950261
0.04950261
0.04950261
0.04950261
0.04950261
0.04950261
0.04950261
0.04950261
0.04950261
0.04950261
0.04950261
0.04950261
0.04950261
0.04950261
0.04950261
0.04950261
0.04950261
0.04950261
0.04950261
0.04950261
0.04950261
0.04950261
0.04950261
0.04950261
0.04950261
0.04950261
0.04950261
0.04950261
0.04950261
0.04950261
0.04950261
0.04950261
0.04950261
0.04950261
0.04950261
0.04950261
0.04950261
0.04950261
0.04950261
0.04950261
0.04950261
0.04950261
0.04950261
0.04950261
0.04950261
0.04950261
0.04950261
0.04950261
0.04950261
0.04950261
0.04950261
0.04950261
0.04950261
0.04950261
0.04950261
0.04950261
0.04950261
0.04950261
0.04950261
0.04950261
0.04950261
0.04950261
0.04950261
0.04950261
0.04950261
0.04950261
0.04950261
0.04950261
0.04950261
0.04950261
0.04950261
0.04950261
0.04950261
0.04950261
0.04950261
0.04950261
0.04950261
0.04950261
0.04950261
0.04950261
0.04950261
0.04950261
0.04950261
0.04950261
0.04950261
0.04950261
0.04950261
0.04950261
0.04950261
0.04950261
0.04950261
0.04950261
0.04950261
0.04950261
0.04950261
0.04950261
0.04950261
0.04950261
0.04950261
0.04950261
0.04950261
0.04950261
0.04950261
0.04950261
0.04950261
0.04950261
0.04950261
0.04950261
0.04950261
0.04950261
0.04950261
0.04950261
0.04950261
0.04950261
0.04950261
0.04950261
0.04950261
0.04950261
0.04950261
0.04950261
0.04950261
0.04950261
0.04950261
0.04950261
0.04950261
0.04950261
0.04950261
0.04950261
0.04950261
0.04950261
0.04950261
0.04950261
0.04950261
0.04950261
0.04950261
0.04950261
0.04950261
0.04950261
0.04950261
0.04950261
0.04950261
0.04950261
0.04950261
0.04950261
0.04950261
0.04950261
0.04950261
0.04950261
0.04950261
0.04950261
0.04950261
0.04950261
0.04950261
0.04950261
0.04950261
0.04950261
0.04950261
0.04950261
0.04950261
0.04950261
0.04950261
0.04950261
0.04950261
0.04950261
0.04950261
0.04950261
0.04950261
0.04950261
0.04950261
0.04950261
0.04950261
0.04950261
0.04950261
0.04950261
0.04950261
0.04950261
0.04950261
0.04950261
0.04950261
0.04950261
0.04950261
0.04950261
0.04950261
0.04950261
0.04950261
0.04950261
0.04950261
0.04950261
0.04950261
0.04950261
0.04950261
0.04950261
0.04950261
0.04950261
0.04950261
0.04950261
0.04950261
0.04950261
0.04950261
0.04950261
0.04950261
0.04950261
0.04950261
0.04950261
0.04950261
0.04950261
0.04950261
0.04950261
0.04950261
0.04950261
0.04950261
0.04950261
0.04950261
0.04950261
0.04950261
0.04950261
0.04950261
0.04950261
0.04950261
0.04950261
0.04950261
0.04950261
0.04950261
0.04950261
0.04950261
0.04950261
0.04950261
0.04950261
0.04950261
0.04950261
0.04950261
0.04950261
0.04950261
0.04950261
0.04950261
0.04950261
0.04950261
0.04950261
0.04950261
0.04950261
0.04950261
0.04950261
0.04950261
0.04950261
0.04950261
0.04950261
0.04950261
0.04950261
0.04950261
0.04950261
0.04950261
0.04950261
0.04950261
0.04950261
0.04950261
0.04950261
0.04950261
0.04950261
0.04950261
0.04950261
0.04950261
0.04950261
0.04950261
0.04950261
0.04950261
0.04950261
0.04950261
0.04950261
0.04950261
0.04950261
0.04950261
0.04950261
0.04950261
0.04950261
0.04950261
0.04950261
0.04950261
0.04950261
0.04950261
0.04950261
0.04950261
0.04950261
0.04950261
0.04950261
0.04950261
0.04950261
0.04950261
0.04950261
0.04950261
0.04950261
0.04950261
0.04950261
0.04950261
0.04950261
0.04950261
0.04950261
0.04950261
0.04950261
0.04950261
0.04950261
0.04950261
0.04950261
0.04950261
0.04950261
0.04950261
0.04950261
0.04950261
0.04950261
0.04950261
0.04950261
0.04950261
0.04950261
0.04950261
0.04950261
0.04950261
0.04950261
0.04950261
0.04950261
0.04950261
0.04950261
0.04950261
0.04950261
0.04950261
0.04950261
0.04950261
0.04950261
0.04950261
0.04950261
0.04950261
0.04950261
0.04950261
0.04950261
0.04950261
0.04950261
0.04950261
0.04950261
0.04950261
0.04950261
0.04950261
0.04950261
0.04950261
0.04950261
0.04950261
0.04950261
0.04950261
0.04950261
0.04950261
0.04950261
0.04950261
0.04950261
0.04950261
0.04950261
0.04950261
0.04950261
0.04950261
0.04950261
0.04950261
0.04950261
0.04950261
0.04950261
0.04950261
0.04950261
0.04950261
0.04950261
0.04950261
0.04950261
0.04950261
0.04950261
0.04950261
0.04950261
0.04950261
0.04950261
0.04950261
0.04950261
0.04950261
0.04950261
0.04950261
0.04950261
0.04950261
0.04950261
0.04950261
0.04950261
0.04950261
0.04950261
0.04950261
0.04950261
0.04950261
0.04950261
0.04950261
0.04950261
0.04950261
0.04950261
0.04950261
0.04950261
0.04950261
0.04950261
0.04950261
0.04950261
0.04950261
0.04950261
0.04950261
0.04950261
0.04950261
0.04950261
0.04950261
0.04950261
0.04950261
0.04950261
0.04950261
0.04950261
0.04950261
0.04950261
0.04950261
0.04950261
0.04950261
0.04950261
0.04950261
0.04950261
0.04950261
0.04950261
0.04950261
0.04950261
0.04950261
0.04950261
0.04950261
0.04950261
0.04950261
0.04950261
0.04950261
0.04950261
0.04950261
0.04950261
0.04950261
0.04950261
0.04950261
0.04950261
0.04950261
0.04950261
0.04950261
0.04950261
0.04950261
0.04950261
0.04950261
0.04950261
0.04950261
0.04950261
0.04950261
0.04950261
0.04950261
0.04950261
0.04950261
0.04950261
)
;
        value           nonuniform List<scalar> 
900
(
301.5868
301.5874
301.5881
301.5887
301.5893
301.5898
301.5902
301.5906
301.591
301.5912
301.5915
301.5926
301.5927
301.5966
301.5974
301.5974
301.5973
301.5965
301.5925
301.5915
301.5912
301.5909
301.5906
301.5902
301.5898
301.5893
301.5887
301.5881
301.5874
301.5868
301.5874
301.588
301.5887
301.5893
301.5899
301.5904
301.5908
301.5912
301.5915
301.5918
301.592
301.5923
301.5925
301.5932
301.5934
301.5934
301.5934
301.5931
301.5923
301.592
301.5918
301.5915
301.5912
301.5908
301.5904
301.5899
301.5893
301.5887
301.588
301.5874
301.5881
301.5887
301.5894
301.59
301.5905
301.591
301.5914
301.5918
301.5921
301.5923
301.5925
301.5927
301.5928
301.593
301.5931
301.5931
301.593
301.5929
301.5927
301.5925
301.5923
301.5921
301.5918
301.5914
301.591
301.5905
301.59
301.5894
301.5887
301.5881
301.5887
301.5893
301.59
301.5906
301.5911
301.5915
301.5919
301.5923
301.5926
301.5928
301.593
301.5932
301.5933
301.5934
301.5934
301.5934
301.5934
301.5933
301.5932
301.593
301.5928
301.5926
301.5923
301.5919
301.5915
301.5911
301.5905
301.5899
301.5893
301.5887
301.5893
301.5899
301.5905
301.5911
301.5916
301.592
301.5924
301.5927
301.593
301.5933
301.5934
301.5936
301.5937
301.5938
301.5938
301.5938
301.5938
301.5937
301.5936
301.5934
301.5933
301.593
301.5927
301.5924
301.592
301.5916
301.591
301.5905
301.5898
301.5892
301.5897
301.5903
301.5909
301.5915
301.592
301.5924
301.5928
301.5931
301.5934
301.5936
301.5938
301.5939
301.594
301.5941
301.5942
301.5942
301.5941
301.594
301.5939
301.5938
301.5936
301.5934
301.5931
301.5928
301.5924
301.592
301.5915
301.5909
301.5903
301.5897
301.5902
301.5907
301.5913
301.5919
301.5924
301.5928
301.5931
301.5935
301.5937
301.5939
301.5941
301.5942
301.5943
301.5944
301.5944
301.5944
301.5944
301.5943
301.5942
301.5941
301.5939
301.5937
301.5934
301.5931
301.5928
301.5924
301.5919
301.5913
301.5907
301.5901
301.5905
301.5911
301.5917
301.5922
301.5927
301.5931
301.5934
301.5937
301.594
301.5942
301.5944
301.5945
301.5946
301.5946
301.5947
301.5947
301.5946
301.5946
301.5945
301.5944
301.5942
301.594
301.5937
301.5934
301.5931
301.5927
301.5922
301.5917
301.5911
301.5905
301.5909
301.5914
301.592
301.5925
301.593
301.5933
301.5937
301.594
301.5942
301.5944
301.5946
301.5947
301.5948
301.5948
301.5949
301.5949
301.5948
301.5948
301.5947
301.5946
301.5944
301.5942
301.594
301.5937
301.5933
301.5929
301.5925
301.592
301.5914
301.5908
301.5911
301.5917
301.5922
301.5927
301.5932
301.5936
301.5939
301.5942
301.5944
301.5946
301.5947
301.5949
301.5949
301.595
301.595
301.595
301.595
301.595
301.595
301.5947
301.5946
301.5944
301.5942
301.5939
301.5935
301.5932
301.5927
301.5922
301.5916
301.5911
301.5914
301.5919
301.5924
301.5929
301.5934
301.5937
301.594
301.5943
301.5945
301.5947
301.5949
301.595
301.5951
301.5951
301.5952
301.5952
301.5951
301.5952
301.5961
301.595
301.5947
301.5945
301.5943
301.594
301.5937
301.5933
301.5929
301.5924
301.5919
301.5913
301.5915
301.592
301.5926
301.5931
301.5935
301.5939
301.5942
301.5944
301.5947
301.5948
301.595
301.5951
301.5952
301.5952
301.5952
301.5952
301.5952
301.5952
301.5952
301.595
301.5948
301.5946
301.5944
301.5942
301.5938
301.5935
301.5931
301.5926
301.592
301.5915
301.5917
301.5922
301.5927
301.5932
301.5936
301.594
301.5943
301.5945
301.5947
301.5949
301.5951
301.5952
301.5952
301.5953
301.5953
301.5953
301.5953
301.5952
301.5952
301.5951
301.5949
301.5947
301.5945
301.5943
301.5939
301.5936
301.5932
301.5927
301.5921
301.5916
301.5917
301.5923
301.5928
301.5933
301.5937
301.594
301.5943
301.5946
301.5948
301.595
301.5951
301.5952
301.5953
301.5954
301.5954
301.5954
301.5953
301.5953
301.5952
301.5951
301.595
301.5948
301.5946
301.5943
301.594
301.5937
301.5932
301.5928
301.5922
301.5917
301.5918
301.5923
301.5928
301.5933
301.5937
301.5941
301.5944
301.5946
301.5948
301.595
301.5951
301.5952
301.5953
301.5954
301.5954
301.5954
301.5954
301.5953
301.5952
301.5951
301.595
301.5948
301.5946
301.5944
301.594
301.5937
301.5933
301.5928
301.5923
301.5918
301.5918
301.5923
301.5928
301.5933
301.5937
301.5941
301.5944
301.5946
301.5948
301.595
301.5951
301.5953
301.5953
301.5954
301.5954
301.5954
301.5954
301.5953
301.5952
301.5951
301.595
301.5948
301.5946
301.5944
301.5941
301.5937
301.5933
301.5928
301.5923
301.5918
301.5918
301.5923
301.5928
301.5933
301.5937
301.594
301.5943
301.5946
301.5948
301.595
301.5951
301.5952
301.5953
301.5954
301.5954
301.5954
301.5954
301.5953
301.5952
301.5951
301.595
301.5948
301.5946
301.5943
301.594
301.5937
301.5932
301.5928
301.5922
301.5917
301.5917
301.5922
301.5927
301.5932
301.5936
301.594
301.5943
301.5945
301.5948
301.5949
301.5951
301.5952
301.5953
301.5953
301.5953
301.5953
301.5953
301.5953
301.5952
301.5951
301.5949
301.5947
301.5945
301.5943
301.594
301.5936
301.5932
301.5927
301.5921
301.5916
301.5915
301.592
301.5926
301.5931
301.5935
301.5939
301.5942
301.5944
301.5947
301.5948
301.595
301.5951
301.5952
301.5952
301.5953
301.5953
301.5952
301.5952
301.5951
301.595
301.5948
301.5947
301.5944
301.5942
301.5938
301.5935
301.5931
301.5926
301.592
301.5915
301.5914
301.5919
301.5924
301.5929
301.5933
301.5937
301.594
301.5943
301.5945
301.5947
301.5949
301.595
301.5951
301.5951
301.5952
301.5952
301.5951
301.5951
301.595
301.5949
301.5947
301.5945
301.5943
301.594
301.5937
301.5933
301.5929
301.5924
301.5918
301.5913
301.5911
301.5917
301.5922
301.5927
301.5932
301.5935
301.5939
301.5941
301.5944
301.5946
301.5947
301.5948
301.5949
301.595
301.595
301.595
301.595
301.5949
301.5948
301.5947
301.5946
301.5944
301.5941
301.5938
301.5935
301.5931
301.5927
301.5922
301.5916
301.5911
301.5909
301.5914
301.592
301.5925
301.5929
301.5933
301.5936
301.5939
301.5942
301.5944
301.5945
301.5946
301.5947
301.5947
301.5947
301.5947
301.5947
301.5946
301.5945
301.5945
301.5944
301.5942
301.5939
301.5936
301.5933
301.5929
301.5924
301.5919
301.5914
301.5908
301.5905
301.5911
301.5916
301.5922
301.5926
301.593
301.5934
301.5937
301.5939
301.5941
301.5943
301.5944
301.5943
301.5937
301.5936
301.5936
301.5935
301.5935
301.5935
301.5941
301.5941
301.5939
301.5937
301.5934
301.593
301.5926
301.5921
301.5916
301.591
301.5905
301.5901
301.5907
301.5913
301.5918
301.5923
301.5927
301.5931
301.5934
301.5936
301.5938
301.594
301.594
301.5934
301.5899
301.5892
301.5891
301.589
301.5891
301.5897
301.5931
301.5937
301.5936
301.5933
301.593
301.5927
301.5923
301.5918
301.5912
301.5907
301.5901
301.5897
301.5902
301.5908
301.5914
301.5919
301.5923
301.5927
301.593
301.5933
301.5935
301.5937
301.5937
301.5928
301.5879
301.587
301.5868
301.5868
301.5869
301.5877
301.5926
301.5934
301.5932
301.593
301.5927
301.5923
301.5919
301.5914
301.5908
301.5902
301.5897
301.5892
301.5897
301.5904
301.5909
301.5914
301.5919
301.5923
301.5926
301.5929
301.5931
301.5933
301.5933
301.5924
301.5874
301.5864
301.5863
301.5862
301.5863
301.5872
301.5921
301.593
301.5928
301.5926
301.5922
301.5919
301.5914
301.5909
301.5903
301.5897
301.5891
301.5886
301.5892
301.5898
301.5904
301.5909
301.5914
301.5918
301.5921
301.5924
301.5926
301.5928
301.5929
301.592
301.5869
301.5859
301.5858
301.5858
301.5858
301.5867
301.5917
301.5925
301.5924
301.5922
301.5918
301.5914
301.5909
301.5904
301.5898
301.5892
301.5886
301.588
301.5886
301.5892
301.5898
301.5903
301.5908
301.5912
301.5916
301.5919
301.5921
301.5923
301.5924
301.5915
301.5865
301.5855
301.5853
301.5853
301.5853
301.5862
301.5912
301.592
301.592
301.5922
301.5913
301.5908
301.5903
301.5898
301.5892
301.5885
301.5879
301.5873
301.5879
301.5885
301.5892
301.5897
301.5902
301.5906
301.591
301.5913
301.5915
301.5918
301.5918
301.5911
301.5865
301.5851
301.5848
301.5847
301.5848
301.5857
301.5906
301.5915
301.5919
301.5942
301.5912
301.5902
301.5897
301.5891
301.5885
301.5879
301.5873
301.5866
301.5873
301.5879
301.5886
301.5891
301.5896
301.59
301.5904
301.5907
301.591
301.5912
301.5914
301.5911
301.5887
301.5851
301.5844
301.5842
301.5843
301.5851
301.5901
301.5909
301.5909
301.5911
301.5902
301.5896
301.5891
301.5885
301.5879
301.5872
301.5866
)
;
    }
    floor_to_air
    {
        type            compressible::turbulentTemperatureRadCoupledMixed;
        refValue        nonuniform List<scalar> 
900
(
300.1217
300.1223
300.1231
300.1241
300.1252
300.1264
300.1277
300.129
300.1303
300.1316
300.1328
300.134
300.135
300.1358
300.1364
300.1369
300.1371
300.137
300.1368
300.1364
300.1358
300.135
300.1342
300.1332
300.1323
300.1313
300.1304
300.1295
300.1288
300.1282
300.1222
300.1229
300.1237
300.1247
300.1258
300.1271
300.1284
300.1297
300.1311
300.1324
300.1337
300.1348
300.1359
300.1367
300.1374
300.1378
300.138
300.138
300.1377
300.1373
300.1366
300.1358
300.1349
300.134
300.133
300.132
300.1311
300.1302
300.1294
300.1288
300.1231
300.1237
300.1245
300.1256
300.1267
300.128
300.1293
300.1308
300.1322
300.1336
300.1349
300.1361
300.1372
300.1381
300.1388
300.1393
300.1394
300.1394
300.1391
300.1386
300.1379
300.137
300.1361
300.135
300.134
300.133
300.132
300.131
300.1302
300.1296
300.124
300.1246
300.1255
300.1266
300.1278
300.1291
300.1305
300.132
300.1335
300.135
300.1364
300.1377
300.1389
300.1399
300.1406
300.1411
300.1413
300.1412
300.1408
300.1402
300.1394
300.1385
300.1374
300.1363
300.1352
300.1341
300.1331
300.1321
300.1312
300.1306
300.125
300.1257
300.1266
300.1277
300.1289
300.1303
300.1318
300.1334
300.1351
300.1367
300.1382
300.1397
300.141
300.142
300.1428
300.1433
300.1435
300.1433
300.1429
300.1422
300.1413
300.1402
300.1391
300.1378
300.1366
300.1354
300.1343
300.1333
300.1324
300.1317
300.1261
300.1268
300.1277
300.1289
300.1302
300.1317
300.1333
300.135
300.1368
300.1386
300.1403
300.1419
300.1433
300.1445
300.1454
300.1459
300.1461
300.1459
300.1454
300.1445
300.1435
300.1422
300.1409
300.1395
300.1382
300.1369
300.1356
300.1345
300.1336
300.1329
300.1272
300.1279
300.1289
300.1301
300.1315
300.1331
300.1349
300.1368
300.1387
300.1407
300.1426
300.1445
300.1461
300.1474
300.1484
300.149
300.1491
300.1488
300.1482
300.1472
300.1459
300.1445
300.1429
300.1414
300.1399
300.1384
300.1371
300.1359
300.1349
300.1341
300.1283
300.129
300.1301
300.1314
300.1329
300.1346
300.1365
300.1387
300.1408
300.143
300.1452
300.1473
300.1491
300.1507
300.1518
300.1525
300.1526
300.1522
300.1513
300.1501
300.1486
300.1469
300.1451
300.1434
300.1417
300.14
300.1386
300.1373
300.1362
300.1354
300.1294
300.1302
300.1313
300.1326
300.1343
300.1361
300.1383
300.1406
300.143
300.1455
300.148
300.1504
300.1525
300.1542
300.1555
300.1562
300.1563
300.1558
300.1548
300.1533
300.1515
300.1495
300.1475
300.1454
300.1435
300.1417
300.1401
300.1387
300.1375
300.1366
300.1305
300.1312
300.1324
300.1338
300.1356
300.1376
300.1399
300.1425
300.1452
300.148
300.1508
300.1535
300.1559
300.1579
300.1593
300.1601
300.1602
300.1596
300.1583
300.1565
300.1544
300.1521
300.1498
300.1475
300.1453
300.1433
300.1415
300.14
300.1387
300.1378
300.1315
300.1322
300.1334
300.135
300.1368
300.139
300.1415
300.1443
300.1473
300.1504
300.1535
300.1565
300.1592
300.1615
300.1631
300.164
300.1641
300.1633
300.1618
300.1597
300.1573
300.1547
300.152
300.1494
300.147
300.1447
300.1428
300.1411
300.1397
300.1388
300.1334
300.1332
300.1343
300.1359
300.1379
300.1402
300.143
300.146
300.1492
300.1526
300.156
300.1594
300.1624
300.1649
300.1667
300.1677
300.1677
300.1668
300.1651
300.1627
300.1599
300.157
300.154
300.151
300.1483
300.1459
300.1438
300.142
300.1405
300.1395
300.1333
300.1338
300.135
300.1367
300.1387
300.1412
300.1441
300.1473
300.1508
300.1544
300.1581
300.1617
300.1651
300.1678
300.1699
300.1709
300.1709
300.1698
300.1679
300.1652
300.1621
300.1589
300.1555
300.1522
300.149
300.1463
300.144
300.1421
300.1406
300.1396
300.1354
300.1345
300.1356
300.1372
300.1393
300.1419
300.1449
300.1483
300.1519
300.1557
300.1597
300.1635
300.167
300.17
300.1722
300.1733
300.1733
300.1721
300.1699
300.1671
300.1638
300.1602
300.1565
300.1521
300.1472
300.144
300.1415
300.1395
300.1381
300.1375
300.1359
300.1348
300.1358
300.1375
300.1397
300.1422
300.1454
300.1488
300.1525
300.1564
300.1605
300.1645
300.1681
300.1712
300.1735
300.1747
300.1746
300.1734
300.1711
300.1681
300.1646
300.1609
300.157
300.1523
300.147
300.1436
300.1411
300.139
300.1375
300.1366
300.1359
300.1349
300.1358
300.1375
300.1397
300.1422
300.1454
300.1488
300.1525
300.1564
300.1605
300.1645
300.1681
300.1712
300.1735
300.1747
300.1746
300.1733
300.1711
300.1681
300.1646
300.1609
300.1569
300.1522
300.1469
300.1435
300.1409
300.1388
300.1373
300.1362
300.1356
300.1346
300.1356
300.1372
300.1393
300.1419
300.1449
300.1483
300.1519
300.1558
300.1597
300.1635
300.1671
300.17
300.1722
300.1733
300.1733
300.1721
300.1699
300.1671
300.1637
300.1601
300.1563
300.1516
300.1464
300.1431
300.1405
300.1385
300.137
300.1359
300.1349
300.134
300.135
300.1367
300.1387
300.1411
300.1441
300.1473
300.1508
300.1545
300.1584
300.1619
300.1651
300.1679
300.1699
300.1709
300.1709
300.1698
300.1678
300.1652
300.1621
300.1587
300.1551
300.1507
300.1457
300.1425
300.14
300.1381
300.1366
300.1356
300.1325
300.1331
300.1343
300.1359
300.1378
300.1401
300.1429
300.1459
300.1492
300.1528
300.1579
300.1598
300.1625
300.1649
300.1667
300.1677
300.1677
300.1668
300.165
300.1627
300.1598
300.1568
300.1535
300.1496
300.145
300.1421
300.1398
300.138
300.1365
300.1356
300.1313
300.1321
300.1333
300.1349
300.1367
300.1389
300.1415
300.1443
300.1473
300.1504
300.1537
300.1566
300.1593
300.1615
300.1631
300.164
300.164
300.1633
300.1617
300.1597
300.1572
300.1546
300.1518
300.1489
300.1462
300.1438
300.1417
300.14
300.1386
300.1377
300.1303
300.1311
300.1323
300.1337
300.1355
300.1375
300.1399
300.1424
300.1452
300.148
300.1508
300.1535
300.1559
300.1578
300.1593
300.1601
300.1601
300.1595
300.1582
300.1565
300.1544
300.1521
300.1497
300.1473
300.145
300.1429
300.1411
300.1396
300.1383
300.1374
300.1293
300.13
300.1311
300.1325
300.1341
300.136
300.1382
300.1405
300.1429
300.1454
300.1479
300.1503
300.1524
300.1542
300.1555
300.1562
300.1563
300.1558
300.1547
300.1532
300.1514
300.1494
300.1474
300.1453
300.1433
300.1415
300.1399
300.1385
300.1375
300.1366
300.1281
300.1289
300.1299
300.1312
300.1327
300.1345
300.1364
300.1386
300.1407
300.143
300.1451
300.1472
300.1491
300.1506
300.1518
300.1524
300.1525
300.1521
300.1513
300.1501
300.1485
300.1468
300.1451
300.1433
300.1416
300.1399
300.1385
300.1374
300.1376
300.136
300.127
300.1277
300.1287
300.1299
300.1314
300.133
300.1347
300.1367
300.1386
300.1406
300.1426
300.1444
300.146
300.1473
300.1483
300.1489
300.1491
300.1488
300.1481
300.1471
300.1458
300.1444
300.1429
300.1413
300.1398
300.1383
300.137
300.1359
300.1351
300.1342
300.1259
300.1266
300.1275
300.1287
300.13
300.1315
300.1331
300.1349
300.1367
300.1385
300.1402
300.1418
300.1433
300.1445
300.1453
300.1459
300.146
300.1458
300.1453
300.1445
300.1434
300.1422
300.1408
300.1395
300.1381
300.1368
300.1356
300.1345
300.1336
300.1329
300.1248
300.1254
300.1264
300.1275
300.1287
300.1301
300.1317
300.1333
300.1349
300.1365
300.1381
300.1396
300.1409
300.1419
300.1427
300.1432
300.1434
300.1433
300.1429
300.1422
300.1412
300.1402
300.139
300.1378
300.1365
300.1353
300.1342
300.1332
300.1323
300.1316
300.1238
300.1244
300.1253
300.1263
300.1276
300.1289
300.1303
300.1318
300.1334
300.1349
300.1363
300.1376
300.1388
300.1398
300.1405
300.141
300.1412
300.1411
300.1408
300.1402
300.1394
300.1384
300.1374
300.1363
300.1352
300.134
300.133
300.132
300.1312
300.1305
300.1228
300.1234
300.1243
300.1253
300.1265
300.1278
300.1292
300.1306
300.132
300.1334
300.1348
300.136
300.1371
300.138
300.1387
300.1392
300.1394
300.1393
300.139
300.1385
300.1378
300.137
300.136
300.135
300.1339
300.1329
300.1319
300.131
300.1302
300.1296
300.122
300.1226
300.1235
300.1245
300.1256
300.1269
300.1282
300.1296
300.1309
300.1323
300.1335
300.1347
300.1358
300.1366
300.1373
300.1377
300.1379
300.1379
300.1377
300.1372
300.1366
300.1358
300.1349
300.1339
300.1329
300.132
300.131
300.1301
300.1293
300.1287
300.1214
300.122
300.1228
300.1238
300.125
300.1262
300.1275
300.1288
300.1301
300.1315
300.1327
300.1338
300.1349
300.1357
300.1364
300.1368
300.137
300.137
300.1367
300.1363
300.1357
300.135
300.1341
300.1332
300.1322
300.1313
300.1303
300.1295
300.1287
300.1281
)
;
        refGradient     nonuniform List<scalar> 
900
(
0.5875622
0.6313018
0.670922
0.7065391
0.7382754
0.766272
0.7906943
0.81172
0.8298635
0.8450449
0.8571491
0.866477
0.8735379
0.8783063
0.8805999
0.8802533
0.8773809
0.8720428
0.8641145
0.8535456
0.8400748
0.8235099
0.8038127
0.7809671
0.7547388
0.7249768
0.6915392
0.6542998
0.6131469
0.5679721
0.6325677
0.675529
0.7143122
0.7490568
0.7799096
0.8070349
0.8306168
0.8508482
0.8682493
0.8827637
0.8943133
0.9032044
0.9099134
0.9144288
0.9165747
0.9162207
0.9134781
0.9083707
0.90076
0.8905824
0.8776115
0.8616582
0.8426405
0.8205123
0.795052
0.7660938
0.7334768
0.697052
0.6566842
0.6122418
0.6735137
0.7156433
0.753542
0.7873721
0.8173042
0.8435252
0.8662382
0.8856497
0.9022878
0.9161146
0.9270919
0.9355309
0.9418744
0.946131
0.9481316
0.9477745
0.945154
0.9402821
0.933
0.9232284
0.9107729
0.8954484
0.8771301
0.8557425
0.8310781
0.8029567
0.7711983
0.7356317
0.6960989
0.652445
0.7105109
0.7517786
0.7887681
0.8216644
0.8506602
0.8759645
0.8977988
0.9163883
0.9322526
0.9453875
0.9557876
0.963767
0.9697419
0.9737388
0.9755953
0.9752361
0.9727347
0.9680982
0.9611465
0.9517863
0.9398496
0.9251561
0.9075438
0.8869001
0.8630408
0.835769
0.8048858
0.7701988
0.7315278
0.6886955
0.7436732
0.7840725
0.8201517
0.8521171
0.8801827
0.9045786
0.9255436
0.9433241
0.9584224
0.9708756
0.9807053
0.9882286
0.9938394
0.9975816
0.9993023
0.9989357
0.9965501
0.9921423
0.9855152
0.9765618
0.9651354
0.9510612
0.9341437
0.9142323
0.8911686
0.8647389
0.8347264
0.8009183
0.7631131
0.7211118
0.7731294
0.8126772
0.8478675
0.8789268
0.9060893
0.9296046
0.9497294
0.966727
0.9810845
0.9928799
1.002158
1.009238
1.014497
1.017994
1.019587
1.019208
1.016935
1.012744
1.006429
0.9978682
0.9869325
0.9734528
0.957203
0.9379974
0.9157021
0.8900882
0.8609215
0.8279702
0.7910123
0.7498284
0.7990265
0.8377587
0.8721008
0.9022977
0.9286025
0.9512831
0.9706128
0.9868687
1.000529
1.0117
1.020458
1.027115
1.03204
1.035304
1.036779
1.036386
1.034218
1.030231
1.024209
1.016016
1.005543
0.9926216
0.9769976
0.958457
0.9368868
0.9120451
0.8836823
0.8515476
0.8154002
0.7750017
0.8215197
0.8594875
0.8930371
0.9224334
0.9479445
0.9698525
0.988446
1.004015
1.017033
1.027625
1.035901
1.042165
1.046783
1.049835
1.051196
1.050787
1.048717
1.044917
1.039162
1.031308
1.021258
1.008849
0.9937999
0.9758714
0.9549703
0.9308417
0.9032215
0.8718459
0.8364587
0.7967993
0.8409676
0.8782174
0.9110249
0.9396672
0.9644295
0.9856104
1.003514
1.018442
1.030864
1.040915
1.048743
1.054641
1.058972
1.06183
1.063082
1.062659
1.060678
1.057054
1.051549
1.04401
1.034357
1.022424
1.007909
0.990553
0.9702814
0.9468284
0.9199134
0.8892555
0.8545803
0.8156158
0.8573344
0.8939406
0.9260818
0.9540504
0.9781456
0.9986792
1.015967
1.030319
1.042207
1.051776
1.059202
1.064773
1.068849
1.071536
1.072687
1.072253
1.070349
1.066883
1.061599
1.054341
1.04504
1.033531
1.019496
1.002654
0.9829438
0.9600899
0.9338017
0.9037849
0.8697508
0.8314116
0.8705481
0.9066557
0.9382482
0.9656583
0.9891984
1.009192
1.025965
1.039838
1.051278
1.060442
1.067526
1.07282
1.076681
1.079222
1.080287
1.079843
1.078001
1.074667
1.06957
1.062548
1.053543
1.042385
1.028747
1.012328
0.9930821
0.9707251
0.9449559
0.915469
0.8819633
0.8441384
1.297703
0.916556
0.9477464
0.9747131
0.9978093
1.017368
1.033726
1.04721
1.058285
1.067127
1.073927
1.078998
1.082687
1.085105
1.086102
1.085652
1.083861
1.080633
1.075687
1.068853
1.060079
1.049206
1.035886
1.019817
1.000947
0.9789882
0.9536331
0.9245666
0.891476
0.8540463
0.8885316
0.9240237
0.9548504
0.9814614
1.004204
1.023418
1.039447
1.052626
1.063415
1.072002
1.07858
1.083476
1.087035
1.089356
1.090298
1.089841
1.088088
1.084943
1.080119
1.073434
1.064843
1.054197
1.041147
1.025459
1.006939
0.9853019
0.9602786
0.9315494
0.8987804
0.8615799
1.309617
0.9288744
0.9595793
0.9859475
1.008442
1.027416
1.043216
1.056182
1.066773
1.075186
1.081611
1.086382
1.089848
1.092101
1.093003
1.092542
1.090815
1.087728
1.08299
1.076411
1.067951
1.057473
1.04471
1.030208
0.5699586
0.5485881
0.5237999
0.4953039
0.4626862
0.4248793
1.312126
0.9313725
0.9619611
0.9881971
1.010563
1.029413
1.045096
1.057951
1.068436
1.076757
1.083102
1.087808
1.091225
1.093442
1.094324
1.09386
1.092147
1.089089
1.084397
1.077871
1.06948
1.059089
1.046437
1.032149
0.5720623
0.5508131
0.5261487
0.4977891
0.465393
0.4285658
1.312106
0.9313618
0.9619529
0.98819
1.010556
1.029407
1.045089
1.057944
1.068429
1.076749
1.083094
1.0878
1.091217
1.093433
1.094315
1.09385
1.092136
1.089078
1.084385
1.077858
1.069466
1.059074
1.046424
1.032145
0.5720614
0.5508125
0.5261482
0.4977902
0.4654108
0.4286821
1.309444
0.9288305
0.9595547
0.9859252
1.00842
1.027395
1.043196
1.056162
1.066753
1.075165
1.081587
1.08636
1.089824
1.092075
1.092975
1.092512
1.090784
1.087694
1.082955
1.076373
1.067911
1.057434
1.044689
1.030308
0.5701145
0.5487484
0.5239613
0.4954753
0.4629669
0.4261114
1.304346
0.9238458
0.9548013
0.9814221
1.004165
1.02338
1.03941
1.052588
1.063377
1.071962
1.078496
1.083434
1.086994
1.089313
1.090252
1.089791
1.088036
1.084888
1.080061
1.073371
1.064778
1.05414
1.041216
1.026636
0.5662312
0.5446425
0.5196217
0.4908952
0.4581457
0.4210541
0.8807117
0.9165072
0.9476825
0.9746493
0.9977453
1.017304
1.033661
1.047145
1.058219
1.067014
1.656062
1.078884
1.082616
1.085034
1.086028
1.085573
1.083778
1.080547
1.075596
1.068756
1.059979
1.049113
1.03592
1.020958
0.5602034
0.5382936
0.5129414
0.4838768
0.4507901
0.413372
0.8704581
0.9065398
0.9381298
0.9655381
0.9890765
1.009068
1.02584
1.039711
1.051148
1.060308
1.067346
1.072682
1.076544
1.079082
1.080144
1.079696
1.07785
1.074512
1.069411
1.062383
1.053374
1.042215
1.028595
1.012296
0.9931079
0.970757
0.9449906
0.915507
0.8820051
0.8441857
0.857159
0.8937605
0.9258975
0.9538621
0.9779533
0.9984829
1.015766
1.030115
1.042
1.051565
1.058986
1.064555
1.068628
1.071311
1.072458
1.07202
1.070113
1.066644
1.061356
1.054094
1.04479
1.033279
1.019245
1.002412
0.9827076
0.9598574
0.9335735
0.9035606
0.8695247
0.8311999
0.8407289
0.8779722
0.9107732
0.9394089
0.9641646
0.985339
1.003236
1.018158
1.030574
1.040619
1.048442
1.054335
1.058662
1.061517
1.062764
1.062338
1.060354
1.056727
1.051219
1.043677
1.034022
1.022088
1.007575
0.9902218
0.9699544
0.9465066
0.9195964
0.8889286
0.8541491
0.8153043
0.8212047
0.8591631
0.8927032
0.92209
0.9475913
0.9694895
0.9880734
1.003633
1.016643
1.027226
1.035496
1.041753
1.046365
1.049413
1.050769
1.050357
1.048285
1.044483
1.038726
1.030871
1.020822
1.008415
0.9933683
0.9754448
0.9545506
0.9304298
0.90281
0.8713226
1.252027
0.7962882
0.7986142
0.837333
0.8716616
0.901845
0.9281361
0.9508029
0.970119
0.9863615
1.00001
1.01117
1.019918
1.026565
1.031483
1.034743
1.036214
1.035817
1.033648
1.02966
1.023638
1.015448
1.004977
0.9920603
0.9764428
0.9579107
0.936351
0.9115209
0.8831694
0.8510312
0.8147859
0.7745134
0.7726199
0.8121506
0.8473235
0.8783653
0.9055103
0.9290079
0.9491152
0.9660959
0.9804381
0.9922199
1.001485
1.008554
1.013804
1.017295
1.018885
1.018503
1.016229
1.012039
1.005726
0.9971693
0.9862393
0.9727672
0.9565267
0.937333
0.9150515
0.8894528
0.8603024
0.8273669
0.7904191
0.7492616
0.7430681
0.7834467
0.8195048
0.851449
0.8794934
0.903868
0.924812
0.9425722
0.9576524
0.9700893
0.9799038
0.9874139
0.9930148
0.9967508
0.9984674
0.9980985
0.9957123
0.9913063
0.9846836
0.9757367
0.9643189
0.9502552
0.9333498
0.9134534
0.8904068
0.8639956
0.8340027
0.8002151
0.7624306
0.7204516
0.709813
0.7510565
0.7880215
0.8208931
0.8498642
0.8751441
0.8969542
0.9155204
0.931364
0.9444802
0.9548631
0.9628277
0.9687915
0.9727816
0.974634
0.9742728
0.9717714
0.967138
0.9601924
0.9508409
0.9389152
0.9242348
0.9066372
0.8860116
0.8621723
0.8349219
0.8040614
0.7693981
0.7307514
0.687944
0.6727269
0.714829
0.7526999
0.7865023
0.8164066
0.8426001
0.8652861
0.8846718
0.901287
0.915093
0.9260514
0.9344741
0.9408057
0.9450548
0.9470514
0.9466925
0.9440727
0.9392051
0.9319306
0.9221694
0.9097272
0.8944182
0.876117
0.85475
0.8301082
0.8020112
0.7702783
0.7347381
0.6952325
0.6516064
0.6316962
0.6746269
0.7133797
0.7480936
0.778916
0.8060111
0.8295638
0.8497672
0.8671435
0.8816354
0.8931646
0.9020383
0.9087346
0.9132422
0.9153839
0.9150282
0.9122871
0.9071849
0.899583
0.8894175
0.8764618
0.8605261
0.8415277
0.8194222
0.7939869
0.7650556
0.7324666
0.6960708
0.6557329
0.6113208
0.586611
0.6303169
0.669905
0.7054883
0.7371923
0.7651562
0.7895474
0.8105434
0.8286605
0.8438175
0.8559005
0.8652102
0.8722578
0.8770179
0.8793073
0.8789592
0.8760889
0.8707569
0.8628386
0.852283
0.838829
0.8222835
0.8026075
0.7797864
0.7535852
0.7238523
0.690445
0.6532369
0.6121161
0.566974
)
;
        valueFraction   nonuniform List<scalar> 
900
(
0.007946125
0.007922632
0.007902426
0.007887629
0.007876493
0.007867822
0.007860829
0.007855115
0.007850378
0.007846523
0.007843609
0.007841792
0.007841291
0.007842347
0.007845179
0.00784995
0.007856736
0.007865521
0.007876194
0.007888569
0.007902414
0.007917483
0.007933558
0.007950487
0.007968243
0.007986983
0.008007139
0.008029676
0.008056423
0.008085435
0.007921786
0.007883545
0.007855206
0.007836425
0.007823262
0.007813495
0.007805847
0.007799658
0.007794511
0.007790245
0.007786916
0.007784697
0.00778383
0.007784579
0.007787185
0.007791823
0.007798572
0.007807406
0.0078182
0.007830746
0.007844792
0.007860082
0.007876412
0.007893688
0.007912017
0.007931833
0.007954108
0.007980791
0.008015654
0.008058736
0.00790105
0.007854335
0.007818339
0.007794434
0.007777962
0.007765947
0.007756595
0.007748948
0.007742498
0.007736991
0.00773248
0.00772917
0.007727352
0.007727347
0.007729442
0.007733844
0.007740643
0.007749801
0.007761156
0.007774457
0.007789403
0.007805709
0.007823172
0.007841758
0.007861718
0.00788376
0.007909296
0.007940876
0.007982809
0.00803364
0.0078852
0.007834163
0.007792764
0.007764234
0.007744126
0.007729234
0.007717445
0.00770756
0.00769903
0.007691517
0.007685093
0.007680025
0.007676691
0.007675502
0.007676827
0.007680928
0.007687914
0.007697729
0.007710155
0.00772486
0.007741459
0.007759594
0.00777903
0.00779975
0.00782209
0.007846913
0.007875822
0.007911515
0.007958196
0.008012879
0.0078724
0.0078191
0.007774077
0.007741697
0.007717944
0.007699754
0.007684927
0.007672099
0.007660742
0.00765045
0.007641341
0.007633785
0.007628293
0.007625419
0.007625658
0.007629363
0.007636676
0.007647512
0.007661569
0.007678388
0.007697441
0.007718243
0.007740463
0.007764044
0.007789325
0.007817208
0.007849315
0.007888278
0.007938067
0.007994691
0.007861553
0.00780701
0.007759493
0.007723962
0.007696714
0.007674956
0.007656583
0.007640189
0.007625302
0.007611465
0.007598869
0.007588032
0.007579661
0.00757452
0.007573294
0.007576466
0.007584237
0.007596484
0.00761278
0.007632477
0.007654831
0.007679147
0.007704932
0.007732014
0.007760671
0.007791767
0.00782687
0.007868498
0.007920419
0.007978038
0.007852032
0.007796723
0.007747347
0.007709161
0.007678611
0.007653119
0.007630769
0.007610277
0.007591228
0.007573106
0.007556192
0.007541207
0.007529135
0.007521043
0.007517888
0.007520347
0.0075287
0.007542774
0.00756197
0.007585369
0.007611912
0.007640605
0.007670712
0.007701891
0.00773431
0.007768764
0.007806752
0.007850698
0.00790424
0.007962418
0.00784347
0.0077876
0.007736703
0.007696167
0.00766248
0.00763317
0.007606508
0.007581517
0.007557763
0.007534612
0.007512454
0.00749226
0.007475343
0.007463301
0.00745753
0.007459014
0.007468149
0.007484666
0.007507677
0.007535846
0.00756762
0.007601587
0.007636772
0.007672623
0.007709181
0.007747169
0.007788033
0.007834139
0.007889063
0.007947631
0.007835685
0.00777934
0.007727101
0.007684407
0.007647717
0.007614587
0.007583418
0.007553697
0.007524719
0.007495658
0.007467058
0.007440443
0.007417799
0.007401096
0.007392257
0.007392644
0.007402781
0.00742225
0.007449758
0.007483459
0.007521369
0.007561649
0.007602749
0.007643832
0.007684885
0.007726588
0.007770369
0.007818579
0.007874787
0.007933697
0.00782864
0.007771858
0.007718396
0.007673691
0.007634141
0.007597283
0.007561596
0.007527029
0.007492247
0.007456507
0.007420789
0.007386885
0.00735729
0.007334855
0.007322223
0.007321287
0.007332737
0.007355968
0.007389072
0.007429464
0.007474413
0.007521512
0.007568936
0.007615719
0.007661556
0.007707101
0.00775382
0.007804102
0.007861549
0.007920803
0.00782238
0.007765214
0.007710642
0.00766409
0.007621877
0.007581504
0.007541486
0.007502036
0.007461263
0.00741851
0.007374943
0.007332799
0.007295345
0.007268421
0.007254113
0.007252493
0.007264038
0.007288521
0.007327042
0.007375142
0.007427988
0.007482542
0.007536688
0.007589182
0.007639777
0.007689142
0.007738732
0.007791007
0.007849642
0.007909252
0.007815966
0.007759539
0.007704017
0.007655842
0.007611265
0.007567741
0.007523783
0.007479759
0.007433123
0.007383375
0.007331809
0.007281139
0.007241509
0.007211857
0.007194446
0.007191576
0.007204155
0.007231422
0.007271063
0.007323268
0.007384394
0.007446586
0.007507355
0.007565431
0.007620539
0.007673409
0.007725639
0.007779736
0.007839458
0.007899416
0.007812836
0.007755084
0.007698762
0.007649264
0.007602749
0.00755662
0.007509391
0.007461377
0.007409575
0.007353548
0.007294681
0.007241605
0.007197451
0.007163197
0.00714259
0.007138484
0.007152006
0.007182245
0.007226365
0.00728071
0.007346835
0.007416086
0.007482849
0.007545875
0.007604923
0.007660807
0.007715241
0.007770864
0.007831497
0.007891728
0.007808328
0.007751908
0.007695106
0.007644679
0.007596783
0.007548774
0.007499186
0.007448191
0.00739251
0.007331683
0.007267973
0.007213282
0.007164919
0.007126963
0.007103812
0.007098684
0.007112877
0.007145394
0.007193077
0.007251461
0.007318992
0.00739371
0.007465143
0.007532369
0.007595534
0.00765368
0.007709743
0.007766476
0.007827749
0.007887838
0.007806788
0.007750331
0.007693255
0.007642346
0.007593733
0.007544729
0.007493902
0.007441293
0.007383501
0.007320037
0.007255016
0.007198202
0.007147457
0.007107441
0.007082855
0.007077127
0.007091655
0.007125398
0.007175031
0.007235826
0.007304002
0.007381774
0.007455759
0.007525051
0.007589809
0.007649141
0.007706067
0.007763391
0.007825072
0.007885754
0.00780684
0.007750397
0.007693327
0.007642421
0.007593805
0.007544794
0.007493956
0.007441337
0.007383534
0.00732006
0.007255032
0.00719821
0.007147458
0.007107437
0.007082848
0.007077118
0.007091644
0.007125385
0.007175019
0.007235814
0.007303991
0.007381765
0.007455754
0.007525057
0.007589823
0.007649162
0.007706095
0.007763425
0.007825127
0.007885879
0.00780841
0.00775209
0.007695315
0.007644894
0.00759699
0.007548964
0.007499345
0.007448321
0.007392609
0.007331752
0.007268018
0.007213305
0.007164925
0.007126954
0.007103791
0.007098655
0.007112842
0.007145355
0.007193036
0.007251421
0.007318956
0.007393679
0.007465134
0.007532442
0.007595663
0.007653833
0.007709917
0.007766677
0.007828044
0.007888686
0.007811481
0.007755312
0.007699088
0.007649602
0.007603076
0.00755692
0.007509643
0.007461582
0.00740973
0.007353651
0.007294708
0.007241633
0.007197455
0.007163179
0.007142554
0.007138433
0.007151945
0.007182175
0.007226292
0.007280638
0.007346767
0.007416033
0.007482882
0.007546503
0.007606838
0.007662806
0.007717283
0.007772954
0.007833665
0.00789408
0.007817391
0.007759961
0.007704451
0.00765628
0.007611687
0.007568127
0.007524114
0.007480023
0.00743332
0.007383476
0.0073304
0.007281122
0.007241505
0.007211827
0.00719439
0.0071915
0.007204063
0.00723132
0.007270955
0.00732316
0.00738429
0.0074465
0.007507359
0.007566033
0.007622432
0.007675387
0.007727667
0.007781816
0.007841612
0.007901704
0.007822824
0.007765689
0.007711144
0.007664596
0.007622365
0.00758195
0.00754187
0.007502345
0.007461491
0.00741866
0.007374993
0.00733282
0.007295327
0.007268374
0.007254033
0.007252387
0.007263913
0.007288384
0.007326896
0.007374994
0.007427847
0.007482415
0.007536592
0.007589176
0.007639835
0.007689236
0.00773886
0.007791172
0.007849857
0.007909536
0.007829082
0.007772358
0.007718929
0.00767423
0.00763466
0.00759776
0.007562009
0.007527358
0.007492494
0.007456669
0.007420874
0.007386905
0.007357256
0.007334778
0.00732211
0.007321145
0.007332573
0.007355789
0.007388887
0.007429279
0.007474237
0.00752135
0.007568792
0.0076156
0.007661464
0.007707034
0.00775378
0.007804091
0.007861572
0.007920874
0.007836111
0.007779834
0.007727633
0.007684946
0.007648238
0.007615066
0.007583833
0.007554028
0.007524964
0.007495822
0.007467144
0.007440454
0.00741775
0.007400996
0.007392115
0.007392469
0.007402583
0.007422038
0.00744954
0.007483244
0.007521159
0.007561452
0.007602568
0.007643669
0.007684742
0.007726467
0.00777027
0.007818496
0.007874671
0.007933666
0.007843858
0.007788064
0.007737207
0.007696679
0.007662974
0.007633624
0.007606902
0.007581833
0.007557997
0.007534763
0.007512527
0.007492263
0.007475282
0.007463185
0.007457369
0.007458817
0.007467926
0.007484427
0.007507431
0.0075356
0.007567382
0.007601359
0.007636558
0.007672425
0.007709001
0.007747009
0.007787889
0.007833951
0.007887409
0.007947454
0.00785237
0.007797143
0.007747807
0.007709628
0.007679061
0.00765353
0.007631125
0.007610561
0.007591437
0.007573238
0.007556249
0.007541195
0.00752906
0.007520912
0.00751771
0.007520132
0.007528458
0.007542514
0.0075617
0.007585096
0.007611642
0.007640344
0.007670464
0.007701658
0.007734096
0.007768571
0.007806579
0.007850536
0.007904037
0.007962293
0.007861841
0.007807383
0.007759904
0.007724378
0.007697111
0.007675316
0.00765689
0.007640433
0.007625477
0.00761157
0.007598905
0.007588002
0.00757957
0.007574374
0.0075731
0.007576234
0.007583975
0.0075962
0.007612483
0.007632175
0.007654529
0.007678853
0.00770465
0.007731748
0.007760426
0.007791544
0.007826669
0.007868318
0.007920259
0.007977906
0.007872653
0.007819437
0.007774447
0.007742066
0.007718289
0.007700062
0.007685186
0.007672301
0.007660881
0.007650524
0.007641351
0.007633732
0.007628181
0.007625254
0.007625446
0.007629111
0.007636393
0.007647205
0.007661247
0.007678058
0.00769711
0.007717919
0.007740152
0.00776375
0.007789052
0.007816958
0.007849089
0.007888077
0.00793789
0.007994541
0.00788544
0.007834482
0.007793108
0.007764567
0.00774443
0.007729499
0.007717663
0.007707723
0.007699135
0.007691562
0.007685077
0.00767995
0.00767656
0.007675319
0.007676597
0.007680658
0.007687613
0.007697403
0.007709812
0.007724509
0.007741106
0.007759248
0.007778696
0.007799434
0.007821796
0.007846643
0.007875577
0.007911295
0.007958003
0.008012713
0.007901299
0.007854651
0.007818666
0.00779474
0.007778233
0.007766176
0.007756776
0.007749079
0.007742574
0.00773701
0.007732441
0.007729074
0.007727203
0.007727148
0.007729198
0.007733562
0.007740329
0.007749462
0.007760801
0.007774094
0.007789039
0.007805351
0.007822826
0.00784143
0.007861412
0.007883478
0.00790904
0.007940645
0.007982605
0.008033463
0.007922046
0.007883851
0.007855506
0.007836693
0.00782349
0.007813681
0.007805988
0.007799752
0.007794554
0.007790236
0.007786853
0.007784582
0.007783664
0.007784367
0.007786931
0.007791533
0.007798252
0.007807064
0.007817843
0.007830382
0.007844427
0.007859724
0.007876067
0.007893361
0.007911712
0.007931552
0.007953853
0.007980561
0.00801545
0.008058559
0.007946372
0.00792289
0.007902662
0.007887828
0.007876654
0.007867947
0.007860917
0.007855164
0.007850384
0.007846484
0.007843523
0.007841659
0.007841114
0.007842127
0.007844922
0.007849659
0.007856419
0.007865183
0.007875843
0.007888212
0.007902059
0.007917136
0.007933224
0.007950172
0.00796795
0.007986714
0.008006894
0.008029454
0.008056224
0.00808526
)
;
        source          uniform 0;
        value           nonuniform List<scalar> 
900
(
300.2784
300.2874
300.296
300.3039
300.3109
300.317
300.3225
300.3271
300.3312
300.3346
300.3373
300.3394
300.341
300.3421
300.3426
300.3426
300.342
300.3408
300.3391
300.3368
300.3339
300.3302
300.3259
300.3209
300.3152
300.3087
300.3014
300.2932
300.2843
300.2751
300.2875
300.2963
300.3049
300.3125
300.3194
300.3254
300.3306
300.3351
300.339
300.3422
300.3448
300.3468
300.3484
300.3494
300.3499
300.3499
300.3493
300.3482
300.3465
300.3443
300.3415
300.338
300.3338
300.3289
300.3234
300.317
300.3098
300.3019
300.2931
300.2841
300.2964
300.3051
300.3134
300.3209
300.3275
300.3333
300.3384
300.3427
300.3464
300.3495
300.352
300.3539
300.3553
300.3563
300.3568
300.3568
300.3562
300.3552
300.3536
300.3514
300.3487
300.3454
300.3413
300.3366
300.3312
300.325
300.3181
300.3103
300.3017
300.2928
300.3045
300.313
300.3212
300.3284
300.3349
300.3405
300.3453
300.3495
300.353
300.356
300.3583
300.3601
300.3615
300.3624
300.3629
300.3628
300.3623
300.3613
300.3598
300.3578
300.3551
300.3519
300.348
300.3435
300.3383
300.3323
300.3255
300.3179
300.3094
300.3008
300.3118
300.3201
300.3281
300.3351
300.3414
300.3468
300.3514
300.3554
300.3588
300.3616
300.3638
300.3656
300.3668
300.3677
300.3681
300.3681
300.3676
300.3667
300.3652
300.3632
300.3607
300.3576
300.3539
300.3495
300.3445
300.3386
300.332
300.3246
300.3164
300.3079
300.3182
300.3264
300.3342
300.341
300.3471
300.3523
300.3568
300.3606
300.3638
300.3665
300.3686
300.3702
300.3714
300.3723
300.3727
300.3726
300.3721
300.3712
300.3699
300.368
300.3656
300.3626
300.359
300.3548
300.3499
300.3442
300.3378
300.3306
300.3225
300.3142
300.3239
300.3319
300.3395
300.3462
300.352
300.3571
300.3614
300.365
300.3681
300.3707
300.3727
300.3742
300.3754
300.3761
300.3765
300.3765
300.376
300.3752
300.3738
300.372
300.3697
300.3669
300.3634
300.3593
300.3546
300.3491
300.3428
300.3358
300.3279
300.3197
300.3288
300.3367
300.3441
300.3506
300.3563
300.3612
300.3653
300.3689
300.3718
300.3742
300.3761
300.3776
300.3787
300.3794
300.3798
300.3797
300.3793
300.3785
300.3772
300.3755
300.3733
300.3705
300.3672
300.3632
300.3586
300.3533
300.3472
300.3403
300.3325
300.3245
300.3331
300.3408
300.348
300.3544
300.3599
300.3647
300.3687
300.3721
300.3749
300.3772
300.379
300.3804
300.3814
300.3821
300.3825
300.3824
300.382
300.3812
300.38
300.3784
300.3762
300.3736
300.3703
300.3665
300.362
300.3568
300.3509
300.3441
300.3365
300.3286
300.3368
300.3443
300.3514
300.3576
300.363
300.3676
300.3715
300.3747
300.3774
300.3796
300.3814
300.3827
300.3837
300.3844
300.3847
300.3847
300.3843
300.3835
300.3823
300.3807
300.3787
300.3761
300.373
300.3692
300.3648
300.3598
300.354
300.3473
300.3399
300.3321
300.3411
300.3472
300.3541
300.3602
300.3654
300.3699
300.3737
300.3768
300.3795
300.3816
300.3833
300.3846
300.3855
300.3862
300.3865
300.3864
300.3861
300.3853
300.3842
300.3826
300.3806
300.3781
300.375
300.3714
300.3671
300.3621
300.3564
300.3499
300.3426
300.3349
300.402
300.3508
300.3562
300.3622
300.3673
300.3717
300.3754
300.3785
300.381
300.3831
300.3847
300.386
300.3869
300.3875
300.3878
300.3878
300.3874
300.3867
300.3856
300.3841
300.3821
300.3797
300.3766
300.3727
300.3684
300.3635
300.3578
300.3514
300.3443
300.3369
300.3498
300.3518
300.3578
300.3637
300.3687
300.3731
300.3767
300.3797
300.3822
300.3842
300.3858
300.387
300.3879
300.3885
300.3888
300.3888
300.3885
300.3878
300.3867
300.3852
300.3832
300.3808
300.3772
300.3706
300.3643
300.3593
300.3537
300.3474
300.3408
300.3358
300.4229
300.3567
300.3592
300.3647
300.3697
300.374
300.3775
300.3805
300.383
300.385
300.3865
300.3877
300.3886
300.3892
300.3895
300.3895
300.3891
300.3884
300.3874
300.3859
300.3839
300.3812
300.375
300.3544
300.2836
300.2769
300.2713
300.2653
300.2607
300.2656
300.4277
300.358
300.3598
300.3652
300.3702
300.3744
300.378
300.3809
300.3834
300.3853
300.3869
300.388
300.3889
300.3895
300.3898
300.3898
300.3894
300.3888
300.3877
300.3862
300.3843
300.3815
300.3748
300.3515
300.2787
300.2718
300.2662
300.26
300.2534
300.2485
300.428
300.358
300.3598
300.3652
300.3701
300.3744
300.378
300.3809
300.3834
300.3853
300.3869
300.388
300.3889
300.3895
300.3898
300.3898
300.3894
300.3888
300.3877
300.3862
300.3843
300.3815
300.3747
300.3511
300.2782
300.2713
300.2657
300.2594
300.2524
300.2452
300.4271
300.3574
300.3592
300.3647
300.3697
300.3739
300.3775
300.3805
300.383
300.385
300.3866
300.3877
300.3886
300.3892
300.3895
300.3895
300.3891
300.3884
300.3874
300.3859
300.3839
300.3811
300.3743
300.3507
300.2777
300.2708
300.2652
300.2589
300.2518
300.2443
300.4216
300.3556
300.3581
300.3637
300.3687
300.373
300.3767
300.3797
300.3822
300.3844
300.3878
300.3872
300.3879
300.3885
300.3888
300.3888
300.3884
300.3878
300.3867
300.3852
300.3832
300.3804
300.3736
300.3502
300.2773
300.2704
300.2647
300.2584
300.2512
300.2437
300.3466
300.35
300.3562
300.3621
300.3673
300.3717
300.3754
300.3785
300.3811
300.385
300.4663
300.3879
300.387
300.3875
300.3878
300.3878
300.3874
300.3867
300.3856
300.3841
300.3821
300.3793
300.373
300.3523
300.2814
300.2745
300.2688
300.2624
300.2552
300.2476
300.34
300.3471
300.354
300.3601
300.3654
300.3699
300.3736
300.3768
300.3794
300.3817
300.3852
300.3847
300.3855
300.3861
300.3864
300.3864
300.386
300.3853
300.3842
300.3826
300.3806
300.378
300.3743
300.3676
300.3612
300.356
300.3503
300.3438
300.3365
300.3288
300.3367
300.3442
300.3513
300.3575
300.3629
300.3675
300.3714
300.3747
300.3774
300.3796
300.3814
300.3827
300.3836
300.3843
300.3846
300.3846
300.3842
300.3835
300.3823
300.3807
300.3786
300.376
300.3728
300.3688
300.3642
300.3592
300.3534
300.3468
300.3396
300.3316
300.333
300.3407
300.348
300.3543
300.3599
300.3646
300.3686
300.372
300.3748
300.3771
300.3789
300.3803
300.3814
300.3821
300.3824
300.3824
300.3819
300.3812
300.38
300.3783
300.3761
300.3735
300.3702
300.3664
300.3619
300.3567
300.3508
300.3446
300.3401
300.3292
300.3288
300.3366
300.344
300.3505
300.3562
300.3611
300.3652
300.3688
300.3717
300.3741
300.376
300.3775
300.3786
300.3793
300.3797
300.3796
300.3792
300.3784
300.3771
300.3754
300.3731
300.3704
300.3671
300.3631
300.3585
300.3532
300.3474
300.3439
300.4021
300.3284
300.3238
300.3318
300.3394
300.3461
300.3519
300.357
300.3613
300.3649
300.368
300.3705
300.3725
300.3741
300.3752
300.376
300.3764
300.3763
300.3759
300.375
300.3737
300.3719
300.3696
300.3667
300.3633
300.3592
300.3544
300.349
300.3428
300.3363
300.3315
300.3203
300.3181
300.3263
300.334
300.3409
300.3469
300.3521
300.3566
300.3604
300.3637
300.3663
300.3684
300.37
300.3713
300.3721
300.3725
300.3724
300.372
300.3711
300.3697
300.3678
300.3654
300.3624
300.3589
300.3546
300.3497
300.3441
300.3377
300.3305
300.3227
300.3141
300.3116
300.3199
300.3279
300.335
300.3412
300.3466
300.3513
300.3552
300.3586
300.3614
300.3636
300.3653
300.3666
300.3675
300.3679
300.3679
300.3674
300.3664
300.365
300.363
300.3605
300.3574
300.3537
300.3493
300.3443
300.3385
300.3319
300.3244
300.3162
300.3077
300.3044
300.3128
300.321
300.3282
300.3347
300.3403
300.3451
300.3493
300.3528
300.3557
300.3581
300.3599
300.3613
300.3622
300.3626
300.3626
300.3621
300.3611
300.3596
300.3575
300.3549
300.3517
300.3478
300.3433
300.338
300.332
300.3253
300.3177
300.3092
300.3006
300.2962
300.3049
300.3132
300.3207
300.3273
300.3331
300.3381
300.3425
300.3462
300.3493
300.3517
300.3536
300.3551
300.3561
300.3565
300.3565
300.3559
300.3549
300.3533
300.3512
300.3485
300.3451
300.3411
300.3364
300.331
300.3248
300.3178
300.31
300.3014
300.2926
300.2873
300.2961
300.3046
300.3123
300.3191
300.3251
300.3303
300.3348
300.3387
300.3419
300.3445
300.3465
300.3481
300.3491
300.3496
300.3496
300.349
300.3479
300.3462
300.344
300.3412
300.3377
300.3335
300.3287
300.3231
300.3167
300.3096
300.3016
300.2928
300.2838
300.2782
300.2871
300.2958
300.3036
300.3106
300.3168
300.3222
300.3268
300.3309
300.3343
300.337
300.3391
300.3407
300.3418
300.3423
300.3423
300.3417
300.3405
300.3388
300.3365
300.3336
300.3299
300.3256
300.3206
300.3149
300.3084
300.3011
300.2929
300.284
300.2749
)
;
        qrNbr           qr;
        logInterval     -1;
        writePrecision  7;
        updateHeader    1;
        writeToFile     0;
        useUserTime     1;
        kappaMethod     solidThermo;
        kappa           none;
    }
}


// ************************************************************************* //
