/*--------------------------------*- C++ -*----------------------------------*\
| =========                 |                                                 |
| \\      /  F ield         | OpenFOAM: The Open Source CFD Toolbox           |
|  \\    /   O peration     | Version:  2506                                  |
|   \\  /    A nd           | Website:  www.openfoam.com                      |
|    \\/     M anipulation  |                                                 |
\*---------------------------------------------------------------------------*/
FoamFile
{
    version     2.0;
    format      ascii;
    arch        "LSB;label=32;scalar=64";
    class       volScalarField;
    location    "500/floor";
    object      T;
}
// * * * * * * * * * * * * * * * * * * * * * * * * * * * * * * * * * * * * * //

dimensions      [0 0 0 1 0 0 0];

internalField   nonuniform List<scalar> 
2700
(
300.4258
300.4259
300.4259
300.426
300.426
300.4261
300.4261
300.4261
300.4261
300.4262
300.4262
300.4262
300.4262
300.4262
300.4262
300.4262
300.4262
300.4262
300.4262
300.4262
300.4262
300.4261
300.4261
300.4261
300.4261
300.426
300.426
300.4259
300.4259
300.4258
300.4259
300.4259
300.426
300.426
300.4261
300.4261
300.4261
300.4262
300.4262
300.4262
300.4262
300.4262
300.4263
300.4263
300.4263
300.4263
300.4263
300.4263
300.4262
300.4262
300.4262
300.4262
300.4262
300.4261
300.4261
300.4261
300.426
300.426
300.4259
300.4259
300.4259
300.426
300.426
300.4261
300.4261
300.4262
300.4262
300.4262
300.4262
300.4263
300.4263
300.4263
300.4263
300.4263
300.4263
300.4263
300.4263
300.4263
300.4263
300.4263
300.4263
300.4262
300.4262
300.4262
300.4262
300.4261
300.4261
300.426
300.426
300.4259
300.426
300.426
300.4261
300.4261
300.4262
300.4262
300.4262
300.4263
300.4263
300.4263
300.4263
300.4263
300.4263
300.4263
300.4263
300.4263
300.4263
300.4263
300.4263
300.4263
300.4263
300.4263
300.4263
300.4262
300.4262
300.4262
300.4261
300.4261
300.426
300.426
300.426
300.4261
300.4261
300.4262
300.4262
300.4262
300.4263
300.4263
300.4263
300.4263
300.4264
300.4264
300.4264
300.4264
300.4264
300.4264
300.4264
300.4264
300.4264
300.4264
300.4263
300.4263
300.4263
300.4263
300.4262
300.4262
300.4262
300.4261
300.4261
300.426
300.4261
300.4261
300.4262
300.4262
300.4262
300.4263
300.4263
300.4263
300.4263
300.4264
300.4264
300.4264
300.4264
300.4264
300.4264
300.4264
300.4264
300.4264
300.4264
300.4264
300.4264
300.4263
300.4263
300.4263
300.4263
300.4262
300.4262
300.4262
300.4261
300.4261
300.4261
300.4262
300.4262
300.4262
300.4263
300.4263
300.4263
300.4264
300.4264
300.4264
300.4264
300.4264
300.4264
300.4264
300.4264
300.4264
300.4264
300.4264
300.4264
300.4264
300.4264
300.4264
300.4264
300.4263
300.4263
300.4263
300.4262
300.4262
300.4261
300.4261
300.4261
300.4262
300.4262
300.4263
300.4263
300.4263
300.4264
300.4264
300.4264
300.4264
300.4264
300.4264
300.4264
300.4264
300.4264
300.4264
300.4264
300.4264
300.4264
300.4264
300.4264
300.4264
300.4264
300.4264
300.4263
300.4263
300.4263
300.4262
300.4262
300.4261
300.4262
300.4262
300.4263
300.4263
300.4263
300.4264
300.4264
300.4264
300.4264
300.4264
300.4264
300.4265
300.4265
300.4265
300.4265
300.4265
300.4265
300.4265
300.4265
300.4264
300.4264
300.4264
300.4264
300.4264
300.4263
300.4263
300.4263
300.4262
300.4262
300.4261
300.4262
300.4262
300.4263
300.4263
300.4263
300.4264
300.4264
300.4264
300.4264
300.4264
300.4265
300.4265
300.4265
300.4265
300.4265
300.4265
300.4265
300.4265
300.4265
300.4265
300.4264
300.4264
300.4264
300.4264
300.4264
300.4263
300.4263
300.4263
300.4262
300.4262
300.4262
300.4262
300.4263
300.4263
300.4264
300.4264
300.4264
300.4264
300.4264
300.4265
300.4265
300.4265
300.4265
300.4265
300.4265
300.4265
300.4265
300.4265
300.4265
300.4265
300.4265
300.4264
300.4264
300.4264
300.4264
300.4263
300.4263
300.4263
300.4262
300.4262
300.4262
300.4263
300.4263
300.4263
300.4264
300.4264
300.4264
300.4264
300.4265
300.4265
300.4265
300.4265
300.4265
300.4265
300.4265
300.4265
300.4265
300.4265
300.4265
300.4265
300.4265
300.4265
300.4264
300.4264
300.4264
300.4264
300.4263
300.4263
300.4262
300.4262
300.4263
300.4263
300.4263
300.4263
300.4264
300.4264
300.4264
300.4264
300.4265
300.4265
300.4265
300.4265
300.4265
300.4265
300.4265
300.4265
300.4265
300.4265
300.4265
300.4265
300.4265
300.4265
300.4264
300.4264
300.4264
300.4263
300.4263
300.4263
300.4262
300.4262
300.4267
300.4263
300.4263
300.4264
300.4264
300.4264
300.4264
300.4264
300.4265
300.4265
300.4265
300.4265
300.4265
300.4265
300.4265
300.4265
300.4265
300.4265
300.4265
300.4265
300.4265
300.4265
300.4264
300.4259
300.4259
300.4258
300.4258
300.4258
300.4258
300.4261
300.4267
300.4263
300.4263
300.4264
300.4264
300.4264
300.4264
300.4265
300.4265
300.4265
300.4265
300.4265
300.4265
300.4265
300.4265
300.4265
300.4265
300.4265
300.4265
300.4265
300.4265
300.4265
300.4264
300.4259
300.4258
300.4258
300.4258
300.4257
300.4257
300.4257
300.4267
300.4263
300.4263
300.4264
300.4264
300.4264
300.4264
300.4265
300.4265
300.4265
300.4265
300.4265
300.4265
300.4265
300.4265
300.4265
300.4265
300.4265
300.4265
300.4265
300.4265
300.4265
300.4264
300.4259
300.4258
300.4258
300.4258
300.4257
300.4257
300.4256
300.4267
300.4263
300.4263
300.4264
300.4264
300.4264
300.4264
300.4264
300.4265
300.4265
300.4265
300.4265
300.4265
300.4265
300.4265
300.4265
300.4265
300.4265
300.4265
300.4265
300.4265
300.4265
300.4264
300.4259
300.4258
300.4258
300.4258
300.4257
300.4257
300.4256
300.4267
300.4263
300.4263
300.4263
300.4264
300.4264
300.4264
300.4264
300.4265
300.4265
300.4265
300.4265
300.4265
300.4265
300.4265
300.4265
300.4265
300.4265
300.4265
300.4265
300.4265
300.4265
300.4264
300.4259
300.4258
300.4258
300.4258
300.4257
300.4257
300.4256
300.4262
300.4263
300.4263
300.4263
300.4264
300.4264
300.4264
300.4264
300.4265
300.4265
300.4265
300.4265
300.4265
300.4265
300.4265
300.4265
300.4265
300.4265
300.4265
300.4265
300.4265
300.4264
300.4264
300.4259
300.4259
300.4258
300.4258
300.4258
300.4257
300.4257
300.4262
300.4262
300.4263
300.4263
300.4264
300.4264
300.4264
300.4264
300.4264
300.4265
300.4265
300.4265
300.4265
300.4265
300.4265
300.4265
300.4265
300.4265
300.4265
300.4265
300.4265
300.4264
300.4264
300.4264
300.4263
300.4263
300.4263
300.4262
300.4262
300.4261
300.4262
300.4262
300.4263
300.4263
300.4263
300.4264
300.4264
300.4264
300.4264
300.4264
300.4265
300.4265
300.4265
300.4265
300.4265
300.4265
300.4265
300.4265
300.4265
300.4265
300.4264
300.4264
300.4264
300.4264
300.4264
300.4263
300.4263
300.4263
300.4262
300.4262
300.4262
300.4262
300.4263
300.4263
300.4263
300.4264
300.4264
300.4264
300.4264
300.4264
300.4264
300.4265
300.4265
300.4265
300.4265
300.4265
300.4265
300.4265
300.4265
300.4264
300.4264
300.4264
300.4264
300.4264
300.4263
300.4263
300.4263
300.4262
300.4262
300.4261
300.4261
300.4262
300.4262
300.4263
300.4263
300.4263
300.4264
300.4264
300.4264
300.4264
300.4264
300.4264
300.4264
300.4264
300.4264
300.4264
300.4264
300.4264
300.4264
300.4264
300.4264
300.4264
300.4264
300.4264
300.4263
300.4263
300.4263
300.4262
300.4265
300.4261
300.4261
300.4262
300.4262
300.4262
300.4263
300.4263
300.4263
300.4264
300.4264
300.4264
300.4264
300.4264
300.4264
300.4264
300.4264
300.4264
300.4264
300.4264
300.4264
300.4264
300.4264
300.4264
300.4264
300.4263
300.4263
300.4263
300.4262
300.4262
300.4262
300.4261
300.4261
300.4261
300.4262
300.4262
300.4262
300.4263
300.4263
300.4263
300.4263
300.4264
300.4264
300.4264
300.4264
300.4264
300.4264
300.4264
300.4264
300.4264
300.4264
300.4264
300.4264
300.4263
300.4263
300.4263
300.4263
300.4262
300.4262
300.4262
300.4261
300.4261
300.426
300.4261
300.4261
300.4262
300.4262
300.4262
300.4263
300.4263
300.4263
300.4263
300.4263
300.4264
300.4264
300.4264
300.4264
300.4264
300.4264
300.4264
300.4264
300.4263
300.4263
300.4263
300.4263
300.4263
300.4262
300.4262
300.4262
300.4261
300.4261
300.426
300.426
300.426
300.4261
300.4261
300.4262
300.4262
300.4262
300.4263
300.4263
300.4263
300.4263
300.4263
300.4263
300.4263
300.4263
300.4263
300.4263
300.4263
300.4263
300.4263
300.4263
300.4263
300.4263
300.4262
300.4262
300.4262
300.4261
300.4261
300.426
300.426
300.4259
300.426
300.426
300.4261
300.4261
300.4262
300.4262
300.4262
300.4262
300.4263
300.4263
300.4263
300.4263
300.4263
300.4263
300.4263
300.4263
300.4263
300.4263
300.4263
300.4263
300.4262
300.4262
300.4262
300.4262
300.4261
300.4261
300.426
300.426
300.4259
300.4259
300.4259
300.426
300.426
300.4261
300.4261
300.4261
300.4262
300.4262
300.4262
300.4262
300.4262
300.4263
300.4263
300.4263
300.4263
300.4263
300.4263
300.4262
300.4262
300.4262
300.4262
300.4262
300.4261
300.4261
300.4261
300.426
300.426
300.4259
300.4259
300.4258
300.4259
300.4259
300.426
300.426
300.4261
300.4261
300.4261
300.4261
300.4262
300.4262
300.4262
300.4262
300.4262
300.4262
300.4262
300.4262
300.4262
300.4262
300.4262
300.4262
300.4261
300.4261
300.4261
300.4261
300.426
300.426
300.4259
300.4259
300.4258
300.0799
300.0803
300.0807
300.0811
300.0814
300.0817
300.082
300.0822
300.0824
300.0825
300.0827
300.0828
300.0829
300.0829
300.0829
300.0829
300.0829
300.0829
300.0828
300.0827
300.0826
300.0824
300.0822
300.082
300.0817
300.0814
300.081
300.0807
300.0802
300.0798
300.0803
300.0807
300.0811
300.0815
300.0818
300.0821
300.0824
300.0826
300.0828
300.0829
300.083
300.0831
300.0832
300.0833
300.0833
300.0833
300.0833
300.0832
300.0831
300.083
300.0829
300.0827
300.0826
300.0823
300.0821
300.0818
300.0814
300.0811
300.0807
300.0802
300.0807
300.0812
300.0815
300.0819
300.0822
300.0825
300.0827
300.0829
300.0831
300.0833
300.0834
300.0835
300.0835
300.0836
300.0836
300.0836
300.0836
300.0835
300.0835
300.0834
300.0832
300.0831
300.0829
300.0827
300.0824
300.0822
300.0818
300.0815
300.0811
300.0806
300.0811
300.0815
300.0819
300.0823
300.0826
300.0828
300.083
300.0832
300.0834
300.0836
300.0837
300.0838
300.0838
300.0839
300.0839
300.0839
300.0839
300.0838
300.0838
300.0837
300.0835
300.0834
300.0832
300.083
300.0828
300.0825
300.0822
300.0818
300.0814
300.081
300.0814
300.0819
300.0822
300.0826
300.0829
300.0831
300.0833
300.0835
300.0837
300.0838
300.0839
300.084
300.0841
300.0841
300.0841
300.0841
300.0841
300.0841
300.084
300.0839
300.0838
300.0837
300.0835
300.0833
300.0831
300.0828
300.0825
300.0821
300.0818
300.0814
300.0817
300.0821
300.0825
300.0828
300.0831
300.0834
300.0836
300.0838
300.0839
300.084
300.0841
300.0842
300.0843
300.0843
300.0843
300.0843
300.0843
300.0843
300.0842
300.0841
300.084
300.0839
300.0837
300.0835
300.0833
300.083
300.0827
300.0824
300.082
300.0816
300.082
300.0824
300.0828
300.0831
300.0833
300.0836
300.0838
300.084
300.0841
300.0842
300.0843
300.0844
300.0845
300.0845
300.0845
300.0845
300.0845
300.0845
300.0844
300.0843
300.0842
300.0841
300.0839
300.0837
300.0835
300.0833
300.083
300.0827
300.0823
300.0819
300.0822
300.0826
300.083
300.0833
300.0835
300.0838
300.084
300.0841
300.0843
300.0844
300.0845
300.0846
300.0846
300.0846
300.0847
300.0847
300.0847
300.0846
300.0846
300.0845
300.0844
300.0843
300.0841
300.0839
300.0837
300.0835
300.0832
300.0829
300.0825
300.0821
300.0824
300.0828
300.0832
300.0835
300.0837
300.0839
300.0841
300.0843
300.0844
300.0845
300.0846
300.0847
300.0847
300.0848
300.0848
300.0848
300.0848
300.0847
300.0847
300.0846
300.0845
300.0844
300.0843
300.0841
300.0839
300.0836
300.0834
300.083
300.0827
300.0823
300.0826
300.083
300.0833
300.0836
300.0839
300.0841
300.0843
300.0844
300.0845
300.0846
300.0847
300.0848
300.0848
300.0849
300.0849
300.0849
300.0849
300.0849
300.0848
300.0847
300.0846
300.0845
300.0844
300.0842
300.084
300.0838
300.0835
300.0832
300.0828
300.0825
300.0827
300.0831
300.0834
300.0837
300.084
300.0842
300.0844
300.0845
300.0846
300.0847
300.0848
300.0849
300.0849
300.085
300.085
300.085
300.085
300.0849
300.0849
300.0848
300.0847
300.0846
300.0845
300.0843
300.0841
300.0839
300.0836
300.0833
300.083
300.0826
300.0828
300.0832
300.0835
300.0838
300.0841
300.0843
300.0844
300.0846
300.0847
300.0848
300.0849
300.0849
300.085
300.085
300.085
300.085
300.085
300.085
300.085
300.0849
300.0848
300.0847
300.0846
300.0844
300.0842
300.084
300.0837
300.0834
300.0831
300.0827
300.0831
300.0833
300.0836
300.0839
300.0841
300.0843
300.0845
300.0846
300.0848
300.0849
300.0849
300.085
300.085
300.0851
300.0851
300.0851
300.0851
300.085
300.085
300.0849
300.0849
300.0847
300.0846
300.0842
300.084
300.0838
300.0835
300.0832
300.0829
300.0828
300.0864
300.0835
300.0837
300.0839
300.0842
300.0844
300.0845
300.0847
300.0848
300.0849
300.085
300.085
300.0851
300.0851
300.0851
300.0851
300.0851
300.0851
300.085
300.085
300.0849
300.0848
300.0844
300.0806
300.0802
300.08
300.0797
300.0795
300.0793
300.0824
300.0866
300.0836
300.0837
300.0839
300.0842
300.0844
300.0846
300.0847
300.0848
300.0849
300.085
300.085
300.0851
300.0851
300.0851
300.0851
300.0851
300.0851
300.0851
300.085
300.0849
300.0848
300.0844
300.0804
300.08
300.0798
300.0795
300.0792
300.0789
300.0788
300.0866
300.0836
300.0837
300.0839
300.0842
300.0844
300.0846
300.0847
300.0848
300.0849
300.085
300.085
300.0851
300.0851
300.0851
300.0851
300.0851
300.0851
300.0851
300.085
300.0849
300.0848
300.0844
300.0804
300.08
300.0798
300.0795
300.0792
300.0789
300.0785
300.0866
300.0835
300.0837
300.0839
300.0842
300.0844
300.0845
300.0847
300.0848
300.0849
300.085
300.085
300.0851
300.0851
300.0851
300.0851
300.0851
300.0851
300.085
300.085
300.0849
300.0848
300.0844
300.0804
300.08
300.0797
300.0795
300.0792
300.0789
300.0785
300.0863
300.0835
300.0836
300.0839
300.0841
300.0843
300.0845
300.0846
300.0848
300.0849
300.0849
300.085
300.085
300.0851
300.0851
300.0851
300.0851
300.085
300.085
300.0849
300.0849
300.0847
300.0844
300.0804
300.0799
300.0797
300.0794
300.0792
300.0788
300.0785
300.083
300.0832
300.0835
300.0838
300.0841
300.0843
300.0844
300.0846
300.0847
300.0848
300.0849
300.0849
300.085
300.085
300.085
300.085
300.085
300.085
300.085
300.0849
300.0848
300.0847
300.0843
300.0805
300.0801
300.0799
300.0796
300.0793
300.079
300.0786
300.0827
300.0831
300.0834
300.0837
300.084
300.0842
300.0844
300.0845
300.0846
300.0847
300.0848
300.0849
300.0849
300.085
300.085
300.085
300.085
300.0849
300.0849
300.0848
300.0847
300.0846
300.0845
300.0841
300.0839
300.0836
300.0834
300.0831
300.0827
300.0824
300.0826
300.083
300.0833
300.0836
300.0839
300.0841
300.0843
300.0844
300.0845
300.0846
300.0847
300.0848
300.0848
300.0849
300.0849
300.0849
300.0849
300.0848
300.0848
300.0847
300.0846
300.0845
300.0844
300.0842
300.084
300.0838
300.0835
300.0832
300.0828
300.0825
300.0824
300.0828
300.0832
300.0835
300.0837
300.0839
300.0841
300.0843
300.0844
300.0845
300.0846
300.0847
300.0847
300.0848
300.0848
300.0848
300.0848
300.0847
300.0847
300.0846
300.0845
300.0844
300.0843
300.0841
300.0839
300.0836
300.0834
300.0831
300.0829
300.0823
300.0822
300.0826
300.083
300.0833
300.0835
300.0838
300.084
300.0841
300.0843
300.0844
300.0845
300.0846
300.0846
300.0846
300.0847
300.0847
300.0846
300.0846
300.0846
300.0845
300.0844
300.0843
300.0841
300.0839
300.0837
300.0835
300.0832
300.083
300.0856
300.0823
300.082
300.0824
300.0828
300.0831
300.0833
300.0836
300.0838
300.084
300.0841
300.0842
300.0843
300.0844
300.0845
300.0845
300.0845
300.0845
300.0845
300.0845
300.0844
300.0843
300.0842
300.0841
300.0839
300.0837
300.0835
300.0833
300.083
300.0827
300.0825
300.0819
300.0817
300.0821
300.0825
300.0828
300.0831
300.0834
300.0836
300.0837
300.0839
300.084
300.0841
300.0842
300.0843
300.0843
300.0843
300.0843
300.0843
300.0843
300.0842
300.0841
300.084
300.0839
300.0837
300.0835
300.0833
300.083
300.0827
300.0824
300.082
300.0816
300.0814
300.0818
300.0822
300.0826
300.0828
300.0831
300.0833
300.0835
300.0837
300.0838
300.0839
300.084
300.0841
300.0841
300.0841
300.0841
300.0841
300.0841
300.084
300.0839
300.0838
300.0837
300.0835
300.0833
300.083
300.0828
300.0825
300.0821
300.0817
300.0813
300.0811
300.0815
300.0819
300.0822
300.0825
300.0828
300.083
300.0832
300.0834
300.0835
300.0836
300.0837
300.0838
300.0839
300.0839
300.0839
300.0839
300.0838
300.0837
300.0837
300.0835
300.0834
300.0832
300.083
300.0828
300.0825
300.0822
300.0818
300.0814
300.081
300.0807
300.0811
300.0815
300.0819
300.0822
300.0825
300.0827
300.0829
300.0831
300.0832
300.0834
300.0834
300.0835
300.0836
300.0836
300.0836
300.0836
300.0835
300.0835
300.0834
300.0832
300.0831
300.0829
300.0827
300.0824
300.0821
300.0818
300.0815
300.0811
300.0806
300.0803
300.0807
300.0811
300.0815
300.0818
300.0821
300.0823
300.0826
300.0827
300.0829
300.083
300.0831
300.0832
300.0832
300.0833
300.0833
300.0832
300.0832
300.0831
300.083
300.0829
300.0827
300.0825
300.0823
300.0821
300.0818
300.0814
300.0811
300.0806
300.0802
300.0799
300.0803
300.0807
300.0811
300.0814
300.0817
300.0819
300.0822
300.0824
300.0825
300.0827
300.0828
300.0828
300.0829
300.0829
300.0829
300.0829
300.0828
300.0828
300.0827
300.0825
300.0824
300.0822
300.0819
300.0817
300.0814
300.081
300.0807
300.0802
300.0798
300.0629
300.0655
300.068
300.0701
300.0721
300.0738
300.0754
300.0767
300.0779
300.0789
300.0797
300.0803
300.0808
300.0811
300.0813
300.0813
300.0811
300.0808
300.0804
300.0798
300.0789
300.0779
300.0768
300.0754
300.0738
300.072
300.0699
300.0677
300.0651
300.0625
300.0655
300.0681
300.0705
300.0727
300.0746
300.0763
300.0778
300.0791
300.0802
300.0811
300.0819
300.0825
300.0829
300.0832
300.0834
300.0834
300.0832
300.083
300.0825
300.0819
300.0811
300.0802
300.079
300.0777
300.0761
300.0744
300.0724
300.0701
300.0677
300.0651
300.0679
300.0706
300.073
300.0751
300.0769
300.0786
300.08
300.0812
300.0823
300.0832
300.0839
300.0844
300.0849
300.0852
300.0853
300.0853
300.0852
300.0849
300.0845
300.0839
300.0832
300.0822
300.0811
300.0798
300.0783
300.0766
300.0747
300.0725
300.0701
300.0675
300.0702
300.0728
300.0751
300.0772
300.079
300.0806
300.0819
300.0831
300.0841
300.085
300.0856
300.0862
300.0866
300.0869
300.087
300.087
300.0869
300.0866
300.0862
300.0857
300.0849
300.0841
300.083
300.0817
300.0803
300.0786
300.0767
300.0746
300.0723
300.0698
300.0722
300.0748
300.077
300.079
300.0808
300.0823
300.0836
300.0848
300.0857
300.0865
300.0872
300.0877
300.0881
300.0883
300.0885
300.0885
300.0884
300.0881
300.0877
300.0872
300.0865
300.0857
300.0846
300.0834
300.082
300.0804
300.0786
300.0765
300.0742
300.0717
300.074
300.0765
300.0787
300.0807
300.0824
300.0838
300.0851
300.0862
300.0871
300.0879
300.0885
300.089
300.0893
300.0896
300.0897
300.0897
300.0896
300.0894
300.089
300.0885
300.0879
300.087
300.0861
300.0849
300.0835
300.082
300.0802
300.0782
300.0759
300.0735
300.0756
300.078
300.0802
300.0821
300.0837
300.0852
300.0864
300.0874
300.0883
300.089
300.0896
300.0901
300.0904
300.0907
300.0908
300.0908
300.0907
300.0905
300.0901
300.0896
300.089
300.0882
300.0873
300.0862
300.0848
300.0833
300.0816
300.0796
300.0774
300.0751
300.0769
300.0794
300.0815
300.0833
300.0849
300.0863
300.0875
300.0885
300.0893
300.09
300.0906
300.091
300.0913
300.0916
300.0917
300.0917
300.0916
300.0914
300.0911
300.0906
300.09
300.0892
300.0883
300.0872
300.086
300.0845
300.0828
300.0809
300.0787
300.0764
300.0781
300.0805
300.0826
300.0844
300.0859
300.0873
300.0884
300.0894
300.0902
300.0908
300.0914
300.0918
300.0921
300.0923
300.0924
300.0924
300.0924
300.0922
300.0918
300.0914
300.0908
300.0901
300.0892
300.0882
300.0869
300.0855
300.0838
300.0819
300.0798
300.0776
300.0791
300.0814
300.0835
300.0853
300.0868
300.0881
300.0892
300.0901
300.0909
300.0915
300.092
300.0924
300.0927
300.0929
300.093
300.0931
300.093
300.0928
300.0925
300.0921
300.0915
300.0908
300.0899
300.0889
300.0877
300.0863
300.0847
300.0828
300.0808
300.0785
300.0799
300.0822
300.0842
300.086
300.0875
300.0887
300.0898
300.0907
300.0914
300.0921
300.0925
300.0929
300.0932
300.0934
300.0935
300.0935
300.0935
300.0933
300.093
300.0926
300.092
300.0914
300.0905
300.0895
300.0883
300.087
300.0854
300.0836
300.0815
300.0793
300.0806
300.0828
300.0848
300.0865
300.088
300.0892
300.0903
300.0911
300.0919
300.0925
300.0929
300.0933
300.0936
300.0938
300.0939
300.0939
300.0938
300.0937
300.0934
300.093
300.0925
300.0918
300.091
300.09
300.0888
300.0875
300.0859
300.0841
300.0821
300.0799
300.082
300.0833
300.0853
300.0869
300.0884
300.0896
300.0906
300.0915
300.0922
300.0928
300.0932
300.0936
300.0939
300.0941
300.0942
300.0942
300.0941
300.094
300.0937
300.0933
300.0928
300.0921
300.0913
300.0893
300.0881
300.0867
300.0852
300.0834
300.0815
300.0803
300.1027
300.0845
300.0856
300.0872
300.0886
300.0898
300.0909
300.0917
300.0924
300.093
300.0934
300.0938
300.094
300.0942
300.0943
300.0944
300.0943
300.0941
300.0939
300.0935
300.093
300.0923
300.0905
300.0667
300.0645
300.0631
300.0616
300.0599
300.0589
300.0786
300.1038
300.0847
300.0857
300.0873
300.0888
300.09
300.091
300.0918
300.0925
300.0931
300.0935
300.0939
300.0941
300.0943
300.0944
300.0945
300.0944
300.0942
300.094
300.0936
300.0931
300.0924
300.0905
300.0657
300.0635
300.0622
300.0607
300.0589
300.057
300.0558
300.1038
300.0847
300.0857
300.0873
300.0888
300.09
300.091
300.0918
300.0925
300.0931
300.0935
300.0939
300.0941
300.0943
300.0944
300.0945
300.0944
300.0942
300.094
300.0936
300.0931
300.0924
300.0905
300.0657
300.0635
300.0621
300.0606
300.0589
300.0569
300.0548
300.1036
300.0846
300.0856
300.0872
300.0886
300.0898
300.0909
300.0917
300.0924
300.093
300.0934
300.0938
300.094
300.0942
300.0943
300.0944
300.0943
300.0941
300.0939
300.0935
300.093
300.0923
300.0904
300.0656
300.0634
300.062
300.0605
300.0587
300.0567
300.0546
300.1024
300.0842
300.0853
300.0869
300.0884
300.0896
300.0906
300.0915
300.0922
300.0928
300.0932
300.0936
300.0939
300.0941
300.0942
300.0942
300.0941
300.094
300.0937
300.0933
300.0928
300.0921
300.0902
300.0654
300.0632
300.0618
300.0602
300.0585
300.0565
300.0543
300.0815
300.0829
300.0848
300.0865
300.088
300.0892
300.0903
300.0911
300.0919
300.0925
300.0929
300.0933
300.0936
300.0938
300.0939
300.0939
300.0938
300.0937
300.0934
300.093
300.0925
300.0918
300.0899
300.0661
300.0639
300.0625
300.0609
300.0591
300.0571
300.0549
300.0799
300.0822
300.0842
300.086
300.0874
300.0887
300.0898
300.0907
300.0914
300.092
300.0925
300.0929
300.0932
300.0934
300.0935
300.0935
300.0934
300.0933
300.093
300.0926
300.092
300.0913
300.0905
300.0884
300.0872
300.0858
300.0842
300.0824
300.0804
300.0782
300.0791
300.0814
300.0835
300.0852
300.0868
300.0881
300.0892
300.0901
300.0909
300.0915
300.092
300.0924
300.0927
300.0929
300.093
300.093
300.0929
300.0928
300.0925
300.092
300.0915
300.0908
300.0899
300.0889
300.0876
300.0862
300.0846
300.0828
300.0807
300.0785
300.0781
300.0805
300.0826
300.0844
300.0859
300.0872
300.0884
300.0893
300.0902
300.0908
300.0913
300.0918
300.0921
300.0923
300.0924
300.0924
300.0923
300.0921
300.0918
300.0914
300.0908
300.0901
300.0892
300.0881
300.0869
300.0854
300.0838
300.082
300.0807
300.0776
300.0769
300.0793
300.0814
300.0833
300.0849
300.0863
300.0875
300.0885
300.0893
300.09
300.0905
300.091
300.0913
300.0915
300.0916
300.0916
300.0916
300.0913
300.091
300.0906
300.09
300.0892
300.0883
300.0872
300.0859
300.0844
300.0828
300.0817
300.0983
300.0773
300.0755
300.078
300.0802
300.0821
300.0837
300.0851
300.0864
300.0874
300.0883
300.089
300.0896
300.09
300.0904
300.0906
300.0907
300.0907
300.0906
300.0904
300.0901
300.0896
300.089
300.0882
300.0872
300.0861
300.0848
300.0833
300.0815
300.0796
300.0782
300.0751
300.074
300.0765
300.0787
300.0806
300.0823
300.0838
300.0851
300.0861
300.0871
300.0878
300.0884
300.0889
300.0893
300.0895
300.0897
300.0897
300.0895
300.0893
300.089
300.0884
300.0878
300.087
300.086
300.0848
300.0835
300.0819
300.0801
300.0781
300.0759
300.0735
300.0722
300.0747
300.077
300.079
300.0807
300.0823
300.0836
300.0847
300.0857
300.0865
300.0871
300.0876
300.088
300.0882
300.0884
300.0884
300.0883
300.088
300.0876
300.0871
300.0864
300.0856
300.0846
300.0833
300.0819
300.0803
300.0785
300.0764
300.0741
300.0717
300.0701
300.0727
300.075
300.0771
300.0789
300.0805
300.0819
300.083
300.084
300.0849
300.0856
300.0861
300.0865
300.0868
300.0869
300.0869
300.0868
300.0865
300.0861
300.0856
300.0849
300.084
300.0829
300.0817
300.0802
300.0785
300.0767
300.0745
300.0722
300.0697
300.0679
300.0705
300.0729
300.075
300.0769
300.0785
300.0799
300.0811
300.0822
300.0831
300.0838
300.0844
300.0848
300.0851
300.0852
300.0852
300.0851
300.0848
300.0844
300.0838
300.0831
300.0821
300.081
300.0797
300.0782
300.0765
300.0746
300.0724
300.07
300.0675
300.0654
300.0681
300.0705
300.0726
300.0745
300.0762
300.0777
300.079
300.0801
300.081
300.0818
300.0824
300.0828
300.0831
300.0833
300.0833
300.0831
300.0829
300.0824
300.0818
300.081
300.0801
300.0789
300.0776
300.076
300.0743
300.0723
300.0701
300.0676
300.065
300.0628
300.0655
300.0678
300.0701
300.072
300.0737
300.0753
300.0766
300.0778
300.0788
300.0796
300.0802
300.0807
300.081
300.0812
300.0812
300.081
300.0807
300.0803
300.0796
300.0788
300.0778
300.0767
300.0753
300.0737
300.0719
300.0698
300.0676
300.0651
300.0624
)
;

boundaryField
{
    fmaxY
    {
        type            zeroGradient;
    }
    fminX
    {
        type            zeroGradient;
    }
    fmaxX
    {
        type            zeroGradient;
    }
    fminY
    {
        type            zeroGradient;
    }
    fminZ
    {
        type            externalWallHeatFluxTemperature;
        mode            coefficient;
        kappaMethod     solidThermo;
        kappa           none;
        h               constant 1000000;
        Ta              uniform 313;
        thicknessLayers List<scalar> 2(1 2);
        kappaLayers     List<scalar> 2(100 200);
        qr              none;
        refValue        uniform 313;
        refGradient     uniform 0;
        valueFraction   nonuniform List<scalar> 
900
(
0.04950261
0.04950261
0.04950261
0.04950261
0.04950261
0.04950261
0.04950261
0.04950261
0.04950261
0.04950261
0.04950261
0.04950261
0.04950261
0.04950261
0.04950261
0.04950261
0.04950261
0.04950261
0.04950261
0.04950261
0.04950261
0.04950261
0.04950261
0.04950261
0.04950261
0.04950261
0.04950261
0.04950261
0.04950261
0.04950261
0.04950261
0.04950261
0.04950261
0.04950261
0.04950261
0.04950261
0.04950261
0.04950261
0.04950261
0.04950261
0.04950261
0.04950261
0.04950261
0.04950261
0.04950261
0.04950261
0.04950261
0.04950261
0.04950261
0.04950261
0.04950261
0.04950261
0.04950261
0.04950261
0.04950261
0.04950261
0.04950261
0.04950261
0.04950261
0.04950261
0.04950261
0.04950261
0.04950261
0.04950261
0.04950261
0.04950261
0.04950261
0.04950261
0.04950261
0.04950261
0.04950261
0.04950261
0.04950261
0.04950261
0.04950261
0.04950261
0.04950261
0.04950261
0.04950261
0.04950261
0.04950261
0.04950261
0.04950261
0.04950261
0.04950261
0.04950261
0.04950261
0.04950261
0.04950261
0.04950261
0.04950261
0.04950261
0.04950261
0.04950261
0.04950261
0.04950261
0.04950261
0.04950261
0.04950261
0.04950261
0.04950261
0.04950261
0.04950261
0.04950261
0.04950261
0.04950261
0.04950261
0.04950261
0.04950261
0.04950261
0.04950261
0.04950261
0.04950261
0.04950261
0.04950261
0.04950261
0.04950261
0.04950261
0.04950261
0.04950261
0.04950261
0.04950261
0.04950261
0.04950261
0.04950261
0.04950261
0.04950261
0.04950261
0.04950261
0.04950261
0.04950261
0.04950261
0.04950261
0.04950261
0.04950261
0.04950261
0.04950261
0.04950261
0.04950261
0.04950261
0.04950261
0.04950261
0.04950261
0.04950261
0.04950261
0.04950261
0.04950261
0.04950261
0.04950261
0.04950261
0.04950261
0.04950261
0.04950261
0.04950261
0.04950261
0.04950261
0.04950261
0.04950261
0.04950261
0.04950261
0.04950261
0.04950261
0.04950261
0.04950261
0.04950261
0.04950261
0.04950261
0.04950261
0.04950261
0.04950261
0.04950261
0.04950261
0.04950261
0.04950261
0.04950261
0.04950261
0.04950261
0.04950261
0.04950261
0.04950261
0.04950261
0.04950261
0.04950261
0.04950261
0.04950261
0.04950261
0.04950261
0.04950261
0.04950261
0.04950261
0.04950261
0.04950261
0.04950261
0.04950261
0.04950261
0.04950261
0.04950261
0.04950261
0.04950261
0.04950261
0.04950261
0.04950261
0.04950261
0.04950261
0.04950261
0.04950261
0.04950261
0.04950261
0.04950261
0.04950261
0.04950261
0.04950261
0.04950261
0.04950261
0.04950261
0.04950261
0.04950261
0.04950261
0.04950261
0.04950261
0.04950261
0.04950261
0.04950261
0.04950261
0.04950261
0.04950261
0.04950261
0.04950261
0.04950261
0.04950261
0.04950261
0.04950261
0.04950261
0.04950261
0.04950261
0.04950261
0.04950261
0.04950261
0.04950261
0.04950261
0.04950261
0.04950261
0.04950261
0.04950261
0.04950261
0.04950261
0.04950261
0.04950261
0.04950261
0.04950261
0.04950261
0.04950261
0.04950261
0.04950261
0.04950261
0.04950261
0.04950261
0.04950261
0.04950261
0.04950261
0.04950261
0.04950261
0.04950261
0.04950261
0.04950261
0.04950261
0.04950261
0.04950261
0.04950261
0.04950261
0.04950261
0.04950261
0.04950261
0.04950261
0.04950261
0.04950261
0.04950261
0.04950261
0.04950261
0.04950261
0.04950261
0.04950261
0.04950261
0.04950261
0.04950261
0.04950261
0.04950261
0.04950261
0.04950261
0.04950261
0.04950261
0.04950261
0.04950261
0.04950261
0.04950261
0.04950261
0.04950261
0.04950261
0.04950261
0.04950261
0.04950261
0.04950261
0.04950261
0.04950261
0.04950261
0.04950261
0.04950261
0.04950261
0.04950261
0.04950261
0.04950261
0.04950261
0.04950261
0.04950261
0.04950261
0.04950261
0.04950261
0.04950261
0.04950261
0.04950261
0.04950261
0.04950261
0.04950261
0.04950261
0.04950261
0.04950261
0.04950261
0.04950261
0.04950261
0.04950261
0.04950261
0.04950261
0.04950261
0.04950261
0.04950261
0.04950261
0.04950261
0.04950261
0.04950261
0.04950261
0.04950261
0.04950261
0.04950261
0.04950261
0.04950261
0.04950261
0.04950261
0.04950261
0.04950261
0.04950261
0.04950261
0.04950261
0.04950261
0.04950261
0.04950261
0.04950261
0.04950261
0.04950261
0.04950261
0.04950261
0.04950261
0.04950261
0.04950261
0.04950261
0.04950261
0.04950261
0.04950261
0.04950261
0.04950261
0.04950261
0.04950261
0.04950261
0.04950261
0.04950261
0.04950261
0.04950261
0.04950261
0.04950261
0.04950261
0.04950261
0.04950261
0.04950261
0.04950261
0.04950261
0.04950261
0.04950261
0.04950261
0.04950261
0.04950261
0.04950261
0.04950261
0.04950261
0.04950261
0.04950261
0.04950261
0.04950261
0.04950261
0.04950261
0.04950261
0.04950261
0.04950261
0.04950261
0.04950261
0.04950261
0.04950261
0.04950261
0.04950261
0.04950261
0.04950261
0.04950261
0.04950261
0.04950261
0.04950261
0.04950261
0.04950261
0.04950261
0.04950261
0.04950261
0.04950261
0.04950261
0.04950261
0.04950261
0.04950261
0.04950261
0.04950261
0.04950261
0.04950261
0.04950261
0.04950261
0.04950261
0.04950261
0.04950261
0.04950261
0.04950261
0.04950261
0.04950261
0.04950261
0.04950261
0.04950261
0.04950261
0.04950261
0.04950261
0.04950261
0.04950261
0.04950261
0.04950261
0.04950261
0.04950261
0.04950261
0.04950261
0.04950261
0.04950261
0.04950261
0.04950261
0.04950261
0.04950261
0.04950261
0.04950261
0.04950261
0.04950261
0.04950261
0.04950261
0.04950261
0.04950261
0.04950261
0.04950261
0.04950261
0.04950261
0.04950261
0.04950261
0.04950261
0.04950261
0.04950261
0.04950261
0.04950261
0.04950261
0.04950261
0.04950261
0.04950261
0.04950261
0.04950261
0.04950261
0.04950261
0.04950261
0.04950261
0.04950261
0.04950261
0.04950261
0.04950261
0.04950261
0.04950261
0.04950261
0.04950261
0.04950261
0.04950261
0.04950261
0.04950261
0.04950261
0.04950261
0.04950261
0.04950261
0.04950261
0.04950261
0.04950261
0.04950261
0.04950261
0.04950261
0.04950261
0.04950261
0.04950261
0.04950261
0.04950261
0.04950261
0.04950261
0.04950261
0.04950261
0.04950261
0.04950261
0.04950261
0.04950261
0.04950261
0.04950261
0.04950261
0.04950261
0.04950261
0.04950261
0.04950261
0.04950261
0.04950261
0.04950261
0.04950261
0.04950261
0.04950261
0.04950261
0.04950261
0.04950261
0.04950261
0.04950261
0.04950261
0.04950261
0.04950261
0.04950261
0.04950261
0.04950261
0.04950261
0.04950261
0.04950261
0.04950261
0.04950261
0.04950261
0.04950261
0.04950261
0.04950261
0.04950261
0.04950261
0.04950261
0.04950261
0.04950261
0.04950261
0.04950261
0.04950261
0.04950261
0.04950261
0.04950261
0.04950261
0.04950261
0.04950261
0.04950261
0.04950261
0.04950261
0.04950261
0.04950261
0.04950261
0.04950261
0.04950261
0.04950261
0.04950261
0.04950261
0.04950261
0.04950261
0.04950261
0.04950261
0.04950261
0.04950261
0.04950261
0.04950261
0.04950261
0.04950261
0.04950261
0.04950261
0.04950261
0.04950261
0.04950261
0.04950261
0.04950261
0.04950261
0.04950261
0.04950261
0.04950261
0.04950261
0.04950261
0.04950261
0.04950261
0.04950261
0.04950261
0.04950261
0.04950261
0.04950261
0.04950261
0.04950261
0.04950261
0.04950261
0.04950261
0.04950261
0.04950261
0.04950261
0.04950261
0.04950261
0.04950261
0.04950261
0.04950261
0.04950261
0.04950261
0.04950261
0.04950261
0.04950261
0.04950261
0.04950261
0.04950261
0.04950261
0.04950261
0.04950261
0.04950261
0.04950261
0.04950261
0.04950261
0.04950261
0.04950261
0.04950261
0.04950261
0.04950261
0.04950261
0.04950261
0.04950261
0.04950261
0.04950261
0.04950261
0.04950261
0.04950261
0.04950261
0.04950261
0.04950261
0.04950261
0.04950261
0.04950261
0.04950261
0.04950261
0.04950261
0.04950261
0.04950261
0.04950261
0.04950261
0.04950261
0.04950261
0.04950261
0.04950261
0.04950261
0.04950261
0.04950261
0.04950261
0.04950261
0.04950261
0.04950261
0.04950261
0.04950261
0.04950261
0.04950261
0.04950261
0.04950261
0.04950261
0.04950261
0.04950261
0.04950261
0.04950261
0.04950261
0.04950261
0.04950261
0.04950261
0.04950261
0.04950261
0.04950261
0.04950261
0.04950261
0.04950261
0.04950261
0.04950261
0.04950261
0.04950261
0.04950261
0.04950261
0.04950261
0.04950261
0.04950261
0.04950261
0.04950261
0.04950261
0.04950261
0.04950261
0.04950261
0.04950261
0.04950261
0.04950261
0.04950261
0.04950261
0.04950261
0.04950261
0.04950261
0.04950261
0.04950261
0.04950261
0.04950261
0.04950261
0.04950261
0.04950261
0.04950261
0.04950261
0.04950261
0.04950261
0.04950261
0.04950261
0.04950261
0.04950261
0.04950261
0.04950261
0.04950261
0.04950261
0.04950261
0.04950261
0.04950261
0.04950261
0.04950261
0.04950261
0.04950261
0.04950261
0.04950261
0.04950261
0.04950261
0.04950261
0.04950261
0.04950261
0.04950261
0.04950261
0.04950261
0.04950261
0.04950261
0.04950261
0.04950261
0.04950261
0.04950261
0.04950261
0.04950261
0.04950261
0.04950261
0.04950261
0.04950261
0.04950261
0.04950261
0.04950261
0.04950261
0.04950261
0.04950261
0.04950261
0.04950261
0.04950261
0.04950261
0.04950261
0.04950261
0.04950261
0.04950261
0.04950261
0.04950261
0.04950261
0.04950261
0.04950261
0.04950261
0.04950261
0.04950261
0.04950261
0.04950261
0.04950261
0.04950261
0.04950261
0.04950261
0.04950261
0.04950261
0.04950261
0.04950261
0.04950261
0.04950261
0.04950261
0.04950261
0.04950261
0.04950261
0.04950261
0.04950261
0.04950261
0.04950261
0.04950261
0.04950261
0.04950261
0.04950261
0.04950261
0.04950261
0.04950261
0.04950261
0.04950261
0.04950261
0.04950261
0.04950261
0.04950261
0.04950261
0.04950261
0.04950261
0.04950261
0.04950261
0.04950261
0.04950261
0.04950261
0.04950261
0.04950261
0.04950261
0.04950261
0.04950261
0.04950261
0.04950261
0.04950261
0.04950261
0.04950261
0.04950261
0.04950261
0.04950261
0.04950261
0.04950261
0.04950261
0.04950261
0.04950261
0.04950261
0.04950261
0.04950261
0.04950261
0.04950261
0.04950261
0.04950261
0.04950261
0.04950261
0.04950261
0.04950261
0.04950261
0.04950261
0.04950261
0.04950261
0.04950261
0.04950261
0.04950261
0.04950261
0.04950261
0.04950261
0.04950261
0.04950261
0.04950261
0.04950261
0.04950261
0.04950261
0.04950261
0.04950261
0.04950261
0.04950261
0.04950261
0.04950261
0.04950261
0.04950261
0.04950261
0.04950261
0.04950261
0.04950261
0.04950261
0.04950261
0.04950261
0.04950261
0.04950261
0.04950261
0.04950261
0.04950261
0.04950261
0.04950261
0.04950261
0.04950261
0.04950261
0.04950261
0.04950261
)
;
        value           nonuniform List<scalar> 
900
(
301.0483
301.0483
301.0484
301.0484
301.0485
301.0485
301.0485
301.0486
301.0486
301.0486
301.0486
301.0486
301.0487
301.0491
301.0491
301.0491
301.0491
301.0491
301.0487
301.0486
301.0486
301.0486
301.0486
301.0485
301.0485
301.0485
301.0484
301.0484
301.0483
301.0483
301.0483
301.0484
301.0484
301.0485
301.0485
301.0486
301.0486
301.0486
301.0486
301.0487
301.0487
301.0487
301.0487
301.0487
301.0487
301.0487
301.0487
301.0487
301.0487
301.0487
301.0487
301.0486
301.0486
301.0486
301.0486
301.0485
301.0485
301.0484
301.0484
301.0483
301.0484
301.0484
301.0485
301.0485
301.0486
301.0486
301.0486
301.0487
301.0487
301.0487
301.0487
301.0487
301.0487
301.0487
301.0487
301.0487
301.0487
301.0487
301.0487
301.0487
301.0487
301.0487
301.0487
301.0486
301.0486
301.0486
301.0485
301.0485
301.0484
301.0484
301.0484
301.0485
301.0485
301.0486
301.0486
301.0486
301.0487
301.0487
301.0487
301.0487
301.0488
301.0488
301.0488
301.0488
301.0488
301.0488
301.0488
301.0488
301.0488
301.0488
301.0487
301.0487
301.0487
301.0487
301.0486
301.0486
301.0486
301.0485
301.0485
301.0484
301.0485
301.0485
301.0486
301.0486
301.0486
301.0487
301.0487
301.0487
301.0488
301.0488
301.0488
301.0488
301.0488
301.0488
301.0488
301.0488
301.0488
301.0488
301.0488
301.0488
301.0488
301.0488
301.0487
301.0487
301.0487
301.0486
301.0486
301.0486
301.0485
301.0485
301.0485
301.0486
301.0486
301.0486
301.0487
301.0487
301.0487
301.0488
301.0488
301.0488
301.0488
301.0488
301.0488
301.0488
301.0488
301.0488
301.0488
301.0488
301.0488
301.0488
301.0488
301.0488
301.0488
301.0487
301.0487
301.0487
301.0486
301.0486
301.0486
301.0485
301.0485
301.0486
301.0486
301.0487
301.0487
301.0487
301.0488
301.0488
301.0488
301.0488
301.0488
301.0488
301.0489
301.0489
301.0489
301.0489
301.0489
301.0489
301.0488
301.0488
301.0488
301.0488
301.0488
301.0488
301.0487
301.0487
301.0487
301.0486
301.0486
301.0485
301.0486
301.0486
301.0487
301.0487
301.0487
301.0488
301.0488
301.0488
301.0488
301.0488
301.0489
301.0489
301.0489
301.0489
301.0489
301.0489
301.0489
301.0489
301.0489
301.0489
301.0488
301.0488
301.0488
301.0488
301.0488
301.0487
301.0487
301.0487
301.0486
301.0486
301.0486
301.0486
301.0487
301.0487
301.0487
301.0488
301.0488
301.0488
301.0488
301.0489
301.0489
301.0489
301.0489
301.0489
301.0489
301.0489
301.0489
301.0489
301.0489
301.0489
301.0489
301.0488
301.0488
301.0488
301.0488
301.0487
301.0487
301.0487
301.0486
301.0486
301.0486
301.0487
301.0487
301.0487
301.0488
301.0488
301.0488
301.0488
301.0489
301.0489
301.0489
301.0489
301.0489
301.0489
301.0489
301.0489
301.0489
301.0489
301.0489
301.0489
301.0489
301.0489
301.0488
301.0488
301.0488
301.0488
301.0487
301.0487
301.0487
301.0486
301.0486
301.0487
301.0487
301.0487
301.0488
301.0488
301.0488
301.0488
301.0489
301.0489
301.0489
301.0489
301.0489
301.0489
301.0489
301.0489
301.0489
301.0489
301.0489
301.0489
301.0489
301.0489
301.0488
301.0488
301.0488
301.0488
301.0487
301.0487
301.0487
301.0486
301.0486
301.0487
301.0487
301.0488
301.0488
301.0488
301.0488
301.0489
301.0489
301.0489
301.0489
301.0489
301.0489
301.0489
301.0489
301.0489
301.0489
301.0489
301.0489
301.0489
301.0489
301.0489
301.0489
301.0488
301.0488
301.0488
301.0488
301.0487
301.0487
301.0486
301.0486
301.0487
301.0487
301.0488
301.0488
301.0488
301.0488
301.0489
301.0489
301.0489
301.0489
301.0489
301.0489
301.0489
301.0489
301.0489
301.0489
301.0489
301.0489
301.0489
301.0489
301.0489
301.0489
301.0488
301.0488
301.0488
301.0488
301.0487
301.0487
301.0486
301.0487
301.0487
301.0487
301.0488
301.0488
301.0488
301.0489
301.0489
301.0489
301.0489
301.0489
301.0489
301.0489
301.0489
301.0489
301.0489
301.0489
301.0489
301.0489
301.0489
301.0489
301.0489
301.0489
301.0489
301.0488
301.0488
301.0488
301.0487
301.0487
301.0487
301.0487
301.0487
301.0487
301.0488
301.0488
301.0488
301.0489
301.0489
301.0489
301.0489
301.0489
301.0489
301.0489
301.0489
301.0489
301.0489
301.0489
301.0489
301.0489
301.0489
301.0489
301.0489
301.0489
301.0489
301.0488
301.0488
301.0488
301.0487
301.0487
301.0487
301.0487
301.0487
301.0487
301.0488
301.0488
301.0488
301.0489
301.0489
301.0489
301.0489
301.0489
301.0489
301.0489
301.0489
301.0489
301.0489
301.0489
301.0489
301.0489
301.0489
301.0489
301.0489
301.0489
301.0489
301.0488
301.0488
301.0488
301.0487
301.0487
301.0487
301.0487
301.0487
301.0487
301.0488
301.0488
301.0488
301.0489
301.0489
301.0489
301.0489
301.0489
301.0489
301.0489
301.0489
301.0489
301.0489
301.0489
301.0489
301.0489
301.0489
301.0489
301.0489
301.0489
301.0489
301.0488
301.0488
301.0488
301.0487
301.0487
301.0487
301.0486
301.0487
301.0487
301.0488
301.0488
301.0488
301.0488
301.0489
301.0489
301.0489
301.0489
301.0489
301.0489
301.0489
301.0489
301.0489
301.0489
301.0489
301.0489
301.0489
301.0489
301.0489
301.0489
301.0488
301.0488
301.0488
301.0488
301.0487
301.0487
301.0486
301.0486
301.0487
301.0487
301.0488
301.0488
301.0488
301.0488
301.0489
301.0489
301.0489
301.0489
301.0489
301.0489
301.0489
301.0489
301.0489
301.0489
301.0489
301.0489
301.0489
301.0489
301.0489
301.0489
301.0488
301.0488
301.0488
301.0488
301.0487
301.0487
301.0486
301.0486
301.0487
301.0487
301.0487
301.0488
301.0488
301.0488
301.0488
301.0489
301.0489
301.0489
301.0489
301.0489
301.0489
301.0489
301.0489
301.0489
301.0489
301.0489
301.0489
301.0489
301.0489
301.0488
301.0488
301.0488
301.0488
301.0487
301.0487
301.0487
301.0486
301.0486
301.0487
301.0487
301.0487
301.0488
301.0488
301.0488
301.0488
301.0489
301.0489
301.0489
301.0489
301.0489
301.0489
301.0489
301.0489
301.0489
301.0489
301.0489
301.0489
301.0489
301.0489
301.0488
301.0488
301.0488
301.0488
301.0487
301.0487
301.0487
301.0486
301.0486
301.0486
301.0487
301.0487
301.0487
301.0488
301.0488
301.0488
301.0488
301.0489
301.0489
301.0489
301.0489
301.0489
301.0489
301.0489
301.0489
301.0489
301.0489
301.0489
301.0489
301.0488
301.0488
301.0488
301.0488
301.0487
301.0487
301.0487
301.0486
301.0486
301.0486
301.0486
301.0487
301.0487
301.0487
301.0488
301.0488
301.0488
301.0488
301.0488
301.0488
301.0489
301.0489
301.0488
301.0488
301.0488
301.0488
301.0488
301.0488
301.0488
301.0488
301.0488
301.0488
301.0488
301.0488
301.0487
301.0487
301.0487
301.0486
301.0486
301.0485
301.0486
301.0486
301.0487
301.0487
301.0487
301.0488
301.0488
301.0488
301.0488
301.0488
301.0488
301.0488
301.0484
301.0483
301.0483
301.0483
301.0483
301.0484
301.0488
301.0488
301.0488
301.0488
301.0488
301.0487
301.0487
301.0487
301.0486
301.0486
301.0485
301.0485
301.0485
301.0486
301.0486
301.0487
301.0487
301.0487
301.0488
301.0488
301.0488
301.0488
301.0488
301.0488
301.0483
301.0483
301.0483
301.0483
301.0483
301.0483
301.0488
301.0488
301.0488
301.0488
301.0487
301.0487
301.0487
301.0486
301.0486
301.0485
301.0485
301.0485
301.0485
301.0486
301.0486
301.0486
301.0487
301.0487
301.0487
301.0487
301.0488
301.0488
301.0488
301.0488
301.0483
301.0483
301.0483
301.0483
301.0483
301.0483
301.0487
301.0488
301.0487
301.0487
301.0487
301.0487
301.0486
301.0486
301.0486
301.0485
301.0485
301.0484
301.0485
301.0485
301.0486
301.0486
301.0486
301.0487
301.0487
301.0487
301.0487
301.0487
301.0488
301.0487
301.0483
301.0482
301.0482
301.0482
301.0482
301.0482
301.0487
301.0487
301.0487
301.0487
301.0487
301.0486
301.0486
301.0486
301.0485
301.0485
301.0484
301.0484
301.0484
301.0485
301.0485
301.0486
301.0486
301.0486
301.0486
301.0487
301.0487
301.0487
301.0487
301.0487
301.0482
301.0482
301.0482
301.0482
301.0482
301.0482
301.0487
301.0487
301.0487
301.0487
301.0486
301.0486
301.0486
301.0485
301.0485
301.0484
301.0484
301.0483
301.0484
301.0484
301.0485
301.0485
301.0485
301.0486
301.0486
301.0486
301.0486
301.0487
301.0487
301.0486
301.0482
301.0482
301.0481
301.0481
301.0481
301.0482
301.0486
301.0486
301.0487
301.049
301.0486
301.0485
301.0485
301.0485
301.0484
301.0484
301.0483
301.0483
301.0483
301.0484
301.0484
301.0485
301.0485
301.0485
301.0486
301.0486
301.0486
301.0486
301.0486
301.0486
301.0486
301.0481
301.0481
301.0481
301.0481
301.0481
301.0486
301.0486
301.0486
301.0486
301.0485
301.0485
301.0485
301.0484
301.0484
301.0483
301.0483
)
;
    }
    floor_to_air
    {
        type            compressible::turbulentTemperatureRadCoupledMixed;
        refValue        nonuniform List<scalar> 
900
(
300.0022
300.0168
300.0281
300.038
300.0473
300.056
300.0642
300.072
300.0793
300.0863
300.093
300.0993
300.1053
300.1109
300.1162
300.1211
300.1256
300.1297
300.1332
300.1364
300.139
300.1412
300.143
300.1444
300.1455
300.1462
300.1467
300.1471
300.1472
300.1472
300.0024
300.0175
300.0288
300.0387
300.0479
300.0566
300.0648
300.0726
300.0799
300.0869
300.0936
300.1
300.106
300.1118
300.1171
300.122
300.1266
300.1306
300.1342
300.1373
300.1399
300.1421
300.1439
300.1452
300.1462
300.147
300.1474
300.1477
300.1478
300.1479
300.0025
300.0181
300.0297
300.0397
300.0489
300.0575
300.0657
300.0735
300.0809
300.088
300.0948
300.1013
300.1074
300.1132
300.1187
300.1237
300.1283
300.1324
300.136
300.139
300.1416
300.1438
300.1454
300.1467
300.1476
300.1483
300.1487
300.1489
300.149
300.149
300.0026
300.0187
300.0306
300.0407
300.0499
300.0586
300.0668
300.0747
300.0822
300.0894
300.0964
300.103
300.1093
300.1153
300.1209
300.1261
300.1307
300.1349
300.1385
300.1416
300.1441
300.1461
300.1477
300.1488
300.1496
300.1501
300.1504
300.1505
300.1505
300.1505
300.0027
300.0193
300.0314
300.0416
300.051
300.0597
300.0681
300.076
300.0837
300.0912
300.0983
300.1052
300.1118
300.118
300.1238
300.1291
300.134
300.1382
300.1419
300.1449
300.1473
300.1492
300.1506
300.1516
300.1522
300.1525
300.1526
300.1526
300.1525
300.1524
300.0028
300.0197
300.0321
300.0425
300.052
300.0609
300.0694
300.0776
300.0855
300.0932
300.1006
300.1078
300.1147
300.1212
300.1274
300.133
300.138
300.1423
300.146
300.149
300.1513
300.153
300.1542
300.155
300.1553
300.1554
300.1553
300.1551
300.1549
300.1547
300.0029
300.0201
300.0327
300.0434
300.0531
300.0622
300.0709
300.0793
300.0874
300.0954
300.1032
300.1108
300.1181
300.125
300.1315
300.1374
300.1426
300.1471
300.1508
300.1537
300.1559
300.1574
300.1584
300.1588
300.1589
300.1587
300.1584
300.158
300.1576
300.1573
300.0029
300.0204
300.0333
300.0442
300.0541
300.0634
300.0723
300.081
300.0895
300.0979
300.1061
300.1141
300.1219
300.1292
300.1361
300.1423
300.1478
300.1524
300.1562
300.159
300.1611
300.1623
300.1629
300.163
300.1628
300.1623
300.1617
300.161
300.1604
300.16
300.003
300.0206
300.0338
300.045
300.0551
300.0647
300.0738
300.0828
300.0916
300.1004
300.1091
300.1176
300.1259
300.1337
300.1411
300.1477
300.1535
300.1583
300.1621
300.1648
300.1666
300.1676
300.1678
300.1676
300.1669
300.166
300.1651
300.1641
300.1634
300.1628
300.003
300.0209
300.0342
300.0456
300.056
300.0658
300.0753
300.0846
300.0938
300.103
300.1121
300.1211
300.13
300.1384
300.1462
300.1533
300.1594
300.1644
300.1683
300.1709
300.1725
300.1731
300.1729
300.1722
300.1711
300.1698
300.1685
300.1673
300.1663
300.1656
300.003
300.021
300.0346
300.0463
300.0569
300.0669
300.0766
300.0862
300.0958
300.1054
300.115
300.1246
300.134
300.143
300.1514
300.1589
300.1654
300.1706
300.1745
300.177
300.1783
300.1785
300.1779
300.1767
300.1751
300.1734
300.1717
300.1702
300.169
300.1682
300.0031
300.0212
300.035
300.0468
300.0576
300.0678
300.0778
300.0877
300.0976
300.1076
300.1177
300.1278
300.1377
300.1473
300.1562
300.1643
300.1711
300.1766
300.1805
300.1828
300.1838
300.1836
300.1825
300.1808
300.1788
300.1767
300.1746
300.1728
300.1713
300.1704
300.0031
300.0213
300.0352
300.0472
300.0581
300.0686
300.0788
300.0889
300.0991
300.1095
300.1199
300.1305
300.1408
300.1509
300.1604
300.1689
300.1761
300.1817
300.1857
300.1879
300.1886
300.188
300.1865
300.1842
300.1816
300.1791
300.1767
300.1746
300.173
300.172
300.0035
300.0215
300.0354
300.0475
300.0586
300.0691
300.0795
300.0898
300.1002
300.1108
300.1216
300.1324
300.1432
300.1537
300.1635
300.1723
300.1798
300.1856
300.1896
300.1917
300.1922
300.1913
300.1893
300.1855
300.1823
300.1794
300.1767
300.1744
300.1727
300.1725
300.0036
300.0216
300.0355
300.0476
300.0588
300.0694
300.0799
300.0903
300.1008
300.1116
300.1225
300.1335
300.1445
300.1552
300.1652
300.1743
300.1819
300.1878
300.1918
300.1939
300.1942
300.1931
300.1909
300.1868
300.1833
300.1801
300.1773
300.1749
300.173
300.1719
300.0036
300.0216
300.0355
300.0477
300.0588
300.0695
300.0799
300.0903
300.1009
300.1116
300.1226
300.1336
300.1446
300.1553
300.1653
300.1744
300.182
300.1879
300.1919
300.194
300.1943
300.1932
300.191
300.1868
300.1833
300.1801
300.1773
300.1748
300.173
300.1718
300.0036
300.0215
300.0355
300.0475
300.0586
300.0692
300.0796
300.09
300.1004
300.111
300.1218
300.1327
300.1435
300.154
300.1638
300.1727
300.1802
300.186
300.1899
300.1921
300.1925
300.1916
300.1895
300.1856
300.1822
300.1792
300.1765
300.1741
300.1723
300.1712
300.0035
300.0215
300.0353
300.0473
300.0583
300.0688
300.079
300.0892
300.0994
300.1098
300.1203
300.1309
300.1413
300.1514
300.1609
300.1694
300.1766
300.1823
300.1862
300.1885
300.1892
300.1885
300.1868
300.1832
300.1802
300.1774
300.1749
300.1728
300.1711
300.17
300.0031
300.0212
300.035
300.0469
300.0578
300.0681
300.0781
300.0881
300.098
300.1081
300.1182
300.1284
300.1383
300.1479
300.1569
300.165
300.1719
300.1774
300.1813
300.1836
300.1846
300.1843
300.1831
300.1801
300.1776
300.1752
300.1731
300.1712
300.1697
300.1687
300.003
300.0211
300.0347
300.0464
300.0571
300.0672
300.077
300.0866
300.0963
300.106
300.1157
300.1253
300.1348
300.1438
300.1523
300.1599
300.1664
300.1716
300.1755
300.178
300.1793
300.1794
300.1787
300.1773
300.1756
300.1738
300.172
300.1705
300.1692
300.1683
300.003
300.0209
300.0343
300.0458
300.0563
300.0661
300.0757
300.085
300.0944
300.1036
300.1129
300.122
300.1309
300.1394
300.1473
300.1544
300.1606
300.1656
300.1694
300.1721
300.1736
300.1742
300.1739
300.1731
300.172
300.1706
300.1692
300.168
300.1669
300.1662
300.003
300.0207
300.0339
300.0451
300.0553
300.065
300.0743
300.0833
300.0923
300.1011
300.1099
300.1186
300.1269
300.1349
300.1423
300.149
300.1548
300.1596
300.1634
300.1662
300.1679
300.1688
300.169
300.1687
300.168
300.167
300.166
300.1651
300.1643
300.1638
300.0029
300.0204
300.0333
300.0443
300.0543
300.0637
300.0728
300.0816
300.0902
300.0987
300.107
300.1152
300.123
300.1305
300.1374
300.1437
300.1492
300.1539
300.1577
300.1605
300.1625
300.1637
300.1643
300.1643
300.164
300.1634
300.1628
300.1621
300.1623
300.1614
300.0029
300.02
300.0327
300.0435
300.0533
300.0625
300.0713
300.0798
300.0881
300.0963
300.1042
300.1119
300.1193
300.1264
300.1329
300.1389
300.1441
300.1487
300.1524
300.1553
300.1574
300.1589
300.1598
300.1602
300.1602
300.16
300.1596
300.1591
300.1588
300.1585
300.0028
300.0196
300.032
300.0425
300.0521
300.0611
300.0698
300.0781
300.0862
300.094
300.1016
300.109
300.116
300.1227
300.1289
300.1346
300.1396
300.144
300.1477
300.1506
300.1529
300.1546
300.1558
300.1564
300.1567
300.1568
300.1566
300.1564
300.1561
300.1559
300.0027
300.0191
300.0312
300.0415
300.0509
300.0598
300.0683
300.0765
300.0844
300.092
300.0994
300.1064
300.1131
300.1195
300.1254
300.1308
300.1357
300.1399
300.1436
300.1466
300.149
300.1509
300.1522
300.1531
300.1537
300.1539
300.154
300.1539
300.1538
300.1537
300.0026
300.0185
300.0303
300.0404
300.0497
300.0586
300.067
300.075
300.0828
300.0903
300.0974
300.1042
300.1107
300.1168
300.1225
300.1278
300.1325
300.1367
300.1403
300.1433
300.1458
300.1478
300.1493
300.1504
300.1511
300.1516
300.1518
300.1519
300.1519
300.1518
300.0025
300.0178
300.0293
300.0393
300.0485
300.0573
300.0658
300.0738
300.0815
300.0888
300.0958
300.1025
300.1088
300.1148
300.1203
300.1254
300.13
300.1342
300.1378
300.1408
300.1434
300.1455
300.1471
300.1483
300.1492
300.1498
300.1501
300.1503
300.1503
300.1503
300.0024
300.017
300.0283
300.0382
300.0475
300.0563
300.0647
300.0728
300.0804
300.0877
300.0947
300.1012
300.1075
300.1133
300.1188
300.1238
300.1284
300.1324
300.136
300.1391
300.1417
300.1439
300.1456
300.1469
300.1478
300.1485
300.1489
300.1491
300.1492
300.1492
300.0021
300.0163
300.0274
300.0373
300.0467
300.0556
300.064
300.0721
300.0798
300.0871
300.094
300.1005
300.1067
300.1125
300.1179
300.1229
300.1274
300.1315
300.1351
300.1382
300.1408
300.143
300.1447
300.146
300.147
300.1477
300.1482
300.1485
300.1486
300.1486
)
;
        refGradient     nonuniform List<scalar> 
900
(
0.8698825
0.9169587
0.9596389
0.9980251
1.032245
1.062451
1.088817
1.111532
1.131134
1.147542
1.16064
1.170745
1.178389
1.183544
1.186024
1.185657
1.18256
1.176796
1.168237
1.15683
1.142299
1.124443
1.10322
1.078614
1.050374
1.018338
0.9823559
0.9422914
0.8980269
0.8494673
0.9181243
0.9643642
1.006147
1.043598
1.076872
1.106145
1.131612
1.153478
1.172287
1.187983
1.200489
1.210127
1.217394
1.222278
1.224599
1.224223
1.221264
1.215747
1.207528
1.196539
1.182544
1.165343
1.144848
1.121011
1.093595
1.062422
1.027321
0.9881312
0.9447102
0.8969373
0.9620242
1.007372
1.048206
1.084677
1.116964
1.145269
1.169806
1.190795
1.208788
1.223748
1.235641
1.244796
1.25167
1.256277
1.258442
1.258061
1.255233
1.249967
1.242099
1.231545
1.218102
1.201575
1.181831
1.158789
1.132227
1.101953
1.067774
1.029506
0.9869826
0.9400573
1.00168
1.046103
1.085962
1.121432
1.152716
1.180038
1.203634
1.223745
1.240909
1.255128
1.266404
1.275067
1.281546
1.285874
1.287883
1.287499
1.284798
1.279783
1.272269
1.262156
1.249269
1.233418
1.214431
1.192187
1.16649
1.137129
1.10389
1.066568
1.024971
0.9789295
1.037214
1.080705
1.119587
1.154058
1.184346
1.210695
1.23336
1.252605
1.26895
1.282439
1.293105
1.301278
1.307368
1.311421
1.313284
1.312891
1.310313
1.305543
1.298376
1.288698
1.276358
1.261171
1.24293
1.221472
1.196629
1.168173
1.13587
1.099494
1.058828
1.01368
1.068765
1.111342
1.14927
1.182769
1.212088
1.237493
1.259259
1.277666
1.293218
1.306003
1.316078
1.323777
1.329489
1.333279
1.335004
1.334597
1.332138
1.3276
1.320767
1.311509
1.299695
1.285146
1.267621
1.246921
1.222904
1.195325
1.163932
1.128477
1.088723
1.044454
1.096492
1.138193
1.17521
1.207784
1.236183
1.260694
1.281608
1.299221
1.314027
1.326145
1.335663
1.342908
1.348263
1.351802
1.353399
1.352975
1.350628
1.346308
1.339787
1.330924
1.319605
1.305655
1.288802
1.268816
1.245579
1.21883
1.188301
1.153725
1.114844
1.07142
1.120563
1.161442
1.197609
1.229323
1.256871
1.280553
1.300679
1.317557
1.331677
1.343174
1.352177
1.359002
1.364026
1.367337
1.368809
1.368368
1.366124
1.362003
1.355769
1.347268
1.336403
1.323003
1.306766
1.287439
1.26492
1.238938
1.209209
1.17545
1.137387
1.09476
1.141372
1.181481
1.21685
1.247755
1.2745
1.297403
1.316791
1.332983
1.346464
1.357384
1.365906
1.372339
1.377056
1.380158
1.381512
1.381054
1.378905
1.374972
1.369005
1.360841
1.350401
1.33751
1.321848
1.303135
1.281294
1.256038
1.227068
1.194081
1.156785
1.114905
1.158881
1.198298
1.232951
1.263133
1.289162
1.311372
1.3301
1.345676
1.358586
1.368991
1.377083
1.383166
1.387609
1.390526
1.391771
1.3913
1.389232
1.385467
1.379737
1.371872
1.36181
1.349374
1.334227
1.316065
1.294828
1.270217
1.241921
1.209625
1.173019
1.131812
1.173043
1.211888
1.24595
1.275532
1.300966
1.322597
1.340774
1.355838
1.368268
1.378241
1.385967
1.391755
1.395967
1.398725
1.399878
1.399395
1.397392
1.393768
1.388237
1.380626
1.370879
1.35882
1.344097
1.326391
1.305652
1.281575
1.253838
1.222112
1.186076
1.145424
1.1841
1.222498
1.256092
1.285198
1.310155
1.331321
1.349053
1.363701
1.375742
1.385369
1.392794
1.398342
1.402369
1.404996
1.406075
1.405584
1.403634
1.400123
1.394753
1.387342
1.377843
1.366088
1.351706
1.334365
1.314028
1.290379
1.263088
1.231815
1.196227
1.156009
1.192412
1.230464
1.263682
1.292405
1.316983
1.33778
1.35516
1.369482
1.381217
1.390572
1.397761
1.403122
1.407009
1.409531
1.41055
1.410051
1.408142
1.404718
1.399478
1.392227
1.382923
1.371409
1.357296
1.340263
1.320245
1.296937
1.270003
1.239095
1.20387
1.163988
1.619448
1.235783
1.268748
1.297201
1.321512
1.342051
1.359187
1.373281
1.384805
1.393974
1.401
1.406228
1.410015
1.412463
1.41344
1.412936
1.411054
1.407692
1.402544
1.395405
1.38624
1.374897
1.36099
0.8746457
0.8548686
0.8318009
0.8051182
0.7744688
0.7394876
1.169394
1.622271
1.238472
1.271293
1.299602
1.323775
1.344182
1.361192
1.375168
1.386578
1.395648
1.402588
1.407745
1.41148
1.41389
1.414845
1.414338
1.41247
1.409139
1.404039
1.396958
1.387866
1.376614
1.362808
0.8765908
0.8569321
0.8339902
0.8074401
0.7769302
0.7421077
0.7026278
1.62225
1.238452
1.271274
1.299583
1.323756
1.344162
1.361171
1.375146
1.386556
1.395624
1.402563
1.407721
1.411455
1.413863
1.414817
1.41431
1.412441
1.40911
1.40401
1.396927
1.387835
1.376583
1.362777
0.8765606
0.8569025
0.8339613
0.8074118
0.7769024
0.7420813
0.7026198
1.619377
1.235726
1.268692
1.297144
1.321455
1.341993
1.359127
1.37322
1.384742
1.393909
1.400931
1.406157
1.409942
1.412387
1.413361
1.412855
1.410972
1.407608
1.402459
1.395317
1.386152
1.374808
1.360902
0.874577
0.8548018
0.8317356
0.8050549
0.7744083
0.7394476
0.6998416
1.613761
1.230355
1.263587
1.292308
1.316884
1.337678
1.355056
1.369375
1.381107
1.39046
1.397645
1.403004
1.406887
1.409405
1.41042
1.409918
1.408005
1.40458
1.399338
1.392082
1.382777
1.371263
1.357169
0.8706404
0.8506427
0.8273386
0.8004076
0.7695034
0.7342841
0.6944243
1.183943
1.222352
1.255944
1.285044
1.309997
1.331159
1.348886
1.363529
1.375566
1.385188
1.392609
1.398154
1.402177
1.4048
1.405874
1.405379
1.403426
1.399912
1.394538
1.387123
1.377623
1.365868
1.351505
0.8646702
0.8443548
0.8207112
0.7934253
0.7621584
0.7265772
0.6863671
1.172814
1.211653
1.245708
1.275282
1.300709
1.322332
1.340501
1.355556
1.367979
1.377944
1.385664
1.391446
1.395654
1.398407
1.399555
1.399069
1.397063
1.393437
1.387903
1.380288
1.370541
1.358483
1.343764
1.32608
1.305348
1.281279
1.253551
1.221834
1.185807
1.145165
1.158553
1.197959
1.232601
1.262772
1.288789
1.310987
1.329703
1.345268
1.358167
1.368561
1.376645
1.382719
1.387156
1.390066
1.391307
1.390832
1.388761
1.384995
1.379264
1.3714
1.361339
1.348906
1.333764
1.31561
1.294381
1.269781
1.241497
1.209213
1.17262
1.131428
1.140943
1.181037
1.216391
1.247281
1.274009
1.296897
1.316268
1.332444
1.34591
1.356816
1.365327
1.371749
1.376458
1.379554
1.380903
1.380442
1.378291
1.374357
1.36839
1.360229
1.349793
1.336909
1.321254
1.302553
1.280724
1.255483
1.226528
1.193557
1.156263
1.114416
1.120014
1.160875
1.197021
1.228715
1.256242
1.279903
1.300008
1.316865
1.330966
1.342446
1.351434
1.358245
1.363259
1.366563
1.36803
1.367585
1.365341
1.361221
1.35499
1.346494
1.335637
1.322246
1.306022
1.286709
1.264208
1.238245
1.208536
1.174782
1.558209
1.094134
1.095796
1.137471
1.174463
1.20701
1.235382
1.259866
1.280753
1.29834
1.313122
1.325218
1.334717
1.341945
1.347287
1.350819
1.352409
1.351982
1.349636
1.345318
1.338804
1.32995
1.318642
1.304706
1.28787
1.267905
1.24469
1.217966
1.187463
1.152912
1.114043
1.070662
1.067922
1.110468
1.148364
1.181831
1.211117
1.23649
1.258223
1.276598
1.292122
1.304882
1.314934
1.322613
1.32831
1.33209
1.33381
1.333401
1.330942
1.326409
1.319584
1.310339
1.29854
1.28401
1.266506
1.245832
1.221843
1.194293
1.162931
1.127507
1.087786
1.04355
1.036228
1.079682
1.118527
1.15296
1.18321
1.209521
1.232149
1.251357
1.267669
1.28113
1.291769
1.29992
1.305992
1.310036
1.311893
1.311499
1.308922
1.304158
1.297003
1.28734
1.275019
1.259855
1.241639
1.220211
1.195401
1.166979
1.134712
1.098372
1.057744
1.012633
1.000555
1.044936
1.084753
1.12018
1.151421
1.178701
1.202256
1.222325
1.239454
1.253641
1.264887
1.273525
1.279986
1.284302
1.286307
1.285921
1.283222
1.278216
1.270715
1.26062
1.247755
1.231931
1.212973
1.190763
1.165102
1.13578
1.102581
1.065301
1.023745
0.9777457
0.9607666
1.006068
1.046855
1.083279
1.11552
1.143777
1.168269
1.189214
1.207168
1.222093
1.233955
1.243082
1.249937
1.254532
1.256691
1.25631
1.253484
1.248228
1.240376
1.229843
1.216425
1.199927
1.180215
1.15721
1.130689
1.100457
1.066322
1.0281
0.9856224
0.9387434
0.9167414
0.9629307
1.004663
1.042063
1.075286
1.104509
1.129927
1.151747
1.170514
1.186173
1.198645
1.208255
1.215501
1.220373
1.222688
1.222311
1.219357
1.21385
1.205648
1.194682
1.180715
1.163546
1.143086
1.119289
1.091917
1.06079
1.025736
0.9865952
0.9432237
0.8955009
0.8683822
0.9154023
0.9580315
0.9963612
1.030529
1.06068
1.086995
1.109661
1.129221
1.145587
1.158652
1.168728
1.17635
1.181493
1.183966
1.183598
1.180507
1.174755
1.166214
1.154831
1.14033
1.122508
1.101323
1.076759
1.048565
1.016579
0.9806471
0.9406345
0.896423
0.8479168
)
;
        valueFraction   nonuniform List<scalar> 
900
(
0.009024859
0.006972742
0.006733439
0.006770336
0.006859445
0.006957606
0.007050932
0.007134708
0.007207867
0.007270878
0.007324848
0.007371147
0.007411249
0.007446614
0.007478528
0.007507981
0.007535621
0.007561828
0.007586821
0.007610749
0.007633737
0.007655893
0.007677293
0.007697987
0.00771802
0.007737475
0.007756546
0.007775702
0.007795928
0.007816368
0.009020066
0.006980169
0.006749813
0.006785229
0.006868246
0.006959608
0.007046907
0.00712572
0.007194905
0.007254766
0.007306238
0.007350543
0.007389018
0.007423009
0.007453715
0.007482082
0.007508753
0.007534124
0.00755843
0.007581828
0.007604433
0.007626333
0.007647591
0.007668261
0.007688428
0.007708289
0.007728277
0.007749297
0.007773217
0.007800254
0.009021593
0.007002103
0.006777034
0.0068109
0.006888014
0.00697197
0.007052129
0.007124704
0.007188639
0.007244126
0.007291946
0.007333173
0.007369022
0.007400732
0.007429439
0.007456063
0.007481261
0.007505457
0.007528909
0.007551775
0.007574147
0.007596074
0.00761758
0.007638697
0.007659528
0.007680347
0.007701745
0.007724873
0.007751863
0.007782332
0.009023559
0.007022338
0.006801588
0.006835403
0.006908757
0.006986926
0.007060782
0.007127331
0.007185816
0.007236483
0.007280076
0.007317607
0.007350224
0.007379114
0.007405383
0.00742996
0.00745354
0.00747659
0.007499389
0.007522079
0.007544698
0.007567219
0.007589586
0.007611765
0.007633829
0.007656055
0.00767907
0.007704073
0.007733158
0.007765236
0.009025265
0.007038248
0.006820483
0.006854901
0.006926196
0.007000333
0.007069173
0.007130417
0.007183687
0.00722941
0.007268414
0.007301747
0.007330583
0.00735613
0.00737953
0.007401763
0.007423555
0.007445465
0.007467814
0.00749071
0.007514101
0.007537831
0.007561705
0.007585562
0.007609377
0.007633375
0.007658145
0.007684817
0.007715347
0.00774813
0.009026828
0.007050477
0.006833748
0.006868631
0.006938761
0.007010101
0.007075022
0.007131713
0.007180136
0.007220946
0.007255123
0.007283844
0.007308387
0.007330047
0.007350037
0.007369511
0.007389419
0.007410343
0.007432573
0.007456139
0.007480853
0.007506388
0.007532372
0.007558491
0.007584599
0.007610783
0.007637518
0.007665815
0.007697472
0.007730524
0.00902834
0.007059963
0.00684233
0.006877144
0.006946392
0.007015605
0.007077325
0.007130018
0.0071739
0.007209831
0.007238978
0.007262686
0.007282353
0.007299534
0.007315778
0.007332371
0.007350358
0.007370425
0.007392873
0.007417629
0.007444313
0.00747236
0.007501151
0.00753015
0.007559016
0.007587717
0.0076166
0.007646541
0.007679175
0.007712268
0.009029802
0.00706744
0.006847354
0.006881468
0.006949768
0.00701712
0.007076016
0.007125036
0.007164547
0.007195571
0.007219444
0.007237649
0.007251999
0.0072643
0.007276328
0.007289663
0.007305563
0.007324864
0.007347883
0.007374411
0.007403804
0.007435158
0.007467529
0.007500099
0.007532306
0.00756395
0.007595247
0.007626949
0.007660558
0.007693641
0.009031188
0.007073417
0.006849824
0.006882674
0.006949826
0.007015358
0.007071586
0.007117088
0.007152294
0.007178323
0.007196625
0.007209058
0.007217619
0.007224462
0.007231718
0.007241335
0.007254891
0.007273465
0.007297406
0.007326338
0.007359269
0.007394824
0.007431616
0.007468472
0.007504587
0.007539591
0.00757358
0.007607203
0.007641861
0.007674966
0.009032469
0.007078225
0.006850555
0.006881738
0.006947537
0.007011215
0.007064842
0.007106917
0.007137863
0.007158826
0.007171484
0.00717782
0.007180143
0.007180949
0.007182821
0.007188278
0.007200742
0.007219728
0.007244823
0.007275536
0.007311505
0.007351994
0.007394065
0.007435924
0.007476465
0.007515184
0.007552094
0.007587778
0.007623569
0.007656766
0.009033612
0.007082065
0.006850192
0.006879503
0.006943827
0.007005647
0.007056759
0.007095541
0.007122348
0.007138407
0.007145413
0.00714554
0.007141327
0.007135681
0.007134128
0.007139184
0.007150536
0.007169226
0.00719556
0.007228874
0.007267669
0.007310031
0.007356315
0.007403608
0.007448955
0.007491606
0.00753155
0.007569357
0.007606334
0.007639693
0.00903458
0.007085044
0.006849238
0.006876682
0.006939536
0.006999591
0.00704838
0.007084138
0.007107174
0.00711865
0.007120321
0.007114451
0.0071038
0.007094705
0.007091169
0.007093076
0.007102422
0.007120714
0.00714833
0.007184409
0.00722706
0.007273802
0.007322232
0.007373369
0.007423449
0.007469996
0.007512898
0.007552758
0.007590898
0.007624474
0.009035332
0.007087213
0.006848073
0.006873851
0.006935386
0.006993902
0.007040707
0.007073919
0.007093748
0.007101315
0.007098368
0.007087208
0.007071601
0.007061114
0.00705396
0.007052768
0.00706026
0.007078198
0.007106986
0.007145582
0.007191747
0.007242572
0.007295086
0.007347495
0.007401622
0.007451663
0.007497191
0.007538863
0.00757804
0.007611842
0.009034827
0.007088577
0.006846968
0.00687145
0.006931947
0.006989282
0.007034601
0.007065921
0.007083377
0.007088045
0.007081642
0.007066509
0.007049489
0.007035963
0.007025785
0.00702221
0.007028282
0.007045941
0.007075624
0.00711615
0.007165005
0.007218944
0.007274661
0.007330297
0.007386215
0.007438864
0.007486408
0.007529463
0.007569433
0.007602487
0.009035083
0.007089157
0.0068461
0.00686977
0.006929606
0.006986218
0.007030664
0.007060905
0.007077036
0.007080101
0.007071794
0.00705448
0.007036771
0.007021491
0.007009628
0.007004733
0.00701001
0.007027505
0.007057674
0.007099265
0.007149607
0.007205266
0.007262751
0.007319987
0.007376579
0.007430649
0.007479315
0.007523146
0.007563588
0.007597773
0.00903508
0.007088935
0.00684554
0.00686894
0.00692854
0.006984938
0.007029188
0.007059252
0.007075227
0.007078156
0.007069736
0.007052331
0.007034554
0.007019221
0.007007322
0.007002402
0.007007667
0.007025159
0.007055334
0.007096943
0.007147317
0.007203021
0.007260564
0.007317868
0.007374521
0.007428661
0.007477392
0.007521278
0.007561763
0.007595988
0.009034807
0.007087899
0.006845262
0.006868924
0.006928704
0.006985388
0.007030113
0.007060895
0.007077874
0.007082129
0.007075382
0.007059975
0.007042751
0.007029065
0.007018779
0.007015138
0.007021179
0.00703884
0.007068555
0.007109151
0.007158115
0.007212203
0.007268105
0.007323958
0.007380071
0.007432934
0.007480673
0.007523894
0.007564002
0.007598138
0.009034285
0.007086036
0.006845144
0.006869519
0.006929829
0.006987231
0.007033018
0.007065309
0.00708432
0.007091179
0.007087642
0.007076011
0.00706006
0.007049299
0.007041968
0.007040679
0.007048143
0.007066113
0.007094994
0.007133747
0.007180134
0.007231244
0.007284107
0.007337809
0.007392352
0.007442775
0.007488644
0.007530597
0.007569987
0.007603956
0.009034543
0.007083339
0.006844964
0.006870365
0.006931438
0.006989871
0.007037178
0.007071599
0.007093447
0.007103899
0.007104716
0.007098167
0.007087007
0.007077541
0.00707377
0.00707557
0.007084922
0.00710332
0.007131138
0.007167512
0.007210548
0.007257757
0.00730672
0.007359329
0.007410006
0.007457105
0.007500493
0.007540752
0.007579182
0.007612945
0.009033575
0.007079748
0.006844397
0.006870953
0.006932872
0.006992504
0.00704162
0.007078601
0.007103826
0.00711852
0.007124402
0.007123642
0.007118775
0.007112694
0.007110843
0.00711581
0.007127245
0.007146165
0.007172865
0.007206672
0.007246071
0.007289128
0.007336101
0.007384182
0.007430307
0.007473685
0.007514267
0.007552591
0.007589927
0.007623472
0.009032424
0.007075206
0.006843016
0.006870637
0.006933324
0.006994174
0.00704523
0.007085001
0.007113929
0.007133194
0.00714446
0.007149723
0.007151279
0.007151602
0.00715325
0.007158718
0.007171304
0.007190677
0.007216356
0.007247822
0.007284639
0.007326071
0.007369156
0.007412056
0.00745361
0.007493264
0.007530987
0.007567323
0.007603558
0.007636967
0.009031136
0.00706959
0.006840282
0.006868643
0.006931871
0.006993845
0.00704686
0.007089517
0.007122272
0.00714626
0.007162957
0.007174175
0.007181914
0.007188291
0.007195398
0.007205151
0.007219099
0.007238288
0.007263049
0.007292985
0.007327069
0.007363892
0.007402012
0.007440201
0.007477591
0.007513762
0.007548757
0.007583179
0.007618367
0.007651731
0.009029744
0.007062698
0.006835521
0.006864073
0.006927507
0.006990462
0.007045432
0.00709104
0.007127684
0.007156394
0.007178485
0.007195444
0.007209015
0.007220957
0.007232991
0.00724666
0.007263183
0.007283372
0.007307518
0.007335384
0.007366282
0.007399254
0.007433293
0.007467511
0.00750128
0.00753434
0.00756685
0.007599499
0.007632875
0.007667118
0.00902828
0.007054209
0.006827912
0.006855918
0.00691919
0.006983038
0.007040053
0.007088771
0.007129435
0.007162888
0.007190243
0.00721277
0.007231806
0.007248863
0.007265358
0.007282551
0.007301443
0.0073227
0.007346603
0.007373047
0.0074016
0.00743163
0.007462442
0.007493418
0.007524144
0.007554519
0.007584829
0.007615893
0.007649273
0.007682731
0.009026773
0.007043663
0.006816484
0.006843102
0.006905943
0.0069708
0.007030184
0.00708239
0.007127383
0.007165733
0.0071983
0.00722613
0.007250376
0.007272193
0.007292751
0.007313157
0.007334282
0.007356699
0.007380703
0.007406297
0.007433236
0.007461114
0.007489468
0.007517891
0.007546152
0.007574266
0.007602641
0.007632227
0.007664752
0.007698216
0.00902524
0.007030436
0.006800207
0.006824655
0.006887096
0.00695347
0.007015929
0.007072317
0.00712218
0.007165736
0.007203576
0.007236531
0.007265588
0.007291792
0.007316161
0.007339591
0.007362847
0.00738651
0.007410906
0.007436124
0.007462054
0.007488451
0.007515014
0.007541481
0.007567728
0.007593898
0.00762051
0.007648628
0.007680138
0.00771339
0.009023644
0.007013783
0.006778292
0.006800173
0.006862834
0.00693182
0.006998519
0.007060088
0.007115532
0.007164677
0.007207863
0.007245776
0.007279305
0.007309427
0.007337104
0.007363211
0.007388473
0.007413432
0.007438432
0.007463624
0.007488998
0.007514427
0.007539736
0.007564772
0.007589498
0.0076141
0.007639129
0.007665712
0.007695872
0.007728471
0.009021894
0.006993101
0.006750846
0.006770666
0.006835052
0.006908379
0.006980801
0.007048631
0.007110292
0.007165262
0.007213715
0.007256283
0.007293855
0.007327421
0.007357956
0.007386346
0.007413327
0.007439464
0.007465139
0.007490556
0.007515774
0.007540739
0.007565342
0.00758948
0.007613134
0.007636477
0.007660015
0.007684829
0.007712971
0.007744004
0.009020656
0.006970677
0.006720865
0.006740242
0.00680862
0.006888169
0.006967537
0.007042232
0.007110232
0.007170801
0.007224076
0.007270741
0.007311759
0.007348196
0.007381086
0.007411362
0.007439803
0.00746701
0.007493406
0.007519242
0.007544621
0.007569535
0.007593908
0.007617644
0.007640694
0.007663146
0.00768534
0.007708106
0.007733232
0.007760872
0.00902565
0.006963037
0.00670233
0.006721636
0.006794827
0.006880637
0.006966275
0.007046736
0.007119751
0.007184527
0.007241258
0.007290719
0.00733398
0.007372197
0.007406487
0.007437847
0.007467112
0.007494931
0.007521769
0.007547914
0.007573501
0.007598546
0.007622981
0.007646699
0.007669599
0.007691643
0.007712932
0.007733856
0.007755328
0.007776434
)
;
        source          uniform 0;
        value           nonuniform List<scalar> 
900
(
300.1337
300.1406
300.1467
300.1521
300.1569
300.1612
300.1649
300.1682
300.171
300.1734
300.1753
300.1768
300.178
300.1787
300.1792
300.1792
300.1788
300.1781
300.1769
300.1754
300.1734
300.1709
300.168
300.1646
300.1607
300.1563
300.1513
300.1458
300.1396
300.133
300.1403
300.1472
300.1531
300.1584
300.1631
300.1673
300.1709
300.174
300.1767
300.179
300.1808
300.1822
300.1833
300.184
300.1844
300.1844
300.1841
300.1834
300.1823
300.1808
300.1789
300.1765
300.1737
300.1704
300.1666
300.1623
300.1574
300.152
300.146
300.1395
300.1464
300.1531
300.159
300.1641
300.1687
300.1727
300.1762
300.1792
300.1818
300.184
300.1857
300.187
300.1881
300.1888
300.1891
300.1892
300.1888
300.1881
300.1871
300.1857
300.1838
300.1816
300.1789
300.1757
300.172
300.1678
300.1631
300.1578
300.1519
300.1455
300.1519
300.1585
300.1642
300.1693
300.1737
300.1776
300.1809
300.1838
300.1863
300.1883
300.19
300.1913
300.1922
300.1929
300.1933
300.1933
300.193
300.1923
300.1913
300.19
300.1882
300.186
300.1834
300.1804
300.1768
300.1727
300.1681
300.1629
300.1572
300.1509
300.1568
300.1633
300.1689
300.1738
300.1781
300.1819
300.1851
300.1878
300.1902
300.1922
300.1937
300.1949
300.1959
300.1965
300.1968
300.1968
300.1965
300.1959
300.195
300.1937
300.192
300.1899
300.1874
300.1845
300.181
300.1771
300.1726
300.1675
300.1619
300.1558
300.1612
300.1676
300.1731
300.1778
300.182
300.1856
300.1887
300.1913
300.1936
300.1955
300.1969
300.1981
300.199
300.1996
300.1999
300.1999
300.1996
300.1991
300.1982
300.1969
300.1953
300.1933
300.1909
300.188
300.1847
300.1809
300.1765
300.1716
300.1661
300.1601
300.165
300.1713
300.1767
300.1813
300.1853
300.1888
300.1918
300.1944
300.1965
300.1983
300.1997
300.2008
300.2016
300.2022
300.2025
300.2025
300.2023
300.2017
300.2009
300.1997
300.1981
300.1962
300.1939
300.1911
300.1879
300.1842
300.1799
300.1751
300.1697
300.1638
300.1683
300.1746
300.1798
300.1843
300.1882
300.1916
300.1945
300.1969
300.199
300.2007
300.202
300.2031
300.2039
300.2044
300.2047
300.2047
300.2045
300.204
300.2032
300.202
300.2005
300.1987
300.1964
300.1938
300.1906
300.187
300.1829
300.1782
300.1729
300.1671
300.1712
300.1773
300.1825
300.1869
300.1907
300.194
300.1967
300.1991
300.2011
300.2027
300.204
300.205
300.2057
300.2063
300.2065
300.2066
300.2063
300.2058
300.2051
300.204
300.2026
300.2008
300.1986
300.196
300.193
300.1895
300.1854
300.1808
300.1756
300.1699
300.1736
300.1797
300.1847
300.189
300.1927
300.1959
300.1986
300.2009
300.2028
300.2043
300.2056
300.2065
300.2072
300.2077
300.208
300.208
300.2078
300.2074
300.2066
300.2056
300.2042
300.2025
300.2004
300.1979
300.1949
300.1915
300.1875
300.183
300.1779
300.1723
300.1756
300.1816
300.1865
300.1907
300.1944
300.1975
300.2001
300.2023
300.2041
300.2056
300.2068
300.2078
300.2085
300.2089
300.2092
300.2092
300.209
300.2086
300.2079
300.2069
300.2055
300.2039
300.2018
300.1994
300.1965
300.1931
300.1892
300.1848
300.1798
300.1742
300.1772
300.1831
300.1879
300.1921
300.1957
300.1987
300.2013
300.2034
300.2052
300.2067
300.2078
300.2087
300.2094
300.2099
300.2101
300.2102
300.21
300.2096
300.2089
300.2079
300.2066
300.205
300.2029
300.2005
300.1976
300.1943
300.1905
300.1862
300.1812
300.1757
300.1792
300.1842
300.189
300.1931
300.1966
300.1996
300.2021
300.2042
300.206
300.2074
300.2085
300.2094
300.2101
300.2105
300.2108
300.2108
300.2107
300.2103
300.2096
300.2086
300.2073
300.2057
300.2037
300.2003
300.1975
300.1942
300.1904
300.1861
300.1813
300.1768
300.235
300.1858
300.1897
300.1938
300.1973
300.2002
300.2027
300.2048
300.2065
300.2079
300.209
300.2099
300.2105
300.211
300.2112
300.2113
300.2111
300.2107
300.2101
300.2091
300.2078
300.2062
300.2033
300.1395
300.1357
300.1324
300.1287
300.1244
300.1205
300.1755
300.2363
300.1863
300.1901
300.1941
300.1976
300.2005
300.203
300.205
300.2068
300.2081
300.2092
300.2101
300.2107
300.2112
300.2115
300.2115
300.2113
300.2109
300.2103
300.2093
300.2081
300.2065
300.2035
300.1387
300.1349
300.1317
300.1279
300.1237
300.1189
300.1144
300.2363
300.1863
300.1901
300.1941
300.1976
300.2005
300.203
300.205
300.2067
300.2081
300.2092
300.2101
300.2107
300.2112
300.2115
300.2115
300.2113
300.2109
300.2103
300.2093
300.2081
300.2065
300.2035
300.1387
300.1349
300.1316
300.1279
300.1236
300.1188
300.1134
300.2359
300.1859
300.1897
300.1938
300.1973
300.2002
300.2027
300.2048
300.2065
300.2079
300.209
300.2099
300.2105
300.211
300.2112
300.2113
300.2111
300.2107
300.2101
300.2091
300.2078
300.2062
300.2032
300.1384
300.1346
300.1313
300.1276
300.1233
300.1184
300.113
300.2342
300.1851
300.189
300.1931
300.1966
300.1996
300.2021
300.2042
300.206
300.2074
300.2085
300.2094
300.2101
300.2105
300.2108
300.2108
300.2107
300.2102
300.2096
300.2086
300.2073
300.2057
300.2026
300.1379
300.134
300.1307
300.1269
300.1226
300.1177
300.1123
300.178
300.1831
300.1879
300.1921
300.1957
300.1987
300.2013
300.2034
300.2052
300.2066
300.2078
300.2087
300.2094
300.2098
300.2101
300.2101
300.21
300.2095
300.2088
300.2079
300.2066
300.2049
300.2019
300.138
300.1342
300.1308
300.127
300.1226
300.1177
300.1122
300.1756
300.1815
300.1865
300.1907
300.1944
300.1975
300.2001
300.2023
300.2041
300.2056
300.2068
300.2077
300.2084
300.2089
300.2092
300.2092
300.209
300.2086
300.2079
300.2068
300.2055
300.2038
300.2017
300.1983
300.1953
300.192
300.1881
300.1837
300.1786
300.1731
300.1736
300.1796
300.1847
300.189
300.1927
300.1959
300.1986
300.2008
300.2027
300.2043
300.2055
300.2065
300.2072
300.2077
300.208
300.208
300.2078
300.2073
300.2066
300.2055
300.2042
300.2024
300.2003
300.1978
300.1948
300.1914
300.1874
300.1829
300.1779
300.1722
300.1712
300.1773
300.1824
300.1868
300.1906
300.1939
300.1967
300.199
300.201
300.2026
300.2039
300.2049
300.2057
300.2062
300.2065
300.2065
300.2063
300.2058
300.205
300.2039
300.2025
300.2007
300.1985
300.1959
300.1929
300.1894
300.1854
300.1808
300.1764
300.1699
300.1683
300.1745
300.1797
300.1842
300.1881
300.1915
300.1944
300.1968
300.1989
300.2006
300.2019
300.203
300.2038
300.2043
300.2046
300.2046
300.2044
300.2039
300.2031
300.2019
300.2004
300.1986
300.1964
300.1937
300.1906
300.1869
300.1828
300.179
300.2271
300.1679
300.1649
300.1712
300.1766
300.1812
300.1852
300.1887
300.1917
300.1942
300.1964
300.1982
300.1996
300.2007
300.2015
300.2021
300.2024
300.2024
300.2021
300.2016
300.2007
300.1996
300.198
300.1961
300.1938
300.191
300.1878
300.1841
300.1798
300.1751
300.1705
300.1638
300.161
300.1675
300.1729
300.1777
300.1818
300.1855
300.1886
300.1912
300.1935
300.1953
300.1968
300.198
300.1988
300.1994
300.1997
300.1998
300.1995
300.1989
300.198
300.1968
300.1952
300.1932
300.1908
300.1879
300.1846
300.1808
300.1764
300.1715
300.166
300.1599
300.1567
300.1632
300.1688
300.1737
300.178
300.1817
300.1849
300.1877
300.19
300.192
300.1935
300.1948
300.1957
300.1963
300.1967
300.1967
300.1964
300.1958
300.1948
300.1935
300.1918
300.1898
300.1873
300.1843
300.1809
300.1769
300.1724
300.1674
300.1618
300.1556
300.1517
300.1584
300.1641
300.1691
300.1735
300.1774
300.1808
300.1836
300.1861
300.1881
300.1898
300.1911
300.192
300.1927
300.1931
300.1931
300.1928
300.1921
300.1911
300.1898
300.188
300.1858
300.1832
300.1802
300.1766
300.1726
300.168
300.1628
300.157
300.1508
300.1462
300.153
300.1588
300.164
300.1685
300.1725
300.176
300.179
300.1816
300.1837
300.1855
300.1868
300.1878
300.1886
300.1889
300.1889
300.1886
300.1879
300.1869
300.1855
300.1836
300.1814
300.1787
300.1755
300.1718
300.1676
300.1629
300.1576
300.1517
300.1453
300.1401
300.147
300.1529
300.1582
300.1629
300.167
300.1707
300.1738
300.1765
300.1787
300.1806
300.182
300.183
300.1838
300.1842
300.1842
300.1838
300.1831
300.182
300.1806
300.1787
300.1763
300.1735
300.1702
300.1664
300.1621
300.1572
300.1518
300.1458
300.1393
300.1335
300.1405
300.1465
300.1519
300.1567
300.161
300.1647
300.1679
300.1708
300.1732
300.1751
300.1766
300.1777
300.1785
300.1789
300.1789
300.1785
300.1778
300.1767
300.1751
300.1731
300.1707
300.1678
300.1644
300.1605
300.1561
300.1511
300.1455
300.1394
300.1328
)
;
        qrNbr           qr;
        logInterval     -1;
        writePrecision  7;
        updateHeader    1;
        writeToFile     0;
        useUserTime     1;
        kappaMethod     solidThermo;
        kappa           none;
    }
}


// ************************************************************************* //
