/*--------------------------------*- C++ -*----------------------------------*\
| =========                 |                                                 |
| \\      /  F ield         | OpenFOAM: The Open Source CFD Toolbox           |
|  \\    /   O peration     | Version:  2506                                  |
|   \\  /    A nd           | Website:  www.openfoam.com                      |
|    \\/     M anipulation  |                                                 |
\*---------------------------------------------------------------------------*/
FoamFile
{
    version     2.0;
    format      ascii;
    arch        "LSB;label=32;scalar=64";
    note        "nPoints:3844  nCells:2700  nFaces:9180  nInternalFaces:7020";
    class       labelList;
    location    "constant/floor/polyMesh";
    object      neighbour;
}
// * * * * * * * * * * * * * * * * * * * * * * * * * * * * * * * * * * * * * //


7020
(
1
30
900
2
31
901
3
32
902
4
33
903
5
34
904
6
35
905
7
36
906
8
37
907
9
38
908
10
39
909
11
40
910
12
41
911
13
42
912
14
43
913
15
44
914
16
45
915
17
46
916
18
47
917
19
48
918
20
49
919
21
50
920
22
51
921
23
52
922
24
53
923
25
54
924
26
55
925
27
56
926
28
57
927
29
58
928
59
929
31
60
930
32
61
931
33
62
932
34
63
933
35
64
934
36
65
935
37
66
936
38
67
937
39
68
938
40
69
939
41
70
940
42
71
941
43
72
942
44
73
943
45
74
944
46
75
945
47
76
946
48
77
947
49
78
948
50
79
949
51
80
950
52
81
951
53
82
952
54
83
953
55
84
954
56
85
955
57
86
956
58
87
957
59
88
958
89
959
61
90
960
62
91
961
63
92
962
64
93
963
65
94
964
66
95
965
67
96
966
68
97
967
69
98
968
70
99
969
71
100
970
72
101
971
73
102
972
74
103
973
75
104
974
76
105
975
77
106
976
78
107
977
79
108
978
80
109
979
81
110
980
82
111
981
83
112
982
84
113
983
85
114
984
86
115
985
87
116
986
88
117
987
89
118
988
119
989
91
120
990
92
121
991
93
122
992
94
123
993
95
124
994
96
125
995
97
126
996
98
127
997
99
128
998
100
129
999
101
130
1000
102
131
1001
103
132
1002
104
133
1003
105
134
1004
106
135
1005
107
136
1006
108
137
1007
109
138
1008
110
139
1009
111
140
1010
112
141
1011
113
142
1012
114
143
1013
115
144
1014
116
145
1015
117
146
1016
118
147
1017
119
148
1018
149
1019
121
150
1020
122
151
1021
123
152
1022
124
153
1023
125
154
1024
126
155
1025
127
156
1026
128
157
1027
129
158
1028
130
159
1029
131
160
1030
132
161
1031
133
162
1032
134
163
1033
135
164
1034
136
165
1035
137
166
1036
138
167
1037
139
168
1038
140
169
1039
141
170
1040
142
171
1041
143
172
1042
144
173
1043
145
174
1044
146
175
1045
147
176
1046
148
177
1047
149
178
1048
179
1049
151
180
1050
152
181
1051
153
182
1052
154
183
1053
155
184
1054
156
185
1055
157
186
1056
158
187
1057
159
188
1058
160
189
1059
161
190
1060
162
191
1061
163
192
1062
164
193
1063
165
194
1064
166
195
1065
167
196
1066
168
197
1067
169
198
1068
170
199
1069
171
200
1070
172
201
1071
173
202
1072
174
203
1073
175
204
1074
176
205
1075
177
206
1076
178
207
1077
179
208
1078
209
1079
181
210
1080
182
211
1081
183
212
1082
184
213
1083
185
214
1084
186
215
1085
187
216
1086
188
217
1087
189
218
1088
190
219
1089
191
220
1090
192
221
1091
193
222
1092
194
223
1093
195
224
1094
196
225
1095
197
226
1096
198
227
1097
199
228
1098
200
229
1099
201
230
1100
202
231
1101
203
232
1102
204
233
1103
205
234
1104
206
235
1105
207
236
1106
208
237
1107
209
238
1108
239
1109
211
240
1110
212
241
1111
213
242
1112
214
243
1113
215
244
1114
216
245
1115
217
246
1116
218
247
1117
219
248
1118
220
249
1119
221
250
1120
222
251
1121
223
252
1122
224
253
1123
225
254
1124
226
255
1125
227
256
1126
228
257
1127
229
258
1128
230
259
1129
231
260
1130
232
261
1131
233
262
1132
234
263
1133
235
264
1134
236
265
1135
237
266
1136
238
267
1137
239
268
1138
269
1139
241
270
1140
242
271
1141
243
272
1142
244
273
1143
245
274
1144
246
275
1145
247
276
1146
248
277
1147
249
278
1148
250
279
1149
251
280
1150
252
281
1151
253
282
1152
254
283
1153
255
284
1154
256
285
1155
257
286
1156
258
287
1157
259
288
1158
260
289
1159
261
290
1160
262
291
1161
263
292
1162
264
293
1163
265
294
1164
266
295
1165
267
296
1166
268
297
1167
269
298
1168
299
1169
271
300
1170
272
301
1171
273
302
1172
274
303
1173
275
304
1174
276
305
1175
277
306
1176
278
307
1177
279
308
1178
280
309
1179
281
310
1180
282
311
1181
283
312
1182
284
313
1183
285
314
1184
286
315
1185
287
316
1186
288
317
1187
289
318
1188
290
319
1189
291
320
1190
292
321
1191
293
322
1192
294
323
1193
295
324
1194
296
325
1195
297
326
1196
298
327
1197
299
328
1198
329
1199
301
330
1200
302
331
1201
303
332
1202
304
333
1203
305
334
1204
306
335
1205
307
336
1206
308
337
1207
309
338
1208
310
339
1209
311
340
1210
312
341
1211
313
342
1212
314
343
1213
315
344
1214
316
345
1215
317
346
1216
318
347
1217
319
348
1218
320
349
1219
321
350
1220
322
351
1221
323
352
1222
324
353
1223
325
354
1224
326
355
1225
327
356
1226
328
357
1227
329
358
1228
359
1229
331
360
1230
332
361
1231
333
362
1232
334
363
1233
335
364
1234
336
365
1235
337
366
1236
338
367
1237
339
368
1238
340
369
1239
341
370
1240
342
371
1241
343
372
1242
344
373
1243
345
374
1244
346
375
1245
347
376
1246
348
377
1247
349
378
1248
350
379
1249
351
380
1250
352
381
1251
353
382
1252
354
383
1253
355
384
1254
356
385
1255
357
386
1256
358
387
1257
359
388
1258
389
1259
361
390
1260
362
391
1261
363
392
1262
364
393
1263
365
394
1264
366
395
1265
367
396
1266
368
397
1267
369
398
1268
370
399
1269
371
400
1270
372
401
1271
373
402
1272
374
403
1273
375
404
1274
376
405
1275
377
406
1276
378
407
1277
379
408
1278
380
409
1279
381
410
1280
382
411
1281
383
412
1282
384
413
1283
385
414
1284
386
415
1285
387
416
1286
388
417
1287
389
418
1288
419
1289
391
420
1290
392
421
1291
393
422
1292
394
423
1293
395
424
1294
396
425
1295
397
426
1296
398
427
1297
399
428
1298
400
429
1299
401
430
1300
402
431
1301
403
432
1302
404
433
1303
405
434
1304
406
435
1305
407
436
1306
408
437
1307
409
438
1308
410
439
1309
411
440
1310
412
441
1311
413
442
1312
414
443
1313
415
444
1314
416
445
1315
417
446
1316
418
447
1317
419
448
1318
449
1319
421
450
1320
422
451
1321
423
452
1322
424
453
1323
425
454
1324
426
455
1325
427
456
1326
428
457
1327
429
458
1328
430
459
1329
431
460
1330
432
461
1331
433
462
1332
434
463
1333
435
464
1334
436
465
1335
437
466
1336
438
467
1337
439
468
1338
440
469
1339
441
470
1340
442
471
1341
443
472
1342
444
473
1343
445
474
1344
446
475
1345
447
476
1346
448
477
1347
449
478
1348
479
1349
451
480
1350
452
481
1351
453
482
1352
454
483
1353
455
484
1354
456
485
1355
457
486
1356
458
487
1357
459
488
1358
460
489
1359
461
490
1360
462
491
1361
463
492
1362
464
493
1363
465
494
1364
466
495
1365
467
496
1366
468
497
1367
469
498
1368
470
499
1369
471
500
1370
472
501
1371
473
502
1372
474
503
1373
475
504
1374
476
505
1375
477
506
1376
478
507
1377
479
508
1378
509
1379
481
510
1380
482
511
1381
483
512
1382
484
513
1383
485
514
1384
486
515
1385
487
516
1386
488
517
1387
489
518
1388
490
519
1389
491
520
1390
492
521
1391
493
522
1392
494
523
1393
495
524
1394
496
525
1395
497
526
1396
498
527
1397
499
528
1398
500
529
1399
501
530
1400
502
531
1401
503
532
1402
504
533
1403
505
534
1404
506
535
1405
507
536
1406
508
537
1407
509
538
1408
539
1409
511
540
1410
512
541
1411
513
542
1412
514
543
1413
515
544
1414
516
545
1415
517
546
1416
518
547
1417
519
548
1418
520
549
1419
521
550
1420
522
551
1421
523
552
1422
524
553
1423
525
554
1424
526
555
1425
527
556
1426
528
557
1427
529
558
1428
530
559
1429
531
560
1430
532
561
1431
533
562
1432
534
563
1433
535
564
1434
536
565
1435
537
566
1436
538
567
1437
539
568
1438
569
1439
541
570
1440
542
571
1441
543
572
1442
544
573
1443
545
574
1444
546
575
1445
547
576
1446
548
577
1447
549
578
1448
550
579
1449
551
580
1450
552
581
1451
553
582
1452
554
583
1453
555
584
1454
556
585
1455
557
586
1456
558
587
1457
559
588
1458
560
589
1459
561
590
1460
562
591
1461
563
592
1462
564
593
1463
565
594
1464
566
595
1465
567
596
1466
568
597
1467
569
598
1468
599
1469
571
600
1470
572
601
1471
573
602
1472
574
603
1473
575
604
1474
576
605
1475
577
606
1476
578
607
1477
579
608
1478
580
609
1479
581
610
1480
582
611
1481
583
612
1482
584
613
1483
585
614
1484
586
615
1485
587
616
1486
588
617
1487
589
618
1488
590
619
1489
591
620
1490
592
621
1491
593
622
1492
594
623
1493
595
624
1494
596
625
1495
597
626
1496
598
627
1497
599
628
1498
629
1499
601
630
1500
602
631
1501
603
632
1502
604
633
1503
605
634
1504
606
635
1505
607
636
1506
608
637
1507
609
638
1508
610
639
1509
611
640
1510
612
641
1511
613
642
1512
614
643
1513
615
644
1514
616
645
1515
617
646
1516
618
647
1517
619
648
1518
620
649
1519
621
650
1520
622
651
1521
623
652
1522
624
653
1523
625
654
1524
626
655
1525
627
656
1526
628
657
1527
629
658
1528
659
1529
631
660
1530
632
661
1531
633
662
1532
634
663
1533
635
664
1534
636
665
1535
637
666
1536
638
667
1537
639
668
1538
640
669
1539
641
670
1540
642
671
1541
643
672
1542
644
673
1543
645
674
1544
646
675
1545
647
676
1546
648
677
1547
649
678
1548
650
679
1549
651
680
1550
652
681
1551
653
682
1552
654
683
1553
655
684
1554
656
685
1555
657
686
1556
658
687
1557
659
688
1558
689
1559
661
690
1560
662
691
1561
663
692
1562
664
693
1563
665
694
1564
666
695
1565
667
696
1566
668
697
1567
669
698
1568
670
699
1569
671
700
1570
672
701
1571
673
702
1572
674
703
1573
675
704
1574
676
705
1575
677
706
1576
678
707
1577
679
708
1578
680
709
1579
681
710
1580
682
711
1581
683
712
1582
684
713
1583
685
714
1584
686
715
1585
687
716
1586
688
717
1587
689
718
1588
719
1589
691
720
1590
692
721
1591
693
722
1592
694
723
1593
695
724
1594
696
725
1595
697
726
1596
698
727
1597
699
728
1598
700
729
1599
701
730
1600
702
731
1601
703
732
1602
704
733
1603
705
734
1604
706
735
1605
707
736
1606
708
737
1607
709
738
1608
710
739
1609
711
740
1610
712
741
1611
713
742
1612
714
743
1613
715
744
1614
716
745
1615
717
746
1616
718
747
1617
719
748
1618
749
1619
721
750
1620
722
751
1621
723
752
1622
724
753
1623
725
754
1624
726
755
1625
727
756
1626
728
757
1627
729
758
1628
730
759
1629
731
760
1630
732
761
1631
733
762
1632
734
763
1633
735
764
1634
736
765
1635
737
766
1636
738
767
1637
739
768
1638
740
769
1639
741
770
1640
742
771
1641
743
772
1642
744
773
1643
745
774
1644
746
775
1645
747
776
1646
748
777
1647
749
778
1648
779
1649
751
780
1650
752
781
1651
753
782
1652
754
783
1653
755
784
1654
756
785
1655
757
786
1656
758
787
1657
759
788
1658
760
789
1659
761
790
1660
762
791
1661
763
792
1662
764
793
1663
765
794
1664
766
795
1665
767
796
1666
768
797
1667
769
798
1668
770
799
1669
771
800
1670
772
801
1671
773
802
1672
774
803
1673
775
804
1674
776
805
1675
777
806
1676
778
807
1677
779
808
1678
809
1679
781
810
1680
782
811
1681
783
812
1682
784
813
1683
785
814
1684
786
815
1685
787
816
1686
788
817
1687
789
818
1688
790
819
1689
791
820
1690
792
821
1691
793
822
1692
794
823
1693
795
824
1694
796
825
1695
797
826
1696
798
827
1697
799
828
1698
800
829
1699
801
830
1700
802
831
1701
803
832
1702
804
833
1703
805
834
1704
806
835
1705
807
836
1706
808
837
1707
809
838
1708
839
1709
811
840
1710
812
841
1711
813
842
1712
814
843
1713
815
844
1714
816
845
1715
817
846
1716
818
847
1717
819
848
1718
820
849
1719
821
850
1720
822
851
1721
823
852
1722
824
853
1723
825
854
1724
826
855
1725
827
856
1726
828
857
1727
829
858
1728
830
859
1729
831
860
1730
832
861
1731
833
862
1732
834
863
1733
835
864
1734
836
865
1735
837
866
1736
838
867
1737
839
868
1738
869
1739
841
870
1740
842
871
1741
843
872
1742
844
873
1743
845
874
1744
846
875
1745
847
876
1746
848
877
1747
849
878
1748
850
879
1749
851
880
1750
852
881
1751
853
882
1752
854
883
1753
855
884
1754
856
885
1755
857
886
1756
858
887
1757
859
888
1758
860
889
1759
861
890
1760
862
891
1761
863
892
1762
864
893
1763
865
894
1764
866
895
1765
867
896
1766
868
897
1767
869
898
1768
899
1769
871
1770
872
1771
873
1772
874
1773
875
1774
876
1775
877
1776
878
1777
879
1778
880
1779
881
1780
882
1781
883
1782
884
1783
885
1784
886
1785
887
1786
888
1787
889
1788
890
1789
891
1790
892
1791
893
1792
894
1793
895
1794
896
1795
897
1796
898
1797
899
1798
1799
901
930
1800
902
931
1801
903
932
1802
904
933
1803
905
934
1804
906
935
1805
907
936
1806
908
937
1807
909
938
1808
910
939
1809
911
940
1810
912
941
1811
913
942
1812
914
943
1813
915
944
1814
916
945
1815
917
946
1816
918
947
1817
919
948
1818
920
949
1819
921
950
1820
922
951
1821
923
952
1822
924
953
1823
925
954
1824
926
955
1825
927
956
1826
928
957
1827
929
958
1828
959
1829
931
960
1830
932
961
1831
933
962
1832
934
963
1833
935
964
1834
936
965
1835
937
966
1836
938
967
1837
939
968
1838
940
969
1839
941
970
1840
942
971
1841
943
972
1842
944
973
1843
945
974
1844
946
975
1845
947
976
1846
948
977
1847
949
978
1848
950
979
1849
951
980
1850
952
981
1851
953
982
1852
954
983
1853
955
984
1854
956
985
1855
957
986
1856
958
987
1857
959
988
1858
989
1859
961
990
1860
962
991
1861
963
992
1862
964
993
1863
965
994
1864
966
995
1865
967
996
1866
968
997
1867
969
998
1868
970
999
1869
971
1000
1870
972
1001
1871
973
1002
1872
974
1003
1873
975
1004
1874
976
1005
1875
977
1006
1876
978
1007
1877
979
1008
1878
980
1009
1879
981
1010
1880
982
1011
1881
983
1012
1882
984
1013
1883
985
1014
1884
986
1015
1885
987
1016
1886
988
1017
1887
989
1018
1888
1019
1889
991
1020
1890
992
1021
1891
993
1022
1892
994
1023
1893
995
1024
1894
996
1025
1895
997
1026
1896
998
1027
1897
999
1028
1898
1000
1029
1899
1001
1030
1900
1002
1031
1901
1003
1032
1902
1004
1033
1903
1005
1034
1904
1006
1035
1905
1007
1036
1906
1008
1037
1907
1009
1038
1908
1010
1039
1909
1011
1040
1910
1012
1041
1911
1013
1042
1912
1014
1043
1913
1015
1044
1914
1016
1045
1915
1017
1046
1916
1018
1047
1917
1019
1048
1918
1049
1919
1021
1050
1920
1022
1051
1921
1023
1052
1922
1024
1053
1923
1025
1054
1924
1026
1055
1925
1027
1056
1926
1028
1057
1927
1029
1058
1928
1030
1059
1929
1031
1060
1930
1032
1061
1931
1033
1062
1932
1034
1063
1933
1035
1064
1934
1036
1065
1935
1037
1066
1936
1038
1067
1937
1039
1068
1938
1040
1069
1939
1041
1070
1940
1042
1071
1941
1043
1072
1942
1044
1073
1943
1045
1074
1944
1046
1075
1945
1047
1076
1946
1048
1077
1947
1049
1078
1948
1079
1949
1051
1080
1950
1052
1081
1951
1053
1082
1952
1054
1083
1953
1055
1084
1954
1056
1085
1955
1057
1086
1956
1058
1087
1957
1059
1088
1958
1060
1089
1959
1061
1090
1960
1062
1091
1961
1063
1092
1962
1064
1093
1963
1065
1094
1964
1066
1095
1965
1067
1096
1966
1068
1097
1967
1069
1098
1968
1070
1099
1969
1071
1100
1970
1072
1101
1971
1073
1102
1972
1074
1103
1973
1075
1104
1974
1076
1105
1975
1077
1106
1976
1078
1107
1977
1079
1108
1978
1109
1979
1081
1110
1980
1082
1111
1981
1083
1112
1982
1084
1113
1983
1085
1114
1984
1086
1115
1985
1087
1116
1986
1088
1117
1987
1089
1118
1988
1090
1119
1989
1091
1120
1990
1092
1121
1991
1093
1122
1992
1094
1123
1993
1095
1124
1994
1096
1125
1995
1097
1126
1996
1098
1127
1997
1099
1128
1998
1100
1129
1999
1101
1130
2000
1102
1131
2001
1103
1132
2002
1104
1133
2003
1105
1134
2004
1106
1135
2005
1107
1136
2006
1108
1137
2007
1109
1138
2008
1139
2009
1111
1140
2010
1112
1141
2011
1113
1142
2012
1114
1143
2013
1115
1144
2014
1116
1145
2015
1117
1146
2016
1118
1147
2017
1119
1148
2018
1120
1149
2019
1121
1150
2020
1122
1151
2021
1123
1152
2022
1124
1153
2023
1125
1154
2024
1126
1155
2025
1127
1156
2026
1128
1157
2027
1129
1158
2028
1130
1159
2029
1131
1160
2030
1132
1161
2031
1133
1162
2032
1134
1163
2033
1135
1164
2034
1136
1165
2035
1137
1166
2036
1138
1167
2037
1139
1168
2038
1169
2039
1141
1170
2040
1142
1171
2041
1143
1172
2042
1144
1173
2043
1145
1174
2044
1146
1175
2045
1147
1176
2046
1148
1177
2047
1149
1178
2048
1150
1179
2049
1151
1180
2050
1152
1181
2051
1153
1182
2052
1154
1183
2053
1155
1184
2054
1156
1185
2055
1157
1186
2056
1158
1187
2057
1159
1188
2058
1160
1189
2059
1161
1190
2060
1162
1191
2061
1163
1192
2062
1164
1193
2063
1165
1194
2064
1166
1195
2065
1167
1196
2066
1168
1197
2067
1169
1198
2068
1199
2069
1171
1200
2070
1172
1201
2071
1173
1202
2072
1174
1203
2073
1175
1204
2074
1176
1205
2075
1177
1206
2076
1178
1207
2077
1179
1208
2078
1180
1209
2079
1181
1210
2080
1182
1211
2081
1183
1212
2082
1184
1213
2083
1185
1214
2084
1186
1215
2085
1187
1216
2086
1188
1217
2087
1189
1218
2088
1190
1219
2089
1191
1220
2090
1192
1221
2091
1193
1222
2092
1194
1223
2093
1195
1224
2094
1196
1225
2095
1197
1226
2096
1198
1227
2097
1199
1228
2098
1229
2099
1201
1230
2100
1202
1231
2101
1203
1232
2102
1204
1233
2103
1205
1234
2104
1206
1235
2105
1207
1236
2106
1208
1237
2107
1209
1238
2108
1210
1239
2109
1211
1240
2110
1212
1241
2111
1213
1242
2112
1214
1243
2113
1215
1244
2114
1216
1245
2115
1217
1246
2116
1218
1247
2117
1219
1248
2118
1220
1249
2119
1221
1250
2120
1222
1251
2121
1223
1252
2122
1224
1253
2123
1225
1254
2124
1226
1255
2125
1227
1256
2126
1228
1257
2127
1229
1258
2128
1259
2129
1231
1260
2130
1232
1261
2131
1233
1262
2132
1234
1263
2133
1235
1264
2134
1236
1265
2135
1237
1266
2136
1238
1267
2137
1239
1268
2138
1240
1269
2139
1241
1270
2140
1242
1271
2141
1243
1272
2142
1244
1273
2143
1245
1274
2144
1246
1275
2145
1247
1276
2146
1248
1277
2147
1249
1278
2148
1250
1279
2149
1251
1280
2150
1252
1281
2151
1253
1282
2152
1254
1283
2153
1255
1284
2154
1256
1285
2155
1257
1286
2156
1258
1287
2157
1259
1288
2158
1289
2159
1261
1290
2160
1262
1291
2161
1263
1292
2162
1264
1293
2163
1265
1294
2164
1266
1295
2165
1267
1296
2166
1268
1297
2167
1269
1298
2168
1270
1299
2169
1271
1300
2170
1272
1301
2171
1273
1302
2172
1274
1303
2173
1275
1304
2174
1276
1305
2175
1277
1306
2176
1278
1307
2177
1279
1308
2178
1280
1309
2179
1281
1310
2180
1282
1311
2181
1283
1312
2182
1284
1313
2183
1285
1314
2184
1286
1315
2185
1287
1316
2186
1288
1317
2187
1289
1318
2188
1319
2189
1291
1320
2190
1292
1321
2191
1293
1322
2192
1294
1323
2193
1295
1324
2194
1296
1325
2195
1297
1326
2196
1298
1327
2197
1299
1328
2198
1300
1329
2199
1301
1330
2200
1302
1331
2201
1303
1332
2202
1304
1333
2203
1305
1334
2204
1306
1335
2205
1307
1336
2206
1308
1337
2207
1309
1338
2208
1310
1339
2209
1311
1340
2210
1312
1341
2211
1313
1342
2212
1314
1343
2213
1315
1344
2214
1316
1345
2215
1317
1346
2216
1318
1347
2217
1319
1348
2218
1349
2219
1321
1350
2220
1322
1351
2221
1323
1352
2222
1324
1353
2223
1325
1354
2224
1326
1355
2225
1327
1356
2226
1328
1357
2227
1329
1358
2228
1330
1359
2229
1331
1360
2230
1332
1361
2231
1333
1362
2232
1334
1363
2233
1335
1364
2234
1336
1365
2235
1337
1366
2236
1338
1367
2237
1339
1368
2238
1340
1369
2239
1341
1370
2240
1342
1371
2241
1343
1372
2242
1344
1373
2243
1345
1374
2244
1346
1375
2245
1347
1376
2246
1348
1377
2247
1349
1378
2248
1379
2249
1351
1380
2250
1352
1381
2251
1353
1382
2252
1354
1383
2253
1355
1384
2254
1356
1385
2255
1357
1386
2256
1358
1387
2257
1359
1388
2258
1360
1389
2259
1361
1390
2260
1362
1391
2261
1363
1392
2262
1364
1393
2263
1365
1394
2264
1366
1395
2265
1367
1396
2266
1368
1397
2267
1369
1398
2268
1370
1399
2269
1371
1400
2270
1372
1401
2271
1373
1402
2272
1374
1403
2273
1375
1404
2274
1376
1405
2275
1377
1406
2276
1378
1407
2277
1379
1408
2278
1409
2279
1381
1410
2280
1382
1411
2281
1383
1412
2282
1384
1413
2283
1385
1414
2284
1386
1415
2285
1387
1416
2286
1388
1417
2287
1389
1418
2288
1390
1419
2289
1391
1420
2290
1392
1421
2291
1393
1422
2292
1394
1423
2293
1395
1424
2294
1396
1425
2295
1397
1426
2296
1398
1427
2297
1399
1428
2298
1400
1429
2299
1401
1430
2300
1402
1431
2301
1403
1432
2302
1404
1433
2303
1405
1434
2304
1406
1435
2305
1407
1436
2306
1408
1437
2307
1409
1438
2308
1439
2309
1411
1440
2310
1412
1441
2311
1413
1442
2312
1414
1443
2313
1415
1444
2314
1416
1445
2315
1417
1446
2316
1418
1447
2317
1419
1448
2318
1420
1449
2319
1421
1450
2320
1422
1451
2321
1423
1452
2322
1424
1453
2323
1425
1454
2324
1426
1455
2325
1427
1456
2326
1428
1457
2327
1429
1458
2328
1430
1459
2329
1431
1460
2330
1432
1461
2331
1433
1462
2332
1434
1463
2333
1435
1464
2334
1436
1465
2335
1437
1466
2336
1438
1467
2337
1439
1468
2338
1469
2339
1441
1470
2340
1442
1471
2341
1443
1472
2342
1444
1473
2343
1445
1474
2344
1446
1475
2345
1447
1476
2346
1448
1477
2347
1449
1478
2348
1450
1479
2349
1451
1480
2350
1452
1481
2351
1453
1482
2352
1454
1483
2353
1455
1484
2354
1456
1485
2355
1457
1486
2356
1458
1487
2357
1459
1488
2358
1460
1489
2359
1461
1490
2360
1462
1491
2361
1463
1492
2362
1464
1493
2363
1465
1494
2364
1466
1495
2365
1467
1496
2366
1468
1497
2367
1469
1498
2368
1499
2369
1471
1500
2370
1472
1501
2371
1473
1502
2372
1474
1503
2373
1475
1504
2374
1476
1505
2375
1477
1506
2376
1478
1507
2377
1479
1508
2378
1480
1509
2379
1481
1510
2380
1482
1511
2381
1483
1512
2382
1484
1513
2383
1485
1514
2384
1486
1515
2385
1487
1516
2386
1488
1517
2387
1489
1518
2388
1490
1519
2389
1491
1520
2390
1492
1521
2391
1493
1522
2392
1494
1523
2393
1495
1524
2394
1496
1525
2395
1497
1526
2396
1498
1527
2397
1499
1528
2398
1529
2399
1501
1530
2400
1502
1531
2401
1503
1532
2402
1504
1533
2403
1505
1534
2404
1506
1535
2405
1507
1536
2406
1508
1537
2407
1509
1538
2408
1510
1539
2409
1511
1540
2410
1512
1541
2411
1513
1542
2412
1514
1543
2413
1515
1544
2414
1516
1545
2415
1517
1546
2416
1518
1547
2417
1519
1548
2418
1520
1549
2419
1521
1550
2420
1522
1551
2421
1523
1552
2422
1524
1553
2423
1525
1554
2424
1526
1555
2425
1527
1556
2426
1528
1557
2427
1529
1558
2428
1559
2429
1531
1560
2430
1532
1561
2431
1533
1562
2432
1534
1563
2433
1535
1564
2434
1536
1565
2435
1537
1566
2436
1538
1567
2437
1539
1568
2438
1540
1569
2439
1541
1570
2440
1542
1571
2441
1543
1572
2442
1544
1573
2443
1545
1574
2444
1546
1575
2445
1547
1576
2446
1548
1577
2447
1549
1578
2448
1550
1579
2449
1551
1580
2450
1552
1581
2451
1553
1582
2452
1554
1583
2453
1555
1584
2454
1556
1585
2455
1557
1586
2456
1558
1587
2457
1559
1588
2458
1589
2459
1561
1590
2460
1562
1591
2461
1563
1592
2462
1564
1593
2463
1565
1594
2464
1566
1595
2465
1567
1596
2466
1568
1597
2467
1569
1598
2468
1570
1599
2469
1571
1600
2470
1572
1601
2471
1573
1602
2472
1574
1603
2473
1575
1604
2474
1576
1605
2475
1577
1606
2476
1578
1607
2477
1579
1608
2478
1580
1609
2479
1581
1610
2480
1582
1611
2481
1583
1612
2482
1584
1613
2483
1585
1614
2484
1586
1615
2485
1587
1616
2486
1588
1617
2487
1589
1618
2488
1619
2489
1591
1620
2490
1592
1621
2491
1593
1622
2492
1594
1623
2493
1595
1624
2494
1596
1625
2495
1597
1626
2496
1598
1627
2497
1599
1628
2498
1600
1629
2499
1601
1630
2500
1602
1631
2501
1603
1632
2502
1604
1633
2503
1605
1634
2504
1606
1635
2505
1607
1636
2506
1608
1637
2507
1609
1638
2508
1610
1639
2509
1611
1640
2510
1612
1641
2511
1613
1642
2512
1614
1643
2513
1615
1644
2514
1616
1645
2515
1617
1646
2516
1618
1647
2517
1619
1648
2518
1649
2519
1621
1650
2520
1622
1651
2521
1623
1652
2522
1624
1653
2523
1625
1654
2524
1626
1655
2525
1627
1656
2526
1628
1657
2527
1629
1658
2528
1630
1659
2529
1631
1660
2530
1632
1661
2531
1633
1662
2532
1634
1663
2533
1635
1664
2534
1636
1665
2535
1637
1666
2536
1638
1667
2537
1639
1668
2538
1640
1669
2539
1641
1670
2540
1642
1671
2541
1643
1672
2542
1644
1673
2543
1645
1674
2544
1646
1675
2545
1647
1676
2546
1648
1677
2547
1649
1678
2548
1679
2549
1651
1680
2550
1652
1681
2551
1653
1682
2552
1654
1683
2553
1655
1684
2554
1656
1685
2555
1657
1686
2556
1658
1687
2557
1659
1688
2558
1660
1689
2559
1661
1690
2560
1662
1691
2561
1663
1692
2562
1664
1693
2563
1665
1694
2564
1666
1695
2565
1667
1696
2566
1668
1697
2567
1669
1698
2568
1670
1699
2569
1671
1700
2570
1672
1701
2571
1673
1702
2572
1674
1703
2573
1675
1704
2574
1676
1705
2575
1677
1706
2576
1678
1707
2577
1679
1708
2578
1709
2579
1681
1710
2580
1682
1711
2581
1683
1712
2582
1684
1713
2583
1685
1714
2584
1686
1715
2585
1687
1716
2586
1688
1717
2587
1689
1718
2588
1690
1719
2589
1691
1720
2590
1692
1721
2591
1693
1722
2592
1694
1723
2593
1695
1724
2594
1696
1725
2595
1697
1726
2596
1698
1727
2597
1699
1728
2598
1700
1729
2599
1701
1730
2600
1702
1731
2601
1703
1732
2602
1704
1733
2603
1705
1734
2604
1706
1735
2605
1707
1736
2606
1708
1737
2607
1709
1738
2608
1739
2609
1711
1740
2610
1712
1741
2611
1713
1742
2612
1714
1743
2613
1715
1744
2614
1716
1745
2615
1717
1746
2616
1718
1747
2617
1719
1748
2618
1720
1749
2619
1721
1750
2620
1722
1751
2621
1723
1752
2622
1724
1753
2623
1725
1754
2624
1726
1755
2625
1727
1756
2626
1728
1757
2627
1729
1758
2628
1730
1759
2629
1731
1760
2630
1732
1761
2631
1733
1762
2632
1734
1763
2633
1735
1764
2634
1736
1765
2635
1737
1766
2636
1738
1767
2637
1739
1768
2638
1769
2639
1741
1770
2640
1742
1771
2641
1743
1772
2642
1744
1773
2643
1745
1774
2644
1746
1775
2645
1747
1776
2646
1748
1777
2647
1749
1778
2648
1750
1779
2649
1751
1780
2650
1752
1781
2651
1753
1782
2652
1754
1783
2653
1755
1784
2654
1756
1785
2655
1757
1786
2656
1758
1787
2657
1759
1788
2658
1760
1789
2659
1761
1790
2660
1762
1791
2661
1763
1792
2662
1764
1793
2663
1765
1794
2664
1766
1795
2665
1767
1796
2666
1768
1797
2667
1769
1798
2668
1799
2669
1771
2670
1772
2671
1773
2672
1774
2673
1775
2674
1776
2675
1777
2676
1778
2677
1779
2678
1780
2679
1781
2680
1782
2681
1783
2682
1784
2683
1785
2684
1786
2685
1787
2686
1788
2687
1789
2688
1790
2689
1791
2690
1792
2691
1793
2692
1794
2693
1795
2694
1796
2695
1797
2696
1798
2697
1799
2698
2699
1801
1830
1802
1831
1803
1832
1804
1833
1805
1834
1806
1835
1807
1836
1808
1837
1809
1838
1810
1839
1811
1840
1812
1841
1813
1842
1814
1843
1815
1844
1816
1845
1817
1846
1818
1847
1819
1848
1820
1849
1821
1850
1822
1851
1823
1852
1824
1853
1825
1854
1826
1855
1827
1856
1828
1857
1829
1858
1859
1831
1860
1832
1861
1833
1862
1834
1863
1835
1864
1836
1865
1837
1866
1838
1867
1839
1868
1840
1869
1841
1870
1842
1871
1843
1872
1844
1873
1845
1874
1846
1875
1847
1876
1848
1877
1849
1878
1850
1879
1851
1880
1852
1881
1853
1882
1854
1883
1855
1884
1856
1885
1857
1886
1858
1887
1859
1888
1889
1861
1890
1862
1891
1863
1892
1864
1893
1865
1894
1866
1895
1867
1896
1868
1897
1869
1898
1870
1899
1871
1900
1872
1901
1873
1902
1874
1903
1875
1904
1876
1905
1877
1906
1878
1907
1879
1908
1880
1909
1881
1910
1882
1911
1883
1912
1884
1913
1885
1914
1886
1915
1887
1916
1888
1917
1889
1918
1919
1891
1920
1892
1921
1893
1922
1894
1923
1895
1924
1896
1925
1897
1926
1898
1927
1899
1928
1900
1929
1901
1930
1902
1931
1903
1932
1904
1933
1905
1934
1906
1935
1907
1936
1908
1937
1909
1938
1910
1939
1911
1940
1912
1941
1913
1942
1914
1943
1915
1944
1916
1945
1917
1946
1918
1947
1919
1948
1949
1921
1950
1922
1951
1923
1952
1924
1953
1925
1954
1926
1955
1927
1956
1928
1957
1929
1958
1930
1959
1931
1960
1932
1961
1933
1962
1934
1963
1935
1964
1936
1965
1937
1966
1938
1967
1939
1968
1940
1969
1941
1970
1942
1971
1943
1972
1944
1973
1945
1974
1946
1975
1947
1976
1948
1977
1949
1978
1979
1951
1980
1952
1981
1953
1982
1954
1983
1955
1984
1956
1985
1957
1986
1958
1987
1959
1988
1960
1989
1961
1990
1962
1991
1963
1992
1964
1993
1965
1994
1966
1995
1967
1996
1968
1997
1969
1998
1970
1999
1971
2000
1972
2001
1973
2002
1974
2003
1975
2004
1976
2005
1977
2006
1978
2007
1979
2008
2009
1981
2010
1982
2011
1983
2012
1984
2013
1985
2014
1986
2015
1987
2016
1988
2017
1989
2018
1990
2019
1991
2020
1992
2021
1993
2022
1994
2023
1995
2024
1996
2025
1997
2026
1998
2027
1999
2028
2000
2029
2001
2030
2002
2031
2003
2032
2004
2033
2005
2034
2006
2035
2007
2036
2008
2037
2009
2038
2039
2011
2040
2012
2041
2013
2042
2014
2043
2015
2044
2016
2045
2017
2046
2018
2047
2019
2048
2020
2049
2021
2050
2022
2051
2023
2052
2024
2053
2025
2054
2026
2055
2027
2056
2028
2057
2029
2058
2030
2059
2031
2060
2032
2061
2033
2062
2034
2063
2035
2064
2036
2065
2037
2066
2038
2067
2039
2068
2069
2041
2070
2042
2071
2043
2072
2044
2073
2045
2074
2046
2075
2047
2076
2048
2077
2049
2078
2050
2079
2051
2080
2052
2081
2053
2082
2054
2083
2055
2084
2056
2085
2057
2086
2058
2087
2059
2088
2060
2089
2061
2090
2062
2091
2063
2092
2064
2093
2065
2094
2066
2095
2067
2096
2068
2097
2069
2098
2099
2071
2100
2072
2101
2073
2102
2074
2103
2075
2104
2076
2105
2077
2106
2078
2107
2079
2108
2080
2109
2081
2110
2082
2111
2083
2112
2084
2113
2085
2114
2086
2115
2087
2116
2088
2117
2089
2118
2090
2119
2091
2120
2092
2121
2093
2122
2094
2123
2095
2124
2096
2125
2097
2126
2098
2127
2099
2128
2129
2101
2130
2102
2131
2103
2132
2104
2133
2105
2134
2106
2135
2107
2136
2108
2137
2109
2138
2110
2139
2111
2140
2112
2141
2113
2142
2114
2143
2115
2144
2116
2145
2117
2146
2118
2147
2119
2148
2120
2149
2121
2150
2122
2151
2123
2152
2124
2153
2125
2154
2126
2155
2127
2156
2128
2157
2129
2158
2159
2131
2160
2132
2161
2133
2162
2134
2163
2135
2164
2136
2165
2137
2166
2138
2167
2139
2168
2140
2169
2141
2170
2142
2171
2143
2172
2144
2173
2145
2174
2146
2175
2147
2176
2148
2177
2149
2178
2150
2179
2151
2180
2152
2181
2153
2182
2154
2183
2155
2184
2156
2185
2157
2186
2158
2187
2159
2188
2189
2161
2190
2162
2191
2163
2192
2164
2193
2165
2194
2166
2195
2167
2196
2168
2197
2169
2198
2170
2199
2171
2200
2172
2201
2173
2202
2174
2203
2175
2204
2176
2205
2177
2206
2178
2207
2179
2208
2180
2209
2181
2210
2182
2211
2183
2212
2184
2213
2185
2214
2186
2215
2187
2216
2188
2217
2189
2218
2219
2191
2220
2192
2221
2193
2222
2194
2223
2195
2224
2196
2225
2197
2226
2198
2227
2199
2228
2200
2229
2201
2230
2202
2231
2203
2232
2204
2233
2205
2234
2206
2235
2207
2236
2208
2237
2209
2238
2210
2239
2211
2240
2212
2241
2213
2242
2214
2243
2215
2244
2216
2245
2217
2246
2218
2247
2219
2248
2249
2221
2250
2222
2251
2223
2252
2224
2253
2225
2254
2226
2255
2227
2256
2228
2257
2229
2258
2230
2259
2231
2260
2232
2261
2233
2262
2234
2263
2235
2264
2236
2265
2237
2266
2238
2267
2239
2268
2240
2269
2241
2270
2242
2271
2243
2272
2244
2273
2245
2274
2246
2275
2247
2276
2248
2277
2249
2278
2279
2251
2280
2252
2281
2253
2282
2254
2283
2255
2284
2256
2285
2257
2286
2258
2287
2259
2288
2260
2289
2261
2290
2262
2291
2263
2292
2264
2293
2265
2294
2266
2295
2267
2296
2268
2297
2269
2298
2270
2299
2271
2300
2272
2301
2273
2302
2274
2303
2275
2304
2276
2305
2277
2306
2278
2307
2279
2308
2309
2281
2310
2282
2311
2283
2312
2284
2313
2285
2314
2286
2315
2287
2316
2288
2317
2289
2318
2290
2319
2291
2320
2292
2321
2293
2322
2294
2323
2295
2324
2296
2325
2297
2326
2298
2327
2299
2328
2300
2329
2301
2330
2302
2331
2303
2332
2304
2333
2305
2334
2306
2335
2307
2336
2308
2337
2309
2338
2339
2311
2340
2312
2341
2313
2342
2314
2343
2315
2344
2316
2345
2317
2346
2318
2347
2319
2348
2320
2349
2321
2350
2322
2351
2323
2352
2324
2353
2325
2354
2326
2355
2327
2356
2328
2357
2329
2358
2330
2359
2331
2360
2332
2361
2333
2362
2334
2363
2335
2364
2336
2365
2337
2366
2338
2367
2339
2368
2369
2341
2370
2342
2371
2343
2372
2344
2373
2345
2374
2346
2375
2347
2376
2348
2377
2349
2378
2350
2379
2351
2380
2352
2381
2353
2382
2354
2383
2355
2384
2356
2385
2357
2386
2358
2387
2359
2388
2360
2389
2361
2390
2362
2391
2363
2392
2364
2393
2365
2394
2366
2395
2367
2396
2368
2397
2369
2398
2399
2371
2400
2372
2401
2373
2402
2374
2403
2375
2404
2376
2405
2377
2406
2378
2407
2379
2408
2380
2409
2381
2410
2382
2411
2383
2412
2384
2413
2385
2414
2386
2415
2387
2416
2388
2417
2389
2418
2390
2419
2391
2420
2392
2421
2393
2422
2394
2423
2395
2424
2396
2425
2397
2426
2398
2427
2399
2428
2429
2401
2430
2402
2431
2403
2432
2404
2433
2405
2434
2406
2435
2407
2436
2408
2437
2409
2438
2410
2439
2411
2440
2412
2441
2413
2442
2414
2443
2415
2444
2416
2445
2417
2446
2418
2447
2419
2448
2420
2449
2421
2450
2422
2451
2423
2452
2424
2453
2425
2454
2426
2455
2427
2456
2428
2457
2429
2458
2459
2431
2460
2432
2461
2433
2462
2434
2463
2435
2464
2436
2465
2437
2466
2438
2467
2439
2468
2440
2469
2441
2470
2442
2471
2443
2472
2444
2473
2445
2474
2446
2475
2447
2476
2448
2477
2449
2478
2450
2479
2451
2480
2452
2481
2453
2482
2454
2483
2455
2484
2456
2485
2457
2486
2458
2487
2459
2488
2489
2461
2490
2462
2491
2463
2492
2464
2493
2465
2494
2466
2495
2467
2496
2468
2497
2469
2498
2470
2499
2471
2500
2472
2501
2473
2502
2474
2503
2475
2504
2476
2505
2477
2506
2478
2507
2479
2508
2480
2509
2481
2510
2482
2511
2483
2512
2484
2513
2485
2514
2486
2515
2487
2516
2488
2517
2489
2518
2519
2491
2520
2492
2521
2493
2522
2494
2523
2495
2524
2496
2525
2497
2526
2498
2527
2499
2528
2500
2529
2501
2530
2502
2531
2503
2532
2504
2533
2505
2534
2506
2535
2507
2536
2508
2537
2509
2538
2510
2539
2511
2540
2512
2541
2513
2542
2514
2543
2515
2544
2516
2545
2517
2546
2518
2547
2519
2548
2549
2521
2550
2522
2551
2523
2552
2524
2553
2525
2554
2526
2555
2527
2556
2528
2557
2529
2558
2530
2559
2531
2560
2532
2561
2533
2562
2534
2563
2535
2564
2536
2565
2537
2566
2538
2567
2539
2568
2540
2569
2541
2570
2542
2571
2543
2572
2544
2573
2545
2574
2546
2575
2547
2576
2548
2577
2549
2578
2579
2551
2580
2552
2581
2553
2582
2554
2583
2555
2584
2556
2585
2557
2586
2558
2587
2559
2588
2560
2589
2561
2590
2562
2591
2563
2592
2564
2593
2565
2594
2566
2595
2567
2596
2568
2597
2569
2598
2570
2599
2571
2600
2572
2601
2573
2602
2574
2603
2575
2604
2576
2605
2577
2606
2578
2607
2579
2608
2609
2581
2610
2582
2611
2583
2612
2584
2613
2585
2614
2586
2615
2587
2616
2588
2617
2589
2618
2590
2619
2591
2620
2592
2621
2593
2622
2594
2623
2595
2624
2596
2625
2597
2626
2598
2627
2599
2628
2600
2629
2601
2630
2602
2631
2603
2632
2604
2633
2605
2634
2606
2635
2607
2636
2608
2637
2609
2638
2639
2611
2640
2612
2641
2613
2642
2614
2643
2615
2644
2616
2645
2617
2646
2618
2647
2619
2648
2620
2649
2621
2650
2622
2651
2623
2652
2624
2653
2625
2654
2626
2655
2627
2656
2628
2657
2629
2658
2630
2659
2631
2660
2632
2661
2633
2662
2634
2663
2635
2664
2636
2665
2637
2666
2638
2667
2639
2668
2669
2641
2670
2642
2671
2643
2672
2644
2673
2645
2674
2646
2675
2647
2676
2648
2677
2649
2678
2650
2679
2651
2680
2652
2681
2653
2682
2654
2683
2655
2684
2656
2685
2657
2686
2658
2687
2659
2688
2660
2689
2661
2690
2662
2691
2663
2692
2664
2693
2665
2694
2666
2695
2667
2696
2668
2697
2669
2698
2699
2671
2672
2673
2674
2675
2676
2677
2678
2679
2680
2681
2682
2683
2684
2685
2686
2687
2688
2689
2690
2691
2692
2693
2694
2695
2696
2697
2698
2699
)


// ************************************************************************* //
