/*--------------------------------*- C++ -*----------------------------------*\
| =========                 |                                                 |
| \\      /  F ield         | OpenFOAM: The Open Source CFD Toolbox           |
|  \\    /   O peration     | Version:  2506                                  |
|   \\  /    A nd           | Website:  www.openfoam.com                      |
|    \\/     M anipulation  |                                                 |
\*---------------------------------------------------------------------------*/
FoamFile
{
    version     2.0;
    format      ascii;
    arch        "LSB;label=32;scalar=64";
    class       vectorField;
    location    "constant/floor/polyMesh";
    object      points;
}
// * * * * * * * * * * * * * * * * * * * * * * * * * * * * * * * * * * * * * //


3844
(
(0 0 0)
(0.3333333 0 0)
(0.6666667 0 0)
(1 0 0)
(1.333333 0 0)
(1.666667 0 0)
(2 0 0)
(2.333333 0 0)
(2.666667 0 0)
(3 0 0)
(3.333333 0 0)
(3.666667 0 0)
(4 0 0)
(4.333333 0 0)
(4.666667 0 0)
(5 0 0)
(5.333333 0 0)
(5.666667 0 0)
(6 0 0)
(6.333333 0 0)
(6.666667 0 0)
(7 0 0)
(7.333333 0 0)
(7.666667 0 0)
(8 0 0)
(8.333333 0 0)
(8.666667 0 0)
(9 0 0)
(9.333333 0 0)
(9.666667 0 0)
(10 0 0)
(0 0.3333333 0)
(0.3333333 0.3333333 0)
(0.6666667 0.3333333 0)
(1 0.3333333 0)
(1.333333 0.3333333 0)
(1.666667 0.3333333 0)
(2 0.3333333 0)
(2.333333 0.3333333 0)
(2.666667 0.3333333 0)
(3 0.3333333 0)
(3.333333 0.3333333 0)
(3.666667 0.3333333 0)
(4 0.3333333 0)
(4.333333 0.3333333 0)
(4.666667 0.3333333 0)
(5 0.3333333 0)
(5.333333 0.3333333 0)
(5.666667 0.3333333 0)
(6 0.3333333 0)
(6.333333 0.3333333 0)
(6.666667 0.3333333 0)
(7 0.3333333 0)
(7.333333 0.3333333 0)
(7.666667 0.3333333 0)
(8 0.3333333 0)
(8.333333 0.3333333 0)
(8.666667 0.3333333 0)
(9 0.3333333 0)
(9.333333 0.3333333 0)
(9.666667 0.3333333 0)
(10 0.3333333 0)
(0 0.6666667 0)
(0.3333333 0.6666667 0)
(0.6666667 0.6666667 0)
(1 0.6666667 0)
(1.333333 0.6666667 0)
(1.666667 0.6666667 0)
(2 0.6666667 0)
(2.333333 0.6666667 0)
(2.666667 0.6666667 0)
(3 0.6666667 0)
(3.333333 0.6666667 0)
(3.666667 0.6666667 0)
(4 0.6666667 0)
(4.333333 0.6666667 0)
(4.666667 0.6666667 0)
(5 0.6666667 0)
(5.333333 0.6666667 0)
(5.666667 0.6666667 0)
(6 0.6666667 0)
(6.333333 0.6666667 0)
(6.666667 0.6666667 0)
(7 0.6666667 0)
(7.333333 0.6666667 0)
(7.666667 0.6666667 0)
(8 0.6666667 0)
(8.333333 0.6666667 0)
(8.666667 0.6666667 0)
(9 0.6666667 0)
(9.333333 0.6666667 0)
(9.666667 0.6666667 0)
(10 0.6666667 0)
(0 1 0)
(0.3333333 1 0)
(0.6666667 1 0)
(1 1 0)
(1.333333 1 0)
(1.666667 1 0)
(2 1 0)
(2.333333 1 0)
(2.666667 1 0)
(3 1 0)
(3.333333 1 0)
(3.666667 1 0)
(4 1 0)
(4.333333 1 0)
(4.666667 1 0)
(5 1 0)
(5.333333 1 0)
(5.666667 1 0)
(6 1 0)
(6.333333 1 0)
(6.666667 1 0)
(7 1 0)
(7.333333 1 0)
(7.666667 1 0)
(8 1 0)
(8.333333 1 0)
(8.666667 1 0)
(9 1 0)
(9.333333 1 0)
(9.666667 1 0)
(10 1 0)
(0 1.333333 0)
(0.3333333 1.333333 0)
(0.6666667 1.333333 0)
(1 1.333333 0)
(1.333333 1.333333 0)
(1.666667 1.333333 0)
(2 1.333333 0)
(2.333333 1.333333 0)
(2.666667 1.333333 0)
(3 1.333333 0)
(3.333333 1.333333 0)
(3.666667 1.333333 0)
(4 1.333333 0)
(4.333333 1.333333 0)
(4.666667 1.333333 0)
(5 1.333333 0)
(5.333333 1.333333 0)
(5.666667 1.333333 0)
(6 1.333333 0)
(6.333333 1.333333 0)
(6.666667 1.333333 0)
(7 1.333333 0)
(7.333333 1.333333 0)
(7.666667 1.333333 0)
(8 1.333333 0)
(8.333333 1.333333 0)
(8.666667 1.333333 0)
(9 1.333333 0)
(9.333333 1.333333 0)
(9.666667 1.333333 0)
(10 1.333333 0)
(0 1.666667 0)
(0.3333333 1.666667 0)
(0.6666667 1.666667 0)
(1 1.666667 0)
(1.333333 1.666667 0)
(1.666667 1.666667 0)
(2 1.666667 0)
(2.333333 1.666667 0)
(2.666667 1.666667 0)
(3 1.666667 0)
(3.333333 1.666667 0)
(3.666667 1.666667 0)
(4 1.666667 0)
(4.333333 1.666667 0)
(4.666667 1.666667 0)
(5 1.666667 0)
(5.333333 1.666667 0)
(5.666667 1.666667 0)
(6 1.666667 0)
(6.333333 1.666667 0)
(6.666667 1.666667 0)
(7 1.666667 0)
(7.333333 1.666667 0)
(7.666667 1.666667 0)
(8 1.666667 0)
(8.333333 1.666667 0)
(8.666667 1.666667 0)
(9 1.666667 0)
(9.333333 1.666667 0)
(9.666667 1.666667 0)
(10 1.666667 0)
(0 2 0)
(0.3333333 2 0)
(0.6666667 2 0)
(1 2 0)
(1.333333 2 0)
(1.666667 2 0)
(2 2 0)
(2.333333 2 0)
(2.666667 2 0)
(3 2 0)
(3.333333 2 0)
(3.666667 2 0)
(4 2 0)
(4.333333 2 0)
(4.666667 2 0)
(5 2 0)
(5.333333 2 0)
(5.666667 2 0)
(6 2 0)
(6.333333 2 0)
(6.666667 2 0)
(7 2 0)
(7.333333 2 0)
(7.666667 2 0)
(8 2 0)
(8.333333 2 0)
(8.666667 2 0)
(9 2 0)
(9.333333 2 0)
(9.666667 2 0)
(10 2 0)
(0 2.333333 0)
(0.3333333 2.333333 0)
(0.6666667 2.333333 0)
(1 2.333333 0)
(1.333333 2.333333 0)
(1.666667 2.333333 0)
(2 2.333333 0)
(2.333333 2.333333 0)
(2.666667 2.333333 0)
(3 2.333333 0)
(3.333333 2.333333 0)
(3.666667 2.333333 0)
(4 2.333333 0)
(4.333333 2.333333 0)
(4.666667 2.333333 0)
(5 2.333333 0)
(5.333333 2.333333 0)
(5.666667 2.333333 0)
(6 2.333333 0)
(6.333333 2.333333 0)
(6.666667 2.333333 0)
(7 2.333333 0)
(7.333333 2.333333 0)
(7.666667 2.333333 0)
(8 2.333333 0)
(8.333333 2.333333 0)
(8.666667 2.333333 0)
(9 2.333333 0)
(9.333333 2.333333 0)
(9.666667 2.333333 0)
(10 2.333333 0)
(0 2.666667 0)
(0.3333333 2.666667 0)
(0.6666667 2.666667 0)
(1 2.666667 0)
(1.333333 2.666667 0)
(1.666667 2.666667 0)
(2 2.666667 0)
(2.333333 2.666667 0)
(2.666667 2.666667 0)
(3 2.666667 0)
(3.333333 2.666667 0)
(3.666667 2.666667 0)
(4 2.666667 0)
(4.333333 2.666667 0)
(4.666667 2.666667 0)
(5 2.666667 0)
(5.333333 2.666667 0)
(5.666667 2.666667 0)
(6 2.666667 0)
(6.333333 2.666667 0)
(6.666667 2.666667 0)
(7 2.666667 0)
(7.333333 2.666667 0)
(7.666667 2.666667 0)
(8 2.666667 0)
(8.333333 2.666667 0)
(8.666667 2.666667 0)
(9 2.666667 0)
(9.333333 2.666667 0)
(9.666667 2.666667 0)
(10 2.666667 0)
(0 3 0)
(0.3333333 3 0)
(0.6666667 3 0)
(1 3 0)
(1.333333 3 0)
(1.666667 3 0)
(2 3 0)
(2.333333 3 0)
(2.666667 3 0)
(3 3 0)
(3.333333 3 0)
(3.666667 3 0)
(4 3 0)
(4.333333 3 0)
(4.666667 3 0)
(5 3 0)
(5.333333 3 0)
(5.666667 3 0)
(6 3 0)
(6.333333 3 0)
(6.666667 3 0)
(7 3 0)
(7.333333 3 0)
(7.666667 3 0)
(8 3 0)
(8.333333 3 0)
(8.666667 3 0)
(9 3 0)
(9.333333 3 0)
(9.666667 3 0)
(10 3 0)
(0 3.333333 0)
(0.3333333 3.333333 0)
(0.6666667 3.333333 0)
(1 3.333333 0)
(1.333333 3.333333 0)
(1.666667 3.333333 0)
(2 3.333333 0)
(2.333333 3.333333 0)
(2.666667 3.333333 0)
(3 3.333333 0)
(3.333333 3.333333 0)
(3.666667 3.333333 0)
(4 3.333333 0)
(4.333333 3.333333 0)
(4.666667 3.333333 0)
(5 3.333333 0)
(5.333333 3.333333 0)
(5.666667 3.333333 0)
(6 3.333333 0)
(6.333333 3.333333 0)
(6.666667 3.333333 0)
(7 3.333333 0)
(7.333333 3.333333 0)
(7.666667 3.333333 0)
(8 3.333333 0)
(8.333333 3.333333 0)
(8.666667 3.333333 0)
(9 3.333333 0)
(9.333333 3.333333 0)
(9.666667 3.333333 0)
(10 3.333333 0)
(0 3.666667 0)
(0.3333333 3.666667 0)
(0.6666667 3.666667 0)
(1 3.666667 0)
(1.333333 3.666667 0)
(1.666667 3.666667 0)
(2 3.666667 0)
(2.333333 3.666667 0)
(2.666667 3.666667 0)
(3 3.666667 0)
(3.333333 3.666667 0)
(3.666667 3.666667 0)
(4 3.666667 0)
(4.333333 3.666667 0)
(4.666667 3.666667 0)
(5 3.666667 0)
(5.333333 3.666667 0)
(5.666667 3.666667 0)
(6 3.666667 0)
(6.333333 3.666667 0)
(6.666667 3.666667 0)
(7 3.666667 0)
(7.333333 3.666667 0)
(7.666667 3.666667 0)
(8 3.666667 0)
(8.333333 3.666667 0)
(8.666667 3.666667 0)
(9 3.666667 0)
(9.333333 3.666667 0)
(9.666667 3.666667 0)
(10 3.666667 0)
(0 4 0)
(0.3333333 4 0)
(0.6666667 4 0)
(1 4 0)
(1.333333 4 0)
(1.666667 4 0)
(2 4 0)
(2.333333 4 0)
(2.666667 4 0)
(3 4 0)
(3.333333 4 0)
(3.666667 4 0)
(4 4 0)
(4.333333 4 0)
(4.666667 4 0)
(5 4 0)
(5.333333 4 0)
(5.666667 4 0)
(6 4 0)
(6.333333 4 0)
(6.666667 4 0)
(7 4 0)
(7.333333 4 0)
(7.666667 4 0)
(8 4 0)
(8.333333 4 0)
(8.666667 4 0)
(9 4 0)
(9.333333 4 0)
(9.666667 4 0)
(10 4 0)
(0 4.333333 0)
(0.3333333 4.333333 0)
(0.6666667 4.333333 0)
(1 4.333333 0)
(1.333333 4.333333 0)
(1.666667 4.333333 0)
(2 4.333333 0)
(2.333333 4.333333 0)
(2.666667 4.333333 0)
(3 4.333333 0)
(3.333333 4.333333 0)
(3.666667 4.333333 0)
(4 4.333333 0)
(4.333333 4.333333 0)
(4.666667 4.333333 0)
(5 4.333333 0)
(5.333333 4.333333 0)
(5.666667 4.333333 0)
(6 4.333333 0)
(6.333333 4.333333 0)
(6.666667 4.333333 0)
(7 4.333333 0)
(7.333333 4.333333 0)
(7.666667 4.333333 0)
(8 4.333333 0)
(8.333333 4.333333 0)
(8.666667 4.333333 0)
(9 4.333333 0)
(9.333333 4.333333 0)
(9.666667 4.333333 0)
(10 4.333333 0)
(0 4.666667 0)
(0.3333333 4.666667 0)
(0.6666667 4.666667 0)
(1 4.666667 0)
(1.333333 4.666667 0)
(1.666667 4.666667 0)
(2 4.666667 0)
(2.333333 4.666667 0)
(2.666667 4.666667 0)
(3 4.666667 0)
(3.333333 4.666667 0)
(3.666667 4.666667 0)
(4 4.666667 0)
(4.333333 4.666667 0)
(4.666667 4.666667 0)
(5 4.666667 0)
(5.333333 4.666667 0)
(5.666667 4.666667 0)
(6 4.666667 0)
(6.333333 4.666667 0)
(6.666667 4.666667 0)
(7 4.666667 0)
(7.333333 4.666667 0)
(7.666667 4.666667 0)
(8 4.666667 0)
(8.333333 4.666667 0)
(8.666667 4.666667 0)
(9 4.666667 0)
(9.333333 4.666667 0)
(9.666667 4.666667 0)
(10 4.666667 0)
(0 5 0)
(0.3333333 5 0)
(0.6666667 5 0)
(1 5 0)
(1.333333 5 0)
(1.666667 5 0)
(2 5 0)
(2.333333 5 0)
(2.666667 5 0)
(3 5 0)
(3.333333 5 0)
(3.666667 5 0)
(4 5 0)
(4.333333 5 0)
(4.666667 5 0)
(5 5 0)
(5.333333 5 0)
(5.666667 5 0)
(6 5 0)
(6.333333 5 0)
(6.666667 5 0)
(7 5 0)
(7.333333 5 0)
(7.666667 5 0)
(8 5 0)
(8.333333 5 0)
(8.666667 5 0)
(9 5 0)
(9.333333 5 0)
(9.666667 5 0)
(10 5 0)
(0 5.333333 0)
(0.3333333 5.333333 0)
(0.6666667 5.333333 0)
(1 5.333333 0)
(1.333333 5.333333 0)
(1.666667 5.333333 0)
(2 5.333333 0)
(2.333333 5.333333 0)
(2.666667 5.333333 0)
(3 5.333333 0)
(3.333333 5.333333 0)
(3.666667 5.333333 0)
(4 5.333333 0)
(4.333333 5.333333 0)
(4.666667 5.333333 0)
(5 5.333333 0)
(5.333333 5.333333 0)
(5.666667 5.333333 0)
(6 5.333333 0)
(6.333333 5.333333 0)
(6.666667 5.333333 0)
(7 5.333333 0)
(7.333333 5.333333 0)
(7.666667 5.333333 0)
(8 5.333333 0)
(8.333333 5.333333 0)
(8.666667 5.333333 0)
(9 5.333333 0)
(9.333333 5.333333 0)
(9.666667 5.333333 0)
(10 5.333333 0)
(0 5.666667 0)
(0.3333333 5.666667 0)
(0.6666667 5.666667 0)
(1 5.666667 0)
(1.333333 5.666667 0)
(1.666667 5.666667 0)
(2 5.666667 0)
(2.333333 5.666667 0)
(2.666667 5.666667 0)
(3 5.666667 0)
(3.333333 5.666667 0)
(3.666667 5.666667 0)
(4 5.666667 0)
(4.333333 5.666667 0)
(4.666667 5.666667 0)
(5 5.666667 0)
(5.333333 5.666667 0)
(5.666667 5.666667 0)
(6 5.666667 0)
(6.333333 5.666667 0)
(6.666667 5.666667 0)
(7 5.666667 0)
(7.333333 5.666667 0)
(7.666667 5.666667 0)
(8 5.666667 0)
(8.333333 5.666667 0)
(8.666667 5.666667 0)
(9 5.666667 0)
(9.333333 5.666667 0)
(9.666667 5.666667 0)
(10 5.666667 0)
(0 6 0)
(0.3333333 6 0)
(0.6666667 6 0)
(1 6 0)
(1.333333 6 0)
(1.666667 6 0)
(2 6 0)
(2.333333 6 0)
(2.666667 6 0)
(3 6 0)
(3.333333 6 0)
(3.666667 6 0)
(4 6 0)
(4.333333 6 0)
(4.666667 6 0)
(5 6 0)
(5.333333 6 0)
(5.666667 6 0)
(6 6 0)
(6.333333 6 0)
(6.666667 6 0)
(7 6 0)
(7.333333 6 0)
(7.666667 6 0)
(8 6 0)
(8.333333 6 0)
(8.666667 6 0)
(9 6 0)
(9.333333 6 0)
(9.666667 6 0)
(10 6 0)
(0 6.333333 0)
(0.3333333 6.333333 0)
(0.6666667 6.333333 0)
(1 6.333333 0)
(1.333333 6.333333 0)
(1.666667 6.333333 0)
(2 6.333333 0)
(2.333333 6.333333 0)
(2.666667 6.333333 0)
(3 6.333333 0)
(3.333333 6.333333 0)
(3.666667 6.333333 0)
(4 6.333333 0)
(4.333333 6.333333 0)
(4.666667 6.333333 0)
(5 6.333333 0)
(5.333333 6.333333 0)
(5.666667 6.333333 0)
(6 6.333333 0)
(6.333333 6.333333 0)
(6.666667 6.333333 0)
(7 6.333333 0)
(7.333333 6.333333 0)
(7.666667 6.333333 0)
(8 6.333333 0)
(8.333333 6.333333 0)
(8.666667 6.333333 0)
(9 6.333333 0)
(9.333333 6.333333 0)
(9.666667 6.333333 0)
(10 6.333333 0)
(0 6.666667 0)
(0.3333333 6.666667 0)
(0.6666667 6.666667 0)
(1 6.666667 0)
(1.333333 6.666667 0)
(1.666667 6.666667 0)
(2 6.666667 0)
(2.333333 6.666667 0)
(2.666667 6.666667 0)
(3 6.666667 0)
(3.333333 6.666667 0)
(3.666667 6.666667 0)
(4 6.666667 0)
(4.333333 6.666667 0)
(4.666667 6.666667 0)
(5 6.666667 0)
(5.333333 6.666667 0)
(5.666667 6.666667 0)
(6 6.666667 0)
(6.333333 6.666667 0)
(6.666667 6.666667 0)
(7 6.666667 0)
(7.333333 6.666667 0)
(7.666667 6.666667 0)
(8 6.666667 0)
(8.333333 6.666667 0)
(8.666667 6.666667 0)
(9 6.666667 0)
(9.333333 6.666667 0)
(9.666667 6.666667 0)
(10 6.666667 0)
(0 7 0)
(0.3333333 7 0)
(0.6666667 7 0)
(1 7 0)
(1.333333 7 0)
(1.666667 7 0)
(2 7 0)
(2.333333 7 0)
(2.666667 7 0)
(3 7 0)
(3.333333 7 0)
(3.666667 7 0)
(4 7 0)
(4.333333 7 0)
(4.666667 7 0)
(5 7 0)
(5.333333 7 0)
(5.666667 7 0)
(6 7 0)
(6.333333 7 0)
(6.666667 7 0)
(7 7 0)
(7.333333 7 0)
(7.666667 7 0)
(8 7 0)
(8.333333 7 0)
(8.666667 7 0)
(9 7 0)
(9.333333 7 0)
(9.666667 7 0)
(10 7 0)
(0 7.333333 0)
(0.3333333 7.333333 0)
(0.6666667 7.333333 0)
(1 7.333333 0)
(1.333333 7.333333 0)
(1.666667 7.333333 0)
(2 7.333333 0)
(2.333333 7.333333 0)
(2.666667 7.333333 0)
(3 7.333333 0)
(3.333333 7.333333 0)
(3.666667 7.333333 0)
(4 7.333333 0)
(4.333333 7.333333 0)
(4.666667 7.333333 0)
(5 7.333333 0)
(5.333333 7.333333 0)
(5.666667 7.333333 0)
(6 7.333333 0)
(6.333333 7.333333 0)
(6.666667 7.333333 0)
(7 7.333333 0)
(7.333333 7.333333 0)
(7.666667 7.333333 0)
(8 7.333333 0)
(8.333333 7.333333 0)
(8.666667 7.333333 0)
(9 7.333333 0)
(9.333333 7.333333 0)
(9.666667 7.333333 0)
(10 7.333333 0)
(0 7.666667 0)
(0.3333333 7.666667 0)
(0.6666667 7.666667 0)
(1 7.666667 0)
(1.333333 7.666667 0)
(1.666667 7.666667 0)
(2 7.666667 0)
(2.333333 7.666667 0)
(2.666667 7.666667 0)
(3 7.666667 0)
(3.333333 7.666667 0)
(3.666667 7.666667 0)
(4 7.666667 0)
(4.333333 7.666667 0)
(4.666667 7.666667 0)
(5 7.666667 0)
(5.333333 7.666667 0)
(5.666667 7.666667 0)
(6 7.666667 0)
(6.333333 7.666667 0)
(6.666667 7.666667 0)
(7 7.666667 0)
(7.333333 7.666667 0)
(7.666667 7.666667 0)
(8 7.666667 0)
(8.333333 7.666667 0)
(8.666667 7.666667 0)
(9 7.666667 0)
(9.333333 7.666667 0)
(9.666667 7.666667 0)
(10 7.666667 0)
(0 8 0)
(0.3333333 8 0)
(0.6666667 8 0)
(1 8 0)
(1.333333 8 0)
(1.666667 8 0)
(2 8 0)
(2.333333 8 0)
(2.666667 8 0)
(3 8 0)
(3.333333 8 0)
(3.666667 8 0)
(4 8 0)
(4.333333 8 0)
(4.666667 8 0)
(5 8 0)
(5.333333 8 0)
(5.666667 8 0)
(6 8 0)
(6.333333 8 0)
(6.666667 8 0)
(7 8 0)
(7.333333 8 0)
(7.666667 8 0)
(8 8 0)
(8.333333 8 0)
(8.666667 8 0)
(9 8 0)
(9.333333 8 0)
(9.666667 8 0)
(10 8 0)
(0 8.333333 0)
(0.3333333 8.333333 0)
(0.6666667 8.333333 0)
(1 8.333333 0)
(1.333333 8.333333 0)
(1.666667 8.333333 0)
(2 8.333333 0)
(2.333333 8.333333 0)
(2.666667 8.333333 0)
(3 8.333333 0)
(3.333333 8.333333 0)
(3.666667 8.333333 0)
(4 8.333333 0)
(4.333333 8.333333 0)
(4.666667 8.333333 0)
(5 8.333333 0)
(5.333333 8.333333 0)
(5.666667 8.333333 0)
(6 8.333333 0)
(6.333333 8.333333 0)
(6.666667 8.333333 0)
(7 8.333333 0)
(7.333333 8.333333 0)
(7.666667 8.333333 0)
(8 8.333333 0)
(8.333333 8.333333 0)
(8.666667 8.333333 0)
(9 8.333333 0)
(9.333333 8.333333 0)
(9.666667 8.333333 0)
(10 8.333333 0)
(0 8.666667 0)
(0.3333333 8.666667 0)
(0.6666667 8.666667 0)
(1 8.666667 0)
(1.333333 8.666667 0)
(1.666667 8.666667 0)
(2 8.666667 0)
(2.333333 8.666667 0)
(2.666667 8.666667 0)
(3 8.666667 0)
(3.333333 8.666667 0)
(3.666667 8.666667 0)
(4 8.666667 0)
(4.333333 8.666667 0)
(4.666667 8.666667 0)
(5 8.666667 0)
(5.333333 8.666667 0)
(5.666667 8.666667 0)
(6 8.666667 0)
(6.333333 8.666667 0)
(6.666667 8.666667 0)
(7 8.666667 0)
(7.333333 8.666667 0)
(7.666667 8.666667 0)
(8 8.666667 0)
(8.333333 8.666667 0)
(8.666667 8.666667 0)
(9 8.666667 0)
(9.333333 8.666667 0)
(9.666667 8.666667 0)
(10 8.666667 0)
(0 9 0)
(0.3333333 9 0)
(0.6666667 9 0)
(1 9 0)
(1.333333 9 0)
(1.666667 9 0)
(2 9 0)
(2.333333 9 0)
(2.666667 9 0)
(3 9 0)
(3.333333 9 0)
(3.666667 9 0)
(4 9 0)
(4.333333 9 0)
(4.666667 9 0)
(5 9 0)
(5.333333 9 0)
(5.666667 9 0)
(6 9 0)
(6.333333 9 0)
(6.666667 9 0)
(7 9 0)
(7.333333 9 0)
(7.666667 9 0)
(8 9 0)
(8.333333 9 0)
(8.666667 9 0)
(9 9 0)
(9.333333 9 0)
(9.666667 9 0)
(10 9 0)
(0 9.333333 0)
(0.3333333 9.333333 0)
(0.6666667 9.333333 0)
(1 9.333333 0)
(1.333333 9.333333 0)
(1.666667 9.333333 0)
(2 9.333333 0)
(2.333333 9.333333 0)
(2.666667 9.333333 0)
(3 9.333333 0)
(3.333333 9.333333 0)
(3.666667 9.333333 0)
(4 9.333333 0)
(4.333333 9.333333 0)
(4.666667 9.333333 0)
(5 9.333333 0)
(5.333333 9.333333 0)
(5.666667 9.333333 0)
(6 9.333333 0)
(6.333333 9.333333 0)
(6.666667 9.333333 0)
(7 9.333333 0)
(7.333333 9.333333 0)
(7.666667 9.333333 0)
(8 9.333333 0)
(8.333333 9.333333 0)
(8.666667 9.333333 0)
(9 9.333333 0)
(9.333333 9.333333 0)
(9.666667 9.333333 0)
(10 9.333333 0)
(0 9.666667 0)
(0.3333333 9.666667 0)
(0.6666667 9.666667 0)
(1 9.666667 0)
(1.333333 9.666667 0)
(1.666667 9.666667 0)
(2 9.666667 0)
(2.333333 9.666667 0)
(2.666667 9.666667 0)
(3 9.666667 0)
(3.333333 9.666667 0)
(3.666667 9.666667 0)
(4 9.666667 0)
(4.333333 9.666667 0)
(4.666667 9.666667 0)
(5 9.666667 0)
(5.333333 9.666667 0)
(5.666667 9.666667 0)
(6 9.666667 0)
(6.333333 9.666667 0)
(6.666667 9.666667 0)
(7 9.666667 0)
(7.333333 9.666667 0)
(7.666667 9.666667 0)
(8 9.666667 0)
(8.333333 9.666667 0)
(8.666667 9.666667 0)
(9 9.666667 0)
(9.333333 9.666667 0)
(9.666667 9.666667 0)
(10 9.666667 0)
(0 10 0)
(0.3333333 10 0)
(0.6666667 10 0)
(1 10 0)
(1.333333 10 0)
(1.666667 10 0)
(2 10 0)
(2.333333 10 0)
(2.666667 10 0)
(3 10 0)
(3.333333 10 0)
(3.666667 10 0)
(4 10 0)
(4.333333 10 0)
(4.666667 10 0)
(5 10 0)
(5.333333 10 0)
(5.666667 10 0)
(6 10 0)
(6.333333 10 0)
(6.666667 10 0)
(7 10 0)
(7.333333 10 0)
(7.666667 10 0)
(8 10 0)
(8.333333 10 0)
(8.666667 10 0)
(9 10 0)
(9.333333 10 0)
(9.666667 10 0)
(10 10 0)
(0 0 -0.5)
(0.3333333 0 -0.5)
(0.6666667 0 -0.5)
(1 0 -0.5)
(1.333333 0 -0.5)
(1.666667 0 -0.5)
(2 0 -0.5)
(2.333333 0 -0.5)
(2.666667 0 -0.5)
(3 0 -0.5)
(3.333333 0 -0.5)
(3.666667 0 -0.5)
(4 0 -0.5)
(4.333333 0 -0.5)
(4.666667 0 -0.5)
(5 0 -0.5)
(5.333333 0 -0.5)
(5.666667 0 -0.5)
(6 0 -0.5)
(6.333333 0 -0.5)
(6.666667 0 -0.5)
(7 0 -0.5)
(7.333333 0 -0.5)
(7.666667 0 -0.5)
(8 0 -0.5)
(8.333333 0 -0.5)
(8.666667 0 -0.5)
(9 0 -0.5)
(9.333333 0 -0.5)
(9.666667 0 -0.5)
(10 0 -0.5)
(0 0.3333333 -0.5)
(0.3333333 0.3333333 -0.5)
(0.6666667 0.3333333 -0.5)
(1 0.3333333 -0.5)
(1.333333 0.3333333 -0.5)
(1.666667 0.3333333 -0.5)
(2 0.3333333 -0.5)
(2.333333 0.3333333 -0.5)
(2.666667 0.3333333 -0.5)
(3 0.3333333 -0.5)
(3.333333 0.3333333 -0.5)
(3.666667 0.3333333 -0.5)
(4 0.3333333 -0.5)
(4.333333 0.3333333 -0.5)
(4.666667 0.3333333 -0.5)
(5 0.3333333 -0.5)
(5.333333 0.3333333 -0.5)
(5.666667 0.3333333 -0.5)
(6 0.3333333 -0.5)
(6.333333 0.3333333 -0.5)
(6.666667 0.3333333 -0.5)
(7 0.3333333 -0.5)
(7.333333 0.3333333 -0.5)
(7.666667 0.3333333 -0.5)
(8 0.3333333 -0.5)
(8.333333 0.3333333 -0.5)
(8.666667 0.3333333 -0.5)
(9 0.3333333 -0.5)
(9.333333 0.3333333 -0.5)
(9.666667 0.3333333 -0.5)
(10 0.3333333 -0.5)
(0 0.6666667 -0.5)
(0.3333333 0.6666667 -0.5)
(0.6666667 0.6666667 -0.5)
(1 0.6666667 -0.5)
(1.333333 0.6666667 -0.5)
(1.666667 0.6666667 -0.5)
(2 0.6666667 -0.5)
(2.333333 0.6666667 -0.5)
(2.666667 0.6666667 -0.5)
(3 0.6666667 -0.5)
(3.333333 0.6666667 -0.5)
(3.666667 0.6666667 -0.5)
(4 0.6666667 -0.5)
(4.333333 0.6666667 -0.5)
(4.666667 0.6666667 -0.5)
(5 0.6666667 -0.5)
(5.333333 0.6666667 -0.5)
(5.666667 0.6666667 -0.5)
(6 0.6666667 -0.5)
(6.333333 0.6666667 -0.5)
(6.666667 0.6666667 -0.5)
(7 0.6666667 -0.5)
(7.333333 0.6666667 -0.5)
(7.666667 0.6666667 -0.5)
(8 0.6666667 -0.5)
(8.333333 0.6666667 -0.5)
(8.666667 0.6666667 -0.5)
(9 0.6666667 -0.5)
(9.333333 0.6666667 -0.5)
(9.666667 0.6666667 -0.5)
(10 0.6666667 -0.5)
(0 1 -0.5)
(0.3333333 1 -0.5)
(0.6666667 1 -0.5)
(1 1 -0.5)
(1.333333 1 -0.5)
(1.666667 1 -0.5)
(2 1 -0.5)
(2.333333 1 -0.5)
(2.666667 1 -0.5)
(3 1 -0.5)
(3.333333 1 -0.5)
(3.666667 1 -0.5)
(4 1 -0.5)
(4.333333 1 -0.5)
(4.666667 1 -0.5)
(5 1 -0.5)
(5.333333 1 -0.5)
(5.666667 1 -0.5)
(6 1 -0.5)
(6.333333 1 -0.5)
(6.666667 1 -0.5)
(7 1 -0.5)
(7.333333 1 -0.5)
(7.666667 1 -0.5)
(8 1 -0.5)
(8.333333 1 -0.5)
(8.666667 1 -0.5)
(9 1 -0.5)
(9.333333 1 -0.5)
(9.666667 1 -0.5)
(10 1 -0.5)
(0 1.333333 -0.5)
(0.3333333 1.333333 -0.5)
(0.6666667 1.333333 -0.5)
(1 1.333333 -0.5)
(1.333333 1.333333 -0.5)
(1.666667 1.333333 -0.5)
(2 1.333333 -0.5)
(2.333333 1.333333 -0.5)
(2.666667 1.333333 -0.5)
(3 1.333333 -0.5)
(3.333333 1.333333 -0.5)
(3.666667 1.333333 -0.5)
(4 1.333333 -0.5)
(4.333333 1.333333 -0.5)
(4.666667 1.333333 -0.5)
(5 1.333333 -0.5)
(5.333333 1.333333 -0.5)
(5.666667 1.333333 -0.5)
(6 1.333333 -0.5)
(6.333333 1.333333 -0.5)
(6.666667 1.333333 -0.5)
(7 1.333333 -0.5)
(7.333333 1.333333 -0.5)
(7.666667 1.333333 -0.5)
(8 1.333333 -0.5)
(8.333333 1.333333 -0.5)
(8.666667 1.333333 -0.5)
(9 1.333333 -0.5)
(9.333333 1.333333 -0.5)
(9.666667 1.333333 -0.5)
(10 1.333333 -0.5)
(0 1.666667 -0.5)
(0.3333333 1.666667 -0.5)
(0.6666667 1.666667 -0.5)
(1 1.666667 -0.5)
(1.333333 1.666667 -0.5)
(1.666667 1.666667 -0.5)
(2 1.666667 -0.5)
(2.333333 1.666667 -0.5)
(2.666667 1.666667 -0.5)
(3 1.666667 -0.5)
(3.333333 1.666667 -0.5)
(3.666667 1.666667 -0.5)
(4 1.666667 -0.5)
(4.333333 1.666667 -0.5)
(4.666667 1.666667 -0.5)
(5 1.666667 -0.5)
(5.333333 1.666667 -0.5)
(5.666667 1.666667 -0.5)
(6 1.666667 -0.5)
(6.333333 1.666667 -0.5)
(6.666667 1.666667 -0.5)
(7 1.666667 -0.5)
(7.333333 1.666667 -0.5)
(7.666667 1.666667 -0.5)
(8 1.666667 -0.5)
(8.333333 1.666667 -0.5)
(8.666667 1.666667 -0.5)
(9 1.666667 -0.5)
(9.333333 1.666667 -0.5)
(9.666667 1.666667 -0.5)
(10 1.666667 -0.5)
(0 2 -0.5)
(0.3333333 2 -0.5)
(0.6666667 2 -0.5)
(1 2 -0.5)
(1.333333 2 -0.5)
(1.666667 2 -0.5)
(2 2 -0.5)
(2.333333 2 -0.5)
(2.666667 2 -0.5)
(3 2 -0.5)
(3.333333 2 -0.5)
(3.666667 2 -0.5)
(4 2 -0.5)
(4.333333 2 -0.5)
(4.666667 2 -0.5)
(5 2 -0.5)
(5.333333 2 -0.5)
(5.666667 2 -0.5)
(6 2 -0.5)
(6.333333 2 -0.5)
(6.666667 2 -0.5)
(7 2 -0.5)
(7.333333 2 -0.5)
(7.666667 2 -0.5)
(8 2 -0.5)
(8.333333 2 -0.5)
(8.666667 2 -0.5)
(9 2 -0.5)
(9.333333 2 -0.5)
(9.666667 2 -0.5)
(10 2 -0.5)
(0 2.333333 -0.5)
(0.3333333 2.333333 -0.5)
(0.6666667 2.333333 -0.5)
(1 2.333333 -0.5)
(1.333333 2.333333 -0.5)
(1.666667 2.333333 -0.5)
(2 2.333333 -0.5)
(2.333333 2.333333 -0.5)
(2.666667 2.333333 -0.5)
(3 2.333333 -0.5)
(3.333333 2.333333 -0.5)
(3.666667 2.333333 -0.5)
(4 2.333333 -0.5)
(4.333333 2.333333 -0.5)
(4.666667 2.333333 -0.5)
(5 2.333333 -0.5)
(5.333333 2.333333 -0.5)
(5.666667 2.333333 -0.5)
(6 2.333333 -0.5)
(6.333333 2.333333 -0.5)
(6.666667 2.333333 -0.5)
(7 2.333333 -0.5)
(7.333333 2.333333 -0.5)
(7.666667 2.333333 -0.5)
(8 2.333333 -0.5)
(8.333333 2.333333 -0.5)
(8.666667 2.333333 -0.5)
(9 2.333333 -0.5)
(9.333333 2.333333 -0.5)
(9.666667 2.333333 -0.5)
(10 2.333333 -0.5)
(0 2.666667 -0.5)
(0.3333333 2.666667 -0.5)
(0.6666667 2.666667 -0.5)
(1 2.666667 -0.5)
(1.333333 2.666667 -0.5)
(1.666667 2.666667 -0.5)
(2 2.666667 -0.5)
(2.333333 2.666667 -0.5)
(2.666667 2.666667 -0.5)
(3 2.666667 -0.5)
(3.333333 2.666667 -0.5)
(3.666667 2.666667 -0.5)
(4 2.666667 -0.5)
(4.333333 2.666667 -0.5)
(4.666667 2.666667 -0.5)
(5 2.666667 -0.5)
(5.333333 2.666667 -0.5)
(5.666667 2.666667 -0.5)
(6 2.666667 -0.5)
(6.333333 2.666667 -0.5)
(6.666667 2.666667 -0.5)
(7 2.666667 -0.5)
(7.333333 2.666667 -0.5)
(7.666667 2.666667 -0.5)
(8 2.666667 -0.5)
(8.333333 2.666667 -0.5)
(8.666667 2.666667 -0.5)
(9 2.666667 -0.5)
(9.333333 2.666667 -0.5)
(9.666667 2.666667 -0.5)
(10 2.666667 -0.5)
(0 3 -0.5)
(0.3333333 3 -0.5)
(0.6666667 3 -0.5)
(1 3 -0.5)
(1.333333 3 -0.5)
(1.666667 3 -0.5)
(2 3 -0.5)
(2.333333 3 -0.5)
(2.666667 3 -0.5)
(3 3 -0.5)
(3.333333 3 -0.5)
(3.666667 3 -0.5)
(4 3 -0.5)
(4.333333 3 -0.5)
(4.666667 3 -0.5)
(5 3 -0.5)
(5.333333 3 -0.5)
(5.666667 3 -0.5)
(6 3 -0.5)
(6.333333 3 -0.5)
(6.666667 3 -0.5)
(7 3 -0.5)
(7.333333 3 -0.5)
(7.666667 3 -0.5)
(8 3 -0.5)
(8.333333 3 -0.5)
(8.666667 3 -0.5)
(9 3 -0.5)
(9.333333 3 -0.5)
(9.666667 3 -0.5)
(10 3 -0.5)
(0 3.333333 -0.5)
(0.3333333 3.333333 -0.5)
(0.6666667 3.333333 -0.5)
(1 3.333333 -0.5)
(1.333333 3.333333 -0.5)
(1.666667 3.333333 -0.5)
(2 3.333333 -0.5)
(2.333333 3.333333 -0.5)
(2.666667 3.333333 -0.5)
(3 3.333333 -0.5)
(3.333333 3.333333 -0.5)
(3.666667 3.333333 -0.5)
(4 3.333333 -0.5)
(4.333333 3.333333 -0.5)
(4.666667 3.333333 -0.5)
(5 3.333333 -0.5)
(5.333333 3.333333 -0.5)
(5.666667 3.333333 -0.5)
(6 3.333333 -0.5)
(6.333333 3.333333 -0.5)
(6.666667 3.333333 -0.5)
(7 3.333333 -0.5)
(7.333333 3.333333 -0.5)
(7.666667 3.333333 -0.5)
(8 3.333333 -0.5)
(8.333333 3.333333 -0.5)
(8.666667 3.333333 -0.5)
(9 3.333333 -0.5)
(9.333333 3.333333 -0.5)
(9.666667 3.333333 -0.5)
(10 3.333333 -0.5)
(0 3.666667 -0.5)
(0.3333333 3.666667 -0.5)
(0.6666667 3.666667 -0.5)
(1 3.666667 -0.5)
(1.333333 3.666667 -0.5)
(1.666667 3.666667 -0.5)
(2 3.666667 -0.5)
(2.333333 3.666667 -0.5)
(2.666667 3.666667 -0.5)
(3 3.666667 -0.5)
(3.333333 3.666667 -0.5)
(3.666667 3.666667 -0.5)
(4 3.666667 -0.5)
(4.333333 3.666667 -0.5)
(4.666667 3.666667 -0.5)
(5 3.666667 -0.5)
(5.333333 3.666667 -0.5)
(5.666667 3.666667 -0.5)
(6 3.666667 -0.5)
(6.333333 3.666667 -0.5)
(6.666667 3.666667 -0.5)
(7 3.666667 -0.5)
(7.333333 3.666667 -0.5)
(7.666667 3.666667 -0.5)
(8 3.666667 -0.5)
(8.333333 3.666667 -0.5)
(8.666667 3.666667 -0.5)
(9 3.666667 -0.5)
(9.333333 3.666667 -0.5)
(9.666667 3.666667 -0.5)
(10 3.666667 -0.5)
(0 4 -0.5)
(0.3333333 4 -0.5)
(0.6666667 4 -0.5)
(1 4 -0.5)
(1.333333 4 -0.5)
(1.666667 4 -0.5)
(2 4 -0.5)
(2.333333 4 -0.5)
(2.666667 4 -0.5)
(3 4 -0.5)
(3.333333 4 -0.5)
(3.666667 4 -0.5)
(4 4 -0.5)
(4.333333 4 -0.5)
(4.666667 4 -0.5)
(5 4 -0.5)
(5.333333 4 -0.5)
(5.666667 4 -0.5)
(6 4 -0.5)
(6.333333 4 -0.5)
(6.666667 4 -0.5)
(7 4 -0.5)
(7.333333 4 -0.5)
(7.666667 4 -0.5)
(8 4 -0.5)
(8.333333 4 -0.5)
(8.666667 4 -0.5)
(9 4 -0.5)
(9.333333 4 -0.5)
(9.666667 4 -0.5)
(10 4 -0.5)
(0 4.333333 -0.5)
(0.3333333 4.333333 -0.5)
(0.6666667 4.333333 -0.5)
(1 4.333333 -0.5)
(1.333333 4.333333 -0.5)
(1.666667 4.333333 -0.5)
(2 4.333333 -0.5)
(2.333333 4.333333 -0.5)
(2.666667 4.333333 -0.5)
(3 4.333333 -0.5)
(3.333333 4.333333 -0.5)
(3.666667 4.333333 -0.5)
(4 4.333333 -0.5)
(4.333333 4.333333 -0.5)
(4.666667 4.333333 -0.5)
(5 4.333333 -0.5)
(5.333333 4.333333 -0.5)
(5.666667 4.333333 -0.5)
(6 4.333333 -0.5)
(6.333333 4.333333 -0.5)
(6.666667 4.333333 -0.5)
(7 4.333333 -0.5)
(7.333333 4.333333 -0.5)
(7.666667 4.333333 -0.5)
(8 4.333333 -0.5)
(8.333333 4.333333 -0.5)
(8.666667 4.333333 -0.5)
(9 4.333333 -0.5)
(9.333333 4.333333 -0.5)
(9.666667 4.333333 -0.5)
(10 4.333333 -0.5)
(0 4.666667 -0.5)
(0.3333333 4.666667 -0.5)
(0.6666667 4.666667 -0.5)
(1 4.666667 -0.5)
(1.333333 4.666667 -0.5)
(1.666667 4.666667 -0.5)
(2 4.666667 -0.5)
(2.333333 4.666667 -0.5)
(2.666667 4.666667 -0.5)
(3 4.666667 -0.5)
(3.333333 4.666667 -0.5)
(3.666667 4.666667 -0.5)
(4 4.666667 -0.5)
(4.333333 4.666667 -0.5)
(4.666667 4.666667 -0.5)
(5 4.666667 -0.5)
(5.333333 4.666667 -0.5)
(5.666667 4.666667 -0.5)
(6 4.666667 -0.5)
(6.333333 4.666667 -0.5)
(6.666667 4.666667 -0.5)
(7 4.666667 -0.5)
(7.333333 4.666667 -0.5)
(7.666667 4.666667 -0.5)
(8 4.666667 -0.5)
(8.333333 4.666667 -0.5)
(8.666667 4.666667 -0.5)
(9 4.666667 -0.5)
(9.333333 4.666667 -0.5)
(9.666667 4.666667 -0.5)
(10 4.666667 -0.5)
(0 5 -0.5)
(0.3333333 5 -0.5)
(0.6666667 5 -0.5)
(1 5 -0.5)
(1.333333 5 -0.5)
(1.666667 5 -0.5)
(2 5 -0.5)
(2.333333 5 -0.5)
(2.666667 5 -0.5)
(3 5 -0.5)
(3.333333 5 -0.5)
(3.666667 5 -0.5)
(4 5 -0.5)
(4.333333 5 -0.5)
(4.666667 5 -0.5)
(5 5 -0.5)
(5.333333 5 -0.5)
(5.666667 5 -0.5)
(6 5 -0.5)
(6.333333 5 -0.5)
(6.666667 5 -0.5)
(7 5 -0.5)
(7.333333 5 -0.5)
(7.666667 5 -0.5)
(8 5 -0.5)
(8.333333 5 -0.5)
(8.666667 5 -0.5)
(9 5 -0.5)
(9.333333 5 -0.5)
(9.666667 5 -0.5)
(10 5 -0.5)
(0 5.333333 -0.5)
(0.3333333 5.333333 -0.5)
(0.6666667 5.333333 -0.5)
(1 5.333333 -0.5)
(1.333333 5.333333 -0.5)
(1.666667 5.333333 -0.5)
(2 5.333333 -0.5)
(2.333333 5.333333 -0.5)
(2.666667 5.333333 -0.5)
(3 5.333333 -0.5)
(3.333333 5.333333 -0.5)
(3.666667 5.333333 -0.5)
(4 5.333333 -0.5)
(4.333333 5.333333 -0.5)
(4.666667 5.333333 -0.5)
(5 5.333333 -0.5)
(5.333333 5.333333 -0.5)
(5.666667 5.333333 -0.5)
(6 5.333333 -0.5)
(6.333333 5.333333 -0.5)
(6.666667 5.333333 -0.5)
(7 5.333333 -0.5)
(7.333333 5.333333 -0.5)
(7.666667 5.333333 -0.5)
(8 5.333333 -0.5)
(8.333333 5.333333 -0.5)
(8.666667 5.333333 -0.5)
(9 5.333333 -0.5)
(9.333333 5.333333 -0.5)
(9.666667 5.333333 -0.5)
(10 5.333333 -0.5)
(0 5.666667 -0.5)
(0.3333333 5.666667 -0.5)
(0.6666667 5.666667 -0.5)
(1 5.666667 -0.5)
(1.333333 5.666667 -0.5)
(1.666667 5.666667 -0.5)
(2 5.666667 -0.5)
(2.333333 5.666667 -0.5)
(2.666667 5.666667 -0.5)
(3 5.666667 -0.5)
(3.333333 5.666667 -0.5)
(3.666667 5.666667 -0.5)
(4 5.666667 -0.5)
(4.333333 5.666667 -0.5)
(4.666667 5.666667 -0.5)
(5 5.666667 -0.5)
(5.333333 5.666667 -0.5)
(5.666667 5.666667 -0.5)
(6 5.666667 -0.5)
(6.333333 5.666667 -0.5)
(6.666667 5.666667 -0.5)
(7 5.666667 -0.5)
(7.333333 5.666667 -0.5)
(7.666667 5.666667 -0.5)
(8 5.666667 -0.5)
(8.333333 5.666667 -0.5)
(8.666667 5.666667 -0.5)
(9 5.666667 -0.5)
(9.333333 5.666667 -0.5)
(9.666667 5.666667 -0.5)
(10 5.666667 -0.5)
(0 6 -0.5)
(0.3333333 6 -0.5)
(0.6666667 6 -0.5)
(1 6 -0.5)
(1.333333 6 -0.5)
(1.666667 6 -0.5)
(2 6 -0.5)
(2.333333 6 -0.5)
(2.666667 6 -0.5)
(3 6 -0.5)
(3.333333 6 -0.5)
(3.666667 6 -0.5)
(4 6 -0.5)
(4.333333 6 -0.5)
(4.666667 6 -0.5)
(5 6 -0.5)
(5.333333 6 -0.5)
(5.666667 6 -0.5)
(6 6 -0.5)
(6.333333 6 -0.5)
(6.666667 6 -0.5)
(7 6 -0.5)
(7.333333 6 -0.5)
(7.666667 6 -0.5)
(8 6 -0.5)
(8.333333 6 -0.5)
(8.666667 6 -0.5)
(9 6 -0.5)
(9.333333 6 -0.5)
(9.666667 6 -0.5)
(10 6 -0.5)
(0 6.333333 -0.5)
(0.3333333 6.333333 -0.5)
(0.6666667 6.333333 -0.5)
(1 6.333333 -0.5)
(1.333333 6.333333 -0.5)
(1.666667 6.333333 -0.5)
(2 6.333333 -0.5)
(2.333333 6.333333 -0.5)
(2.666667 6.333333 -0.5)
(3 6.333333 -0.5)
(3.333333 6.333333 -0.5)
(3.666667 6.333333 -0.5)
(4 6.333333 -0.5)
(4.333333 6.333333 -0.5)
(4.666667 6.333333 -0.5)
(5 6.333333 -0.5)
(5.333333 6.333333 -0.5)
(5.666667 6.333333 -0.5)
(6 6.333333 -0.5)
(6.333333 6.333333 -0.5)
(6.666667 6.333333 -0.5)
(7 6.333333 -0.5)
(7.333333 6.333333 -0.5)
(7.666667 6.333333 -0.5)
(8 6.333333 -0.5)
(8.333333 6.333333 -0.5)
(8.666667 6.333333 -0.5)
(9 6.333333 -0.5)
(9.333333 6.333333 -0.5)
(9.666667 6.333333 -0.5)
(10 6.333333 -0.5)
(0 6.666667 -0.5)
(0.3333333 6.666667 -0.5)
(0.6666667 6.666667 -0.5)
(1 6.666667 -0.5)
(1.333333 6.666667 -0.5)
(1.666667 6.666667 -0.5)
(2 6.666667 -0.5)
(2.333333 6.666667 -0.5)
(2.666667 6.666667 -0.5)
(3 6.666667 -0.5)
(3.333333 6.666667 -0.5)
(3.666667 6.666667 -0.5)
(4 6.666667 -0.5)
(4.333333 6.666667 -0.5)
(4.666667 6.666667 -0.5)
(5 6.666667 -0.5)
(5.333333 6.666667 -0.5)
(5.666667 6.666667 -0.5)
(6 6.666667 -0.5)
(6.333333 6.666667 -0.5)
(6.666667 6.666667 -0.5)
(7 6.666667 -0.5)
(7.333333 6.666667 -0.5)
(7.666667 6.666667 -0.5)
(8 6.666667 -0.5)
(8.333333 6.666667 -0.5)
(8.666667 6.666667 -0.5)
(9 6.666667 -0.5)
(9.333333 6.666667 -0.5)
(9.666667 6.666667 -0.5)
(10 6.666667 -0.5)
(0 7 -0.5)
(0.3333333 7 -0.5)
(0.6666667 7 -0.5)
(1 7 -0.5)
(1.333333 7 -0.5)
(1.666667 7 -0.5)
(2 7 -0.5)
(2.333333 7 -0.5)
(2.666667 7 -0.5)
(3 7 -0.5)
(3.333333 7 -0.5)
(3.666667 7 -0.5)
(4 7 -0.5)
(4.333333 7 -0.5)
(4.666667 7 -0.5)
(5 7 -0.5)
(5.333333 7 -0.5)
(5.666667 7 -0.5)
(6 7 -0.5)
(6.333333 7 -0.5)
(6.666667 7 -0.5)
(7 7 -0.5)
(7.333333 7 -0.5)
(7.666667 7 -0.5)
(8 7 -0.5)
(8.333333 7 -0.5)
(8.666667 7 -0.5)
(9 7 -0.5)
(9.333333 7 -0.5)
(9.666667 7 -0.5)
(10 7 -0.5)
(0 7.333333 -0.5)
(0.3333333 7.333333 -0.5)
(0.6666667 7.333333 -0.5)
(1 7.333333 -0.5)
(1.333333 7.333333 -0.5)
(1.666667 7.333333 -0.5)
(2 7.333333 -0.5)
(2.333333 7.333333 -0.5)
(2.666667 7.333333 -0.5)
(3 7.333333 -0.5)
(3.333333 7.333333 -0.5)
(3.666667 7.333333 -0.5)
(4 7.333333 -0.5)
(4.333333 7.333333 -0.5)
(4.666667 7.333333 -0.5)
(5 7.333333 -0.5)
(5.333333 7.333333 -0.5)
(5.666667 7.333333 -0.5)
(6 7.333333 -0.5)
(6.333333 7.333333 -0.5)
(6.666667 7.333333 -0.5)
(7 7.333333 -0.5)
(7.333333 7.333333 -0.5)
(7.666667 7.333333 -0.5)
(8 7.333333 -0.5)
(8.333333 7.333333 -0.5)
(8.666667 7.333333 -0.5)
(9 7.333333 -0.5)
(9.333333 7.333333 -0.5)
(9.666667 7.333333 -0.5)
(10 7.333333 -0.5)
(0 7.666667 -0.5)
(0.3333333 7.666667 -0.5)
(0.6666667 7.666667 -0.5)
(1 7.666667 -0.5)
(1.333333 7.666667 -0.5)
(1.666667 7.666667 -0.5)
(2 7.666667 -0.5)
(2.333333 7.666667 -0.5)
(2.666667 7.666667 -0.5)
(3 7.666667 -0.5)
(3.333333 7.666667 -0.5)
(3.666667 7.666667 -0.5)
(4 7.666667 -0.5)
(4.333333 7.666667 -0.5)
(4.666667 7.666667 -0.5)
(5 7.666667 -0.5)
(5.333333 7.666667 -0.5)
(5.666667 7.666667 -0.5)
(6 7.666667 -0.5)
(6.333333 7.666667 -0.5)
(6.666667 7.666667 -0.5)
(7 7.666667 -0.5)
(7.333333 7.666667 -0.5)
(7.666667 7.666667 -0.5)
(8 7.666667 -0.5)
(8.333333 7.666667 -0.5)
(8.666667 7.666667 -0.5)
(9 7.666667 -0.5)
(9.333333 7.666667 -0.5)
(9.666667 7.666667 -0.5)
(10 7.666667 -0.5)
(0 8 -0.5)
(0.3333333 8 -0.5)
(0.6666667 8 -0.5)
(1 8 -0.5)
(1.333333 8 -0.5)
(1.666667 8 -0.5)
(2 8 -0.5)
(2.333333 8 -0.5)
(2.666667 8 -0.5)
(3 8 -0.5)
(3.333333 8 -0.5)
(3.666667 8 -0.5)
(4 8 -0.5)
(4.333333 8 -0.5)
(4.666667 8 -0.5)
(5 8 -0.5)
(5.333333 8 -0.5)
(5.666667 8 -0.5)
(6 8 -0.5)
(6.333333 8 -0.5)
(6.666667 8 -0.5)
(7 8 -0.5)
(7.333333 8 -0.5)
(7.666667 8 -0.5)
(8 8 -0.5)
(8.333333 8 -0.5)
(8.666667 8 -0.5)
(9 8 -0.5)
(9.333333 8 -0.5)
(9.666667 8 -0.5)
(10 8 -0.5)
(0 8.333333 -0.5)
(0.3333333 8.333333 -0.5)
(0.6666667 8.333333 -0.5)
(1 8.333333 -0.5)
(1.333333 8.333333 -0.5)
(1.666667 8.333333 -0.5)
(2 8.333333 -0.5)
(2.333333 8.333333 -0.5)
(2.666667 8.333333 -0.5)
(3 8.333333 -0.5)
(3.333333 8.333333 -0.5)
(3.666667 8.333333 -0.5)
(4 8.333333 -0.5)
(4.333333 8.333333 -0.5)
(4.666667 8.333333 -0.5)
(5 8.333333 -0.5)
(5.333333 8.333333 -0.5)
(5.666667 8.333333 -0.5)
(6 8.333333 -0.5)
(6.333333 8.333333 -0.5)
(6.666667 8.333333 -0.5)
(7 8.333333 -0.5)
(7.333333 8.333333 -0.5)
(7.666667 8.333333 -0.5)
(8 8.333333 -0.5)
(8.333333 8.333333 -0.5)
(8.666667 8.333333 -0.5)
(9 8.333333 -0.5)
(9.333333 8.333333 -0.5)
(9.666667 8.333333 -0.5)
(10 8.333333 -0.5)
(0 8.666667 -0.5)
(0.3333333 8.666667 -0.5)
(0.6666667 8.666667 -0.5)
(1 8.666667 -0.5)
(1.333333 8.666667 -0.5)
(1.666667 8.666667 -0.5)
(2 8.666667 -0.5)
(2.333333 8.666667 -0.5)
(2.666667 8.666667 -0.5)
(3 8.666667 -0.5)
(3.333333 8.666667 -0.5)
(3.666667 8.666667 -0.5)
(4 8.666667 -0.5)
(4.333333 8.666667 -0.5)
(4.666667 8.666667 -0.5)
(5 8.666667 -0.5)
(5.333333 8.666667 -0.5)
(5.666667 8.666667 -0.5)
(6 8.666667 -0.5)
(6.333333 8.666667 -0.5)
(6.666667 8.666667 -0.5)
(7 8.666667 -0.5)
(7.333333 8.666667 -0.5)
(7.666667 8.666667 -0.5)
(8 8.666667 -0.5)
(8.333333 8.666667 -0.5)
(8.666667 8.666667 -0.5)
(9 8.666667 -0.5)
(9.333333 8.666667 -0.5)
(9.666667 8.666667 -0.5)
(10 8.666667 -0.5)
(0 9 -0.5)
(0.3333333 9 -0.5)
(0.6666667 9 -0.5)
(1 9 -0.5)
(1.333333 9 -0.5)
(1.666667 9 -0.5)
(2 9 -0.5)
(2.333333 9 -0.5)
(2.666667 9 -0.5)
(3 9 -0.5)
(3.333333 9 -0.5)
(3.666667 9 -0.5)
(4 9 -0.5)
(4.333333 9 -0.5)
(4.666667 9 -0.5)
(5 9 -0.5)
(5.333333 9 -0.5)
(5.666667 9 -0.5)
(6 9 -0.5)
(6.333333 9 -0.5)
(6.666667 9 -0.5)
(7 9 -0.5)
(7.333333 9 -0.5)
(7.666667 9 -0.5)
(8 9 -0.5)
(8.333333 9 -0.5)
(8.666667 9 -0.5)
(9 9 -0.5)
(9.333333 9 -0.5)
(9.666667 9 -0.5)
(10 9 -0.5)
(0 9.333333 -0.5)
(0.3333333 9.333333 -0.5)
(0.6666667 9.333333 -0.5)
(1 9.333333 -0.5)
(1.333333 9.333333 -0.5)
(1.666667 9.333333 -0.5)
(2 9.333333 -0.5)
(2.333333 9.333333 -0.5)
(2.666667 9.333333 -0.5)
(3 9.333333 -0.5)
(3.333333 9.333333 -0.5)
(3.666667 9.333333 -0.5)
(4 9.333333 -0.5)
(4.333333 9.333333 -0.5)
(4.666667 9.333333 -0.5)
(5 9.333333 -0.5)
(5.333333 9.333333 -0.5)
(5.666667 9.333333 -0.5)
(6 9.333333 -0.5)
(6.333333 9.333333 -0.5)
(6.666667 9.333333 -0.5)
(7 9.333333 -0.5)
(7.333333 9.333333 -0.5)
(7.666667 9.333333 -0.5)
(8 9.333333 -0.5)
(8.333333 9.333333 -0.5)
(8.666667 9.333333 -0.5)
(9 9.333333 -0.5)
(9.333333 9.333333 -0.5)
(9.666667 9.333333 -0.5)
(10 9.333333 -0.5)
(0 9.666667 -0.5)
(0.3333333 9.666667 -0.5)
(0.6666667 9.666667 -0.5)
(1 9.666667 -0.5)
(1.333333 9.666667 -0.5)
(1.666667 9.666667 -0.5)
(2 9.666667 -0.5)
(2.333333 9.666667 -0.5)
(2.666667 9.666667 -0.5)
(3 9.666667 -0.5)
(3.333333 9.666667 -0.5)
(3.666667 9.666667 -0.5)
(4 9.666667 -0.5)
(4.333333 9.666667 -0.5)
(4.666667 9.666667 -0.5)
(5 9.666667 -0.5)
(5.333333 9.666667 -0.5)
(5.666667 9.666667 -0.5)
(6 9.666667 -0.5)
(6.333333 9.666667 -0.5)
(6.666667 9.666667 -0.5)
(7 9.666667 -0.5)
(7.333333 9.666667 -0.5)
(7.666667 9.666667 -0.5)
(8 9.666667 -0.5)
(8.333333 9.666667 -0.5)
(8.666667 9.666667 -0.5)
(9 9.666667 -0.5)
(9.333333 9.666667 -0.5)
(9.666667 9.666667 -0.5)
(10 9.666667 -0.5)
(0 10 -0.5)
(0.3333333 10 -0.5)
(0.6666667 10 -0.5)
(1 10 -0.5)
(1.333333 10 -0.5)
(1.666667 10 -0.5)
(2 10 -0.5)
(2.333333 10 -0.5)
(2.666667 10 -0.5)
(3 10 -0.5)
(3.333333 10 -0.5)
(3.666667 10 -0.5)
(4 10 -0.5)
(4.333333 10 -0.5)
(4.666667 10 -0.5)
(5 10 -0.5)
(5.333333 10 -0.5)
(5.666667 10 -0.5)
(6 10 -0.5)
(6.333333 10 -0.5)
(6.666667 10 -0.5)
(7 10 -0.5)
(7.333333 10 -0.5)
(7.666667 10 -0.5)
(8 10 -0.5)
(8.333333 10 -0.5)
(8.666667 10 -0.5)
(9 10 -0.5)
(9.333333 10 -0.5)
(9.666667 10 -0.5)
(10 10 -0.5)
(0 0 -0.3333333)
(0.3333333 0 -0.3333333)
(0.6666667 0 -0.3333333)
(1 0 -0.3333333)
(1.333333 0 -0.3333333)
(1.666667 0 -0.3333333)
(2 0 -0.3333333)
(2.333333 0 -0.3333333)
(2.666667 0 -0.3333333)
(3 0 -0.3333333)
(3.333333 0 -0.3333333)
(3.666667 0 -0.3333333)
(4 0 -0.3333333)
(4.333333 0 -0.3333333)
(4.666667 0 -0.3333333)
(5 0 -0.3333333)
(5.333333 0 -0.3333333)
(5.666667 0 -0.3333333)
(6 0 -0.3333333)
(6.333333 0 -0.3333333)
(6.666667 0 -0.3333333)
(7 0 -0.3333333)
(7.333333 0 -0.3333333)
(7.666667 0 -0.3333333)
(8 0 -0.3333333)
(8.333333 0 -0.3333333)
(8.666667 0 -0.3333333)
(9 0 -0.3333333)
(9.333333 0 -0.3333333)
(9.666667 0 -0.3333333)
(10 0 -0.3333333)
(0 0.3333333 -0.3333333)
(0.3333333 0.3333333 -0.3333333)
(0.6666667 0.3333333 -0.3333333)
(1 0.3333333 -0.3333333)
(1.333333 0.3333333 -0.3333333)
(1.666667 0.3333333 -0.3333333)
(2 0.3333333 -0.3333333)
(2.333333 0.3333333 -0.3333333)
(2.666667 0.3333333 -0.3333333)
(3 0.3333333 -0.3333333)
(3.333333 0.3333333 -0.3333333)
(3.666667 0.3333333 -0.3333333)
(4 0.3333333 -0.3333333)
(4.333333 0.3333333 -0.3333333)
(4.666667 0.3333333 -0.3333333)
(5 0.3333333 -0.3333333)
(5.333333 0.3333333 -0.3333333)
(5.666667 0.3333333 -0.3333333)
(6 0.3333333 -0.3333333)
(6.333333 0.3333333 -0.3333333)
(6.666667 0.3333333 -0.3333333)
(7 0.3333333 -0.3333333)
(7.333333 0.3333333 -0.3333333)
(7.666667 0.3333333 -0.3333333)
(8 0.3333333 -0.3333333)
(8.333333 0.3333333 -0.3333333)
(8.666667 0.3333333 -0.3333333)
(9 0.3333333 -0.3333333)
(9.333333 0.3333333 -0.3333333)
(9.666667 0.3333333 -0.3333333)
(10 0.3333333 -0.3333333)
(0 0.6666667 -0.3333333)
(0.3333333 0.6666667 -0.3333333)
(0.6666667 0.6666667 -0.3333333)
(1 0.6666667 -0.3333333)
(1.333333 0.6666667 -0.3333333)
(1.666667 0.6666667 -0.3333333)
(2 0.6666667 -0.3333333)
(2.333333 0.6666667 -0.3333333)
(2.666667 0.6666667 -0.3333333)
(3 0.6666667 -0.3333333)
(3.333333 0.6666667 -0.3333333)
(3.666667 0.6666667 -0.3333333)
(4 0.6666667 -0.3333333)
(4.333333 0.6666667 -0.3333333)
(4.666667 0.6666667 -0.3333333)
(5 0.6666667 -0.3333333)
(5.333333 0.6666667 -0.3333333)
(5.666667 0.6666667 -0.3333333)
(6 0.6666667 -0.3333333)
(6.333333 0.6666667 -0.3333333)
(6.666667 0.6666667 -0.3333333)
(7 0.6666667 -0.3333333)
(7.333333 0.6666667 -0.3333333)
(7.666667 0.6666667 -0.3333333)
(8 0.6666667 -0.3333333)
(8.333333 0.6666667 -0.3333333)
(8.666667 0.6666667 -0.3333333)
(9 0.6666667 -0.3333333)
(9.333333 0.6666667 -0.3333333)
(9.666667 0.6666667 -0.3333333)
(10 0.6666667 -0.3333333)
(0 1 -0.3333333)
(0.3333333 1 -0.3333333)
(0.6666667 1 -0.3333333)
(1 1 -0.3333333)
(1.333333 1 -0.3333333)
(1.666667 1 -0.3333333)
(2 1 -0.3333333)
(2.333333 1 -0.3333333)
(2.666667 1 -0.3333333)
(3 1 -0.3333333)
(3.333333 1 -0.3333333)
(3.666667 1 -0.3333333)
(4 1 -0.3333333)
(4.333333 1 -0.3333333)
(4.666667 1 -0.3333333)
(5 1 -0.3333333)
(5.333333 1 -0.3333333)
(5.666667 1 -0.3333333)
(6 1 -0.3333333)
(6.333333 1 -0.3333333)
(6.666667 1 -0.3333333)
(7 1 -0.3333333)
(7.333333 1 -0.3333333)
(7.666667 1 -0.3333333)
(8 1 -0.3333333)
(8.333333 1 -0.3333333)
(8.666667 1 -0.3333333)
(9 1 -0.3333333)
(9.333333 1 -0.3333333)
(9.666667 1 -0.3333333)
(10 1 -0.3333333)
(0 1.333333 -0.3333333)
(0.3333333 1.333333 -0.3333333)
(0.6666667 1.333333 -0.3333333)
(1 1.333333 -0.3333333)
(1.333333 1.333333 -0.3333333)
(1.666667 1.333333 -0.3333333)
(2 1.333333 -0.3333333)
(2.333333 1.333333 -0.3333333)
(2.666667 1.333333 -0.3333333)
(3 1.333333 -0.3333333)
(3.333333 1.333333 -0.3333333)
(3.666667 1.333333 -0.3333333)
(4 1.333333 -0.3333333)
(4.333333 1.333333 -0.3333333)
(4.666667 1.333333 -0.3333333)
(5 1.333333 -0.3333333)
(5.333333 1.333333 -0.3333333)
(5.666667 1.333333 -0.3333333)
(6 1.333333 -0.3333333)
(6.333333 1.333333 -0.3333333)
(6.666667 1.333333 -0.3333333)
(7 1.333333 -0.3333333)
(7.333333 1.333333 -0.3333333)
(7.666667 1.333333 -0.3333333)
(8 1.333333 -0.3333333)
(8.333333 1.333333 -0.3333333)
(8.666667 1.333333 -0.3333333)
(9 1.333333 -0.3333333)
(9.333333 1.333333 -0.3333333)
(9.666667 1.333333 -0.3333333)
(10 1.333333 -0.3333333)
(0 1.666667 -0.3333333)
(0.3333333 1.666667 -0.3333333)
(0.6666667 1.666667 -0.3333333)
(1 1.666667 -0.3333333)
(1.333333 1.666667 -0.3333333)
(1.666667 1.666667 -0.3333333)
(2 1.666667 -0.3333333)
(2.333333 1.666667 -0.3333333)
(2.666667 1.666667 -0.3333333)
(3 1.666667 -0.3333333)
(3.333333 1.666667 -0.3333333)
(3.666667 1.666667 -0.3333333)
(4 1.666667 -0.3333333)
(4.333333 1.666667 -0.3333333)
(4.666667 1.666667 -0.3333333)
(5 1.666667 -0.3333333)
(5.333333 1.666667 -0.3333333)
(5.666667 1.666667 -0.3333333)
(6 1.666667 -0.3333333)
(6.333333 1.666667 -0.3333333)
(6.666667 1.666667 -0.3333333)
(7 1.666667 -0.3333333)
(7.333333 1.666667 -0.3333333)
(7.666667 1.666667 -0.3333333)
(8 1.666667 -0.3333333)
(8.333333 1.666667 -0.3333333)
(8.666667 1.666667 -0.3333333)
(9 1.666667 -0.3333333)
(9.333333 1.666667 -0.3333333)
(9.666667 1.666667 -0.3333333)
(10 1.666667 -0.3333333)
(0 2 -0.3333333)
(0.3333333 2 -0.3333333)
(0.6666667 2 -0.3333333)
(1 2 -0.3333333)
(1.333333 2 -0.3333333)
(1.666667 2 -0.3333333)
(2 2 -0.3333333)
(2.333333 2 -0.3333333)
(2.666667 2 -0.3333333)
(3 2 -0.3333333)
(3.333333 2 -0.3333333)
(3.666667 2 -0.3333333)
(4 2 -0.3333333)
(4.333333 2 -0.3333333)
(4.666667 2 -0.3333333)
(5 2 -0.3333333)
(5.333333 2 -0.3333333)
(5.666667 2 -0.3333333)
(6 2 -0.3333333)
(6.333333 2 -0.3333333)
(6.666667 2 -0.3333333)
(7 2 -0.3333333)
(7.333333 2 -0.3333333)
(7.666667 2 -0.3333333)
(8 2 -0.3333333)
(8.333333 2 -0.3333333)
(8.666667 2 -0.3333333)
(9 2 -0.3333333)
(9.333333 2 -0.3333333)
(9.666667 2 -0.3333333)
(10 2 -0.3333333)
(0 2.333333 -0.3333333)
(0.3333333 2.333333 -0.3333333)
(0.6666667 2.333333 -0.3333333)
(1 2.333333 -0.3333333)
(1.333333 2.333333 -0.3333333)
(1.666667 2.333333 -0.3333333)
(2 2.333333 -0.3333333)
(2.333333 2.333333 -0.3333333)
(2.666667 2.333333 -0.3333333)
(3 2.333333 -0.3333333)
(3.333333 2.333333 -0.3333333)
(3.666667 2.333333 -0.3333333)
(4 2.333333 -0.3333333)
(4.333333 2.333333 -0.3333333)
(4.666667 2.333333 -0.3333333)
(5 2.333333 -0.3333333)
(5.333333 2.333333 -0.3333333)
(5.666667 2.333333 -0.3333333)
(6 2.333333 -0.3333333)
(6.333333 2.333333 -0.3333333)
(6.666667 2.333333 -0.3333333)
(7 2.333333 -0.3333333)
(7.333333 2.333333 -0.3333333)
(7.666667 2.333333 -0.3333333)
(8 2.333333 -0.3333333)
(8.333333 2.333333 -0.3333333)
(8.666667 2.333333 -0.3333333)
(9 2.333333 -0.3333333)
(9.333333 2.333333 -0.3333333)
(9.666667 2.333333 -0.3333333)
(10 2.333333 -0.3333333)
(0 2.666667 -0.3333333)
(0.3333333 2.666667 -0.3333333)
(0.6666667 2.666667 -0.3333333)
(1 2.666667 -0.3333333)
(1.333333 2.666667 -0.3333333)
(1.666667 2.666667 -0.3333333)
(2 2.666667 -0.3333333)
(2.333333 2.666667 -0.3333333)
(2.666667 2.666667 -0.3333333)
(3 2.666667 -0.3333333)
(3.333333 2.666667 -0.3333333)
(3.666667 2.666667 -0.3333333)
(4 2.666667 -0.3333333)
(4.333333 2.666667 -0.3333333)
(4.666667 2.666667 -0.3333333)
(5 2.666667 -0.3333333)
(5.333333 2.666667 -0.3333333)
(5.666667 2.666667 -0.3333333)
(6 2.666667 -0.3333333)
(6.333333 2.666667 -0.3333333)
(6.666667 2.666667 -0.3333333)
(7 2.666667 -0.3333333)
(7.333333 2.666667 -0.3333333)
(7.666667 2.666667 -0.3333333)
(8 2.666667 -0.3333333)
(8.333333 2.666667 -0.3333333)
(8.666667 2.666667 -0.3333333)
(9 2.666667 -0.3333333)
(9.333333 2.666667 -0.3333333)
(9.666667 2.666667 -0.3333333)
(10 2.666667 -0.3333333)
(0 3 -0.3333333)
(0.3333333 3 -0.3333333)
(0.6666667 3 -0.3333333)
(1 3 -0.3333333)
(1.333333 3 -0.3333333)
(1.666667 3 -0.3333333)
(2 3 -0.3333333)
(2.333333 3 -0.3333333)
(2.666667 3 -0.3333333)
(3 3 -0.3333333)
(3.333333 3 -0.3333333)
(3.666667 3 -0.3333333)
(4 3 -0.3333333)
(4.333333 3 -0.3333333)
(4.666667 3 -0.3333333)
(5 3 -0.3333333)
(5.333333 3 -0.3333333)
(5.666667 3 -0.3333333)
(6 3 -0.3333333)
(6.333333 3 -0.3333333)
(6.666667 3 -0.3333333)
(7 3 -0.3333333)
(7.333333 3 -0.3333333)
(7.666667 3 -0.3333333)
(8 3 -0.3333333)
(8.333333 3 -0.3333333)
(8.666667 3 -0.3333333)
(9 3 -0.3333333)
(9.333333 3 -0.3333333)
(9.666667 3 -0.3333333)
(10 3 -0.3333333)
(0 3.333333 -0.3333333)
(0.3333333 3.333333 -0.3333333)
(0.6666667 3.333333 -0.3333333)
(1 3.333333 -0.3333333)
(1.333333 3.333333 -0.3333333)
(1.666667 3.333333 -0.3333333)
(2 3.333333 -0.3333333)
(2.333333 3.333333 -0.3333333)
(2.666667 3.333333 -0.3333333)
(3 3.333333 -0.3333333)
(3.333333 3.333333 -0.3333333)
(3.666667 3.333333 -0.3333333)
(4 3.333333 -0.3333333)
(4.333333 3.333333 -0.3333333)
(4.666667 3.333333 -0.3333333)
(5 3.333333 -0.3333333)
(5.333333 3.333333 -0.3333333)
(5.666667 3.333333 -0.3333333)
(6 3.333333 -0.3333333)
(6.333333 3.333333 -0.3333333)
(6.666667 3.333333 -0.3333333)
(7 3.333333 -0.3333333)
(7.333333 3.333333 -0.3333333)
(7.666667 3.333333 -0.3333333)
(8 3.333333 -0.3333333)
(8.333333 3.333333 -0.3333333)
(8.666667 3.333333 -0.3333333)
(9 3.333333 -0.3333333)
(9.333333 3.333333 -0.3333333)
(9.666667 3.333333 -0.3333333)
(10 3.333333 -0.3333333)
(0 3.666667 -0.3333333)
(0.3333333 3.666667 -0.3333333)
(0.6666667 3.666667 -0.3333333)
(1 3.666667 -0.3333333)
(1.333333 3.666667 -0.3333333)
(1.666667 3.666667 -0.3333333)
(2 3.666667 -0.3333333)
(2.333333 3.666667 -0.3333333)
(2.666667 3.666667 -0.3333333)
(3 3.666667 -0.3333333)
(3.333333 3.666667 -0.3333333)
(3.666667 3.666667 -0.3333333)
(4 3.666667 -0.3333333)
(4.333333 3.666667 -0.3333333)
(4.666667 3.666667 -0.3333333)
(5 3.666667 -0.3333333)
(5.333333 3.666667 -0.3333333)
(5.666667 3.666667 -0.3333333)
(6 3.666667 -0.3333333)
(6.333333 3.666667 -0.3333333)
(6.666667 3.666667 -0.3333333)
(7 3.666667 -0.3333333)
(7.333333 3.666667 -0.3333333)
(7.666667 3.666667 -0.3333333)
(8 3.666667 -0.3333333)
(8.333333 3.666667 -0.3333333)
(8.666667 3.666667 -0.3333333)
(9 3.666667 -0.3333333)
(9.333333 3.666667 -0.3333333)
(9.666667 3.666667 -0.3333333)
(10 3.666667 -0.3333333)
(0 4 -0.3333333)
(0.3333333 4 -0.3333333)
(0.6666667 4 -0.3333333)
(1 4 -0.3333333)
(1.333333 4 -0.3333333)
(1.666667 4 -0.3333333)
(2 4 -0.3333333)
(2.333333 4 -0.3333333)
(2.666667 4 -0.3333333)
(3 4 -0.3333333)
(3.333333 4 -0.3333333)
(3.666667 4 -0.3333333)
(4 4 -0.3333333)
(4.333333 4 -0.3333333)
(4.666667 4 -0.3333333)
(5 4 -0.3333333)
(5.333333 4 -0.3333333)
(5.666667 4 -0.3333333)
(6 4 -0.3333333)
(6.333333 4 -0.3333333)
(6.666667 4 -0.3333333)
(7 4 -0.3333333)
(7.333333 4 -0.3333333)
(7.666667 4 -0.3333333)
(8 4 -0.3333333)
(8.333333 4 -0.3333333)
(8.666667 4 -0.3333333)
(9 4 -0.3333333)
(9.333333 4 -0.3333333)
(9.666667 4 -0.3333333)
(10 4 -0.3333333)
(0 4.333333 -0.3333333)
(0.3333333 4.333333 -0.3333333)
(0.6666667 4.333333 -0.3333333)
(1 4.333333 -0.3333333)
(1.333333 4.333333 -0.3333333)
(1.666667 4.333333 -0.3333333)
(2 4.333333 -0.3333333)
(2.333333 4.333333 -0.3333333)
(2.666667 4.333333 -0.3333333)
(3 4.333333 -0.3333333)
(3.333333 4.333333 -0.3333333)
(3.666667 4.333333 -0.3333333)
(4 4.333333 -0.3333333)
(4.333333 4.333333 -0.3333333)
(4.666667 4.333333 -0.3333333)
(5 4.333333 -0.3333333)
(5.333333 4.333333 -0.3333333)
(5.666667 4.333333 -0.3333333)
(6 4.333333 -0.3333333)
(6.333333 4.333333 -0.3333333)
(6.666667 4.333333 -0.3333333)
(7 4.333333 -0.3333333)
(7.333333 4.333333 -0.3333333)
(7.666667 4.333333 -0.3333333)
(8 4.333333 -0.3333333)
(8.333333 4.333333 -0.3333333)
(8.666667 4.333333 -0.3333333)
(9 4.333333 -0.3333333)
(9.333333 4.333333 -0.3333333)
(9.666667 4.333333 -0.3333333)
(10 4.333333 -0.3333333)
(0 4.666667 -0.3333333)
(0.3333333 4.666667 -0.3333333)
(0.6666667 4.666667 -0.3333333)
(1 4.666667 -0.3333333)
(1.333333 4.666667 -0.3333333)
(1.666667 4.666667 -0.3333333)
(2 4.666667 -0.3333333)
(2.333333 4.666667 -0.3333333)
(2.666667 4.666667 -0.3333333)
(3 4.666667 -0.3333333)
(3.333333 4.666667 -0.3333333)
(3.666667 4.666667 -0.3333333)
(4 4.666667 -0.3333333)
(4.333333 4.666667 -0.3333333)
(4.666667 4.666667 -0.3333333)
(5 4.666667 -0.3333333)
(5.333333 4.666667 -0.3333333)
(5.666667 4.666667 -0.3333333)
(6 4.666667 -0.3333333)
(6.333333 4.666667 -0.3333333)
(6.666667 4.666667 -0.3333333)
(7 4.666667 -0.3333333)
(7.333333 4.666667 -0.3333333)
(7.666667 4.666667 -0.3333333)
(8 4.666667 -0.3333333)
(8.333333 4.666667 -0.3333333)
(8.666667 4.666667 -0.3333333)
(9 4.666667 -0.3333333)
(9.333333 4.666667 -0.3333333)
(9.666667 4.666667 -0.3333333)
(10 4.666667 -0.3333333)
(0 5 -0.3333333)
(0.3333333 5 -0.3333333)
(0.6666667 5 -0.3333333)
(1 5 -0.3333333)
(1.333333 5 -0.3333333)
(1.666667 5 -0.3333333)
(2 5 -0.3333333)
(2.333333 5 -0.3333333)
(2.666667 5 -0.3333333)
(3 5 -0.3333333)
(3.333333 5 -0.3333333)
(3.666667 5 -0.3333333)
(4 5 -0.3333333)
(4.333333 5 -0.3333333)
(4.666667 5 -0.3333333)
(5 5 -0.3333333)
(5.333333 5 -0.3333333)
(5.666667 5 -0.3333333)
(6 5 -0.3333333)
(6.333333 5 -0.3333333)
(6.666667 5 -0.3333333)
(7 5 -0.3333333)
(7.333333 5 -0.3333333)
(7.666667 5 -0.3333333)
(8 5 -0.3333333)
(8.333333 5 -0.3333333)
(8.666667 5 -0.3333333)
(9 5 -0.3333333)
(9.333333 5 -0.3333333)
(9.666667 5 -0.3333333)
(10 5 -0.3333333)
(0 5.333333 -0.3333333)
(0.3333333 5.333333 -0.3333333)
(0.6666667 5.333333 -0.3333333)
(1 5.333333 -0.3333333)
(1.333333 5.333333 -0.3333333)
(1.666667 5.333333 -0.3333333)
(2 5.333333 -0.3333333)
(2.333333 5.333333 -0.3333333)
(2.666667 5.333333 -0.3333333)
(3 5.333333 -0.3333333)
(3.333333 5.333333 -0.3333333)
(3.666667 5.333333 -0.3333333)
(4 5.333333 -0.3333333)
(4.333333 5.333333 -0.3333333)
(4.666667 5.333333 -0.3333333)
(5 5.333333 -0.3333333)
(5.333333 5.333333 -0.3333333)
(5.666667 5.333333 -0.3333333)
(6 5.333333 -0.3333333)
(6.333333 5.333333 -0.3333333)
(6.666667 5.333333 -0.3333333)
(7 5.333333 -0.3333333)
(7.333333 5.333333 -0.3333333)
(7.666667 5.333333 -0.3333333)
(8 5.333333 -0.3333333)
(8.333333 5.333333 -0.3333333)
(8.666667 5.333333 -0.3333333)
(9 5.333333 -0.3333333)
(9.333333 5.333333 -0.3333333)
(9.666667 5.333333 -0.3333333)
(10 5.333333 -0.3333333)
(0 5.666667 -0.3333333)
(0.3333333 5.666667 -0.3333333)
(0.6666667 5.666667 -0.3333333)
(1 5.666667 -0.3333333)
(1.333333 5.666667 -0.3333333)
(1.666667 5.666667 -0.3333333)
(2 5.666667 -0.3333333)
(2.333333 5.666667 -0.3333333)
(2.666667 5.666667 -0.3333333)
(3 5.666667 -0.3333333)
(3.333333 5.666667 -0.3333333)
(3.666667 5.666667 -0.3333333)
(4 5.666667 -0.3333333)
(4.333333 5.666667 -0.3333333)
(4.666667 5.666667 -0.3333333)
(5 5.666667 -0.3333333)
(5.333333 5.666667 -0.3333333)
(5.666667 5.666667 -0.3333333)
(6 5.666667 -0.3333333)
(6.333333 5.666667 -0.3333333)
(6.666667 5.666667 -0.3333333)
(7 5.666667 -0.3333333)
(7.333333 5.666667 -0.3333333)
(7.666667 5.666667 -0.3333333)
(8 5.666667 -0.3333333)
(8.333333 5.666667 -0.3333333)
(8.666667 5.666667 -0.3333333)
(9 5.666667 -0.3333333)
(9.333333 5.666667 -0.3333333)
(9.666667 5.666667 -0.3333333)
(10 5.666667 -0.3333333)
(0 6 -0.3333333)
(0.3333333 6 -0.3333333)
(0.6666667 6 -0.3333333)
(1 6 -0.3333333)
(1.333333 6 -0.3333333)
(1.666667 6 -0.3333333)
(2 6 -0.3333333)
(2.333333 6 -0.3333333)
(2.666667 6 -0.3333333)
(3 6 -0.3333333)
(3.333333 6 -0.3333333)
(3.666667 6 -0.3333333)
(4 6 -0.3333333)
(4.333333 6 -0.3333333)
(4.666667 6 -0.3333333)
(5 6 -0.3333333)
(5.333333 6 -0.3333333)
(5.666667 6 -0.3333333)
(6 6 -0.3333333)
(6.333333 6 -0.3333333)
(6.666667 6 -0.3333333)
(7 6 -0.3333333)
(7.333333 6 -0.3333333)
(7.666667 6 -0.3333333)
(8 6 -0.3333333)
(8.333333 6 -0.3333333)
(8.666667 6 -0.3333333)
(9 6 -0.3333333)
(9.333333 6 -0.3333333)
(9.666667 6 -0.3333333)
(10 6 -0.3333333)
(0 6.333333 -0.3333333)
(0.3333333 6.333333 -0.3333333)
(0.6666667 6.333333 -0.3333333)
(1 6.333333 -0.3333333)
(1.333333 6.333333 -0.3333333)
(1.666667 6.333333 -0.3333333)
(2 6.333333 -0.3333333)
(2.333333 6.333333 -0.3333333)
(2.666667 6.333333 -0.3333333)
(3 6.333333 -0.3333333)
(3.333333 6.333333 -0.3333333)
(3.666667 6.333333 -0.3333333)
(4 6.333333 -0.3333333)
(4.333333 6.333333 -0.3333333)
(4.666667 6.333333 -0.3333333)
(5 6.333333 -0.3333333)
(5.333333 6.333333 -0.3333333)
(5.666667 6.333333 -0.3333333)
(6 6.333333 -0.3333333)
(6.333333 6.333333 -0.3333333)
(6.666667 6.333333 -0.3333333)
(7 6.333333 -0.3333333)
(7.333333 6.333333 -0.3333333)
(7.666667 6.333333 -0.3333333)
(8 6.333333 -0.3333333)
(8.333333 6.333333 -0.3333333)
(8.666667 6.333333 -0.3333333)
(9 6.333333 -0.3333333)
(9.333333 6.333333 -0.3333333)
(9.666667 6.333333 -0.3333333)
(10 6.333333 -0.3333333)
(0 6.666667 -0.3333333)
(0.3333333 6.666667 -0.3333333)
(0.6666667 6.666667 -0.3333333)
(1 6.666667 -0.3333333)
(1.333333 6.666667 -0.3333333)
(1.666667 6.666667 -0.3333333)
(2 6.666667 -0.3333333)
(2.333333 6.666667 -0.3333333)
(2.666667 6.666667 -0.3333333)
(3 6.666667 -0.3333333)
(3.333333 6.666667 -0.3333333)
(3.666667 6.666667 -0.3333333)
(4 6.666667 -0.3333333)
(4.333333 6.666667 -0.3333333)
(4.666667 6.666667 -0.3333333)
(5 6.666667 -0.3333333)
(5.333333 6.666667 -0.3333333)
(5.666667 6.666667 -0.3333333)
(6 6.666667 -0.3333333)
(6.333333 6.666667 -0.3333333)
(6.666667 6.666667 -0.3333333)
(7 6.666667 -0.3333333)
(7.333333 6.666667 -0.3333333)
(7.666667 6.666667 -0.3333333)
(8 6.666667 -0.3333333)
(8.333333 6.666667 -0.3333333)
(8.666667 6.666667 -0.3333333)
(9 6.666667 -0.3333333)
(9.333333 6.666667 -0.3333333)
(9.666667 6.666667 -0.3333333)
(10 6.666667 -0.3333333)
(0 7 -0.3333333)
(0.3333333 7 -0.3333333)
(0.6666667 7 -0.3333333)
(1 7 -0.3333333)
(1.333333 7 -0.3333333)
(1.666667 7 -0.3333333)
(2 7 -0.3333333)
(2.333333 7 -0.3333333)
(2.666667 7 -0.3333333)
(3 7 -0.3333333)
(3.333333 7 -0.3333333)
(3.666667 7 -0.3333333)
(4 7 -0.3333333)
(4.333333 7 -0.3333333)
(4.666667 7 -0.3333333)
(5 7 -0.3333333)
(5.333333 7 -0.3333333)
(5.666667 7 -0.3333333)
(6 7 -0.3333333)
(6.333333 7 -0.3333333)
(6.666667 7 -0.3333333)
(7 7 -0.3333333)
(7.333333 7 -0.3333333)
(7.666667 7 -0.3333333)
(8 7 -0.3333333)
(8.333333 7 -0.3333333)
(8.666667 7 -0.3333333)
(9 7 -0.3333333)
(9.333333 7 -0.3333333)
(9.666667 7 -0.3333333)
(10 7 -0.3333333)
(0 7.333333 -0.3333333)
(0.3333333 7.333333 -0.3333333)
(0.6666667 7.333333 -0.3333333)
(1 7.333333 -0.3333333)
(1.333333 7.333333 -0.3333333)
(1.666667 7.333333 -0.3333333)
(2 7.333333 -0.3333333)
(2.333333 7.333333 -0.3333333)
(2.666667 7.333333 -0.3333333)
(3 7.333333 -0.3333333)
(3.333333 7.333333 -0.3333333)
(3.666667 7.333333 -0.3333333)
(4 7.333333 -0.3333333)
(4.333333 7.333333 -0.3333333)
(4.666667 7.333333 -0.3333333)
(5 7.333333 -0.3333333)
(5.333333 7.333333 -0.3333333)
(5.666667 7.333333 -0.3333333)
(6 7.333333 -0.3333333)
(6.333333 7.333333 -0.3333333)
(6.666667 7.333333 -0.3333333)
(7 7.333333 -0.3333333)
(7.333333 7.333333 -0.3333333)
(7.666667 7.333333 -0.3333333)
(8 7.333333 -0.3333333)
(8.333333 7.333333 -0.3333333)
(8.666667 7.333333 -0.3333333)
(9 7.333333 -0.3333333)
(9.333333 7.333333 -0.3333333)
(9.666667 7.333333 -0.3333333)
(10 7.333333 -0.3333333)
(0 7.666667 -0.3333333)
(0.3333333 7.666667 -0.3333333)
(0.6666667 7.666667 -0.3333333)
(1 7.666667 -0.3333333)
(1.333333 7.666667 -0.3333333)
(1.666667 7.666667 -0.3333333)
(2 7.666667 -0.3333333)
(2.333333 7.666667 -0.3333333)
(2.666667 7.666667 -0.3333333)
(3 7.666667 -0.3333333)
(3.333333 7.666667 -0.3333333)
(3.666667 7.666667 -0.3333333)
(4 7.666667 -0.3333333)
(4.333333 7.666667 -0.3333333)
(4.666667 7.666667 -0.3333333)
(5 7.666667 -0.3333333)
(5.333333 7.666667 -0.3333333)
(5.666667 7.666667 -0.3333333)
(6 7.666667 -0.3333333)
(6.333333 7.666667 -0.3333333)
(6.666667 7.666667 -0.3333333)
(7 7.666667 -0.3333333)
(7.333333 7.666667 -0.3333333)
(7.666667 7.666667 -0.3333333)
(8 7.666667 -0.3333333)
(8.333333 7.666667 -0.3333333)
(8.666667 7.666667 -0.3333333)
(9 7.666667 -0.3333333)
(9.333333 7.666667 -0.3333333)
(9.666667 7.666667 -0.3333333)
(10 7.666667 -0.3333333)
(0 8 -0.3333333)
(0.3333333 8 -0.3333333)
(0.6666667 8 -0.3333333)
(1 8 -0.3333333)
(1.333333 8 -0.3333333)
(1.666667 8 -0.3333333)
(2 8 -0.3333333)
(2.333333 8 -0.3333333)
(2.666667 8 -0.3333333)
(3 8 -0.3333333)
(3.333333 8 -0.3333333)
(3.666667 8 -0.3333333)
(4 8 -0.3333333)
(4.333333 8 -0.3333333)
(4.666667 8 -0.3333333)
(5 8 -0.3333333)
(5.333333 8 -0.3333333)
(5.666667 8 -0.3333333)
(6 8 -0.3333333)
(6.333333 8 -0.3333333)
(6.666667 8 -0.3333333)
(7 8 -0.3333333)
(7.333333 8 -0.3333333)
(7.666667 8 -0.3333333)
(8 8 -0.3333333)
(8.333333 8 -0.3333333)
(8.666667 8 -0.3333333)
(9 8 -0.3333333)
(9.333333 8 -0.3333333)
(9.666667 8 -0.3333333)
(10 8 -0.3333333)
(0 8.333333 -0.3333333)
(0.3333333 8.333333 -0.3333333)
(0.6666667 8.333333 -0.3333333)
(1 8.333333 -0.3333333)
(1.333333 8.333333 -0.3333333)
(1.666667 8.333333 -0.3333333)
(2 8.333333 -0.3333333)
(2.333333 8.333333 -0.3333333)
(2.666667 8.333333 -0.3333333)
(3 8.333333 -0.3333333)
(3.333333 8.333333 -0.3333333)
(3.666667 8.333333 -0.3333333)
(4 8.333333 -0.3333333)
(4.333333 8.333333 -0.3333333)
(4.666667 8.333333 -0.3333333)
(5 8.333333 -0.3333333)
(5.333333 8.333333 -0.3333333)
(5.666667 8.333333 -0.3333333)
(6 8.333333 -0.3333333)
(6.333333 8.333333 -0.3333333)
(6.666667 8.333333 -0.3333333)
(7 8.333333 -0.3333333)
(7.333333 8.333333 -0.3333333)
(7.666667 8.333333 -0.3333333)
(8 8.333333 -0.3333333)
(8.333333 8.333333 -0.3333333)
(8.666667 8.333333 -0.3333333)
(9 8.333333 -0.3333333)
(9.333333 8.333333 -0.3333333)
(9.666667 8.333333 -0.3333333)
(10 8.333333 -0.3333333)
(0 8.666667 -0.3333333)
(0.3333333 8.666667 -0.3333333)
(0.6666667 8.666667 -0.3333333)
(1 8.666667 -0.3333333)
(1.333333 8.666667 -0.3333333)
(1.666667 8.666667 -0.3333333)
(2 8.666667 -0.3333333)
(2.333333 8.666667 -0.3333333)
(2.666667 8.666667 -0.3333333)
(3 8.666667 -0.3333333)
(3.333333 8.666667 -0.3333333)
(3.666667 8.666667 -0.3333333)
(4 8.666667 -0.3333333)
(4.333333 8.666667 -0.3333333)
(4.666667 8.666667 -0.3333333)
(5 8.666667 -0.3333333)
(5.333333 8.666667 -0.3333333)
(5.666667 8.666667 -0.3333333)
(6 8.666667 -0.3333333)
(6.333333 8.666667 -0.3333333)
(6.666667 8.666667 -0.3333333)
(7 8.666667 -0.3333333)
(7.333333 8.666667 -0.3333333)
(7.666667 8.666667 -0.3333333)
(8 8.666667 -0.3333333)
(8.333333 8.666667 -0.3333333)
(8.666667 8.666667 -0.3333333)
(9 8.666667 -0.3333333)
(9.333333 8.666667 -0.3333333)
(9.666667 8.666667 -0.3333333)
(10 8.666667 -0.3333333)
(0 9 -0.3333333)
(0.3333333 9 -0.3333333)
(0.6666667 9 -0.3333333)
(1 9 -0.3333333)
(1.333333 9 -0.3333333)
(1.666667 9 -0.3333333)
(2 9 -0.3333333)
(2.333333 9 -0.3333333)
(2.666667 9 -0.3333333)
(3 9 -0.3333333)
(3.333333 9 -0.3333333)
(3.666667 9 -0.3333333)
(4 9 -0.3333333)
(4.333333 9 -0.3333333)
(4.666667 9 -0.3333333)
(5 9 -0.3333333)
(5.333333 9 -0.3333333)
(5.666667 9 -0.3333333)
(6 9 -0.3333333)
(6.333333 9 -0.3333333)
(6.666667 9 -0.3333333)
(7 9 -0.3333333)
(7.333333 9 -0.3333333)
(7.666667 9 -0.3333333)
(8 9 -0.3333333)
(8.333333 9 -0.3333333)
(8.666667 9 -0.3333333)
(9 9 -0.3333333)
(9.333333 9 -0.3333333)
(9.666667 9 -0.3333333)
(10 9 -0.3333333)
(0 9.333333 -0.3333333)
(0.3333333 9.333333 -0.3333333)
(0.6666667 9.333333 -0.3333333)
(1 9.333333 -0.3333333)
(1.333333 9.333333 -0.3333333)
(1.666667 9.333333 -0.3333333)
(2 9.333333 -0.3333333)
(2.333333 9.333333 -0.3333333)
(2.666667 9.333333 -0.3333333)
(3 9.333333 -0.3333333)
(3.333333 9.333333 -0.3333333)
(3.666667 9.333333 -0.3333333)
(4 9.333333 -0.3333333)
(4.333333 9.333333 -0.3333333)
(4.666667 9.333333 -0.3333333)
(5 9.333333 -0.3333333)
(5.333333 9.333333 -0.3333333)
(5.666667 9.333333 -0.3333333)
(6 9.333333 -0.3333333)
(6.333333 9.333333 -0.3333333)
(6.666667 9.333333 -0.3333333)
(7 9.333333 -0.3333333)
(7.333333 9.333333 -0.3333333)
(7.666667 9.333333 -0.3333333)
(8 9.333333 -0.3333333)
(8.333333 9.333333 -0.3333333)
(8.666667 9.333333 -0.3333333)
(9 9.333333 -0.3333333)
(9.333333 9.333333 -0.3333333)
(9.666667 9.333333 -0.3333333)
(10 9.333333 -0.3333333)
(0 9.666667 -0.3333333)
(0.3333333 9.666667 -0.3333333)
(0.6666667 9.666667 -0.3333333)
(1 9.666667 -0.3333333)
(1.333333 9.666667 -0.3333333)
(1.666667 9.666667 -0.3333333)
(2 9.666667 -0.3333333)
(2.333333 9.666667 -0.3333333)
(2.666667 9.666667 -0.3333333)
(3 9.666667 -0.3333333)
(3.333333 9.666667 -0.3333333)
(3.666667 9.666667 -0.3333333)
(4 9.666667 -0.3333333)
(4.333333 9.666667 -0.3333333)
(4.666667 9.666667 -0.3333333)
(5 9.666667 -0.3333333)
(5.333333 9.666667 -0.3333333)
(5.666667 9.666667 -0.3333333)
(6 9.666667 -0.3333333)
(6.333333 9.666667 -0.3333333)
(6.666667 9.666667 -0.3333333)
(7 9.666667 -0.3333333)
(7.333333 9.666667 -0.3333333)
(7.666667 9.666667 -0.3333333)
(8 9.666667 -0.3333333)
(8.333333 9.666667 -0.3333333)
(8.666667 9.666667 -0.3333333)
(9 9.666667 -0.3333333)
(9.333333 9.666667 -0.3333333)
(9.666667 9.666667 -0.3333333)
(10 9.666667 -0.3333333)
(0 10 -0.3333333)
(0.3333333 10 -0.3333333)
(0.6666667 10 -0.3333333)
(1 10 -0.3333333)
(1.333333 10 -0.3333333)
(1.666667 10 -0.3333333)
(2 10 -0.3333333)
(2.333333 10 -0.3333333)
(2.666667 10 -0.3333333)
(3 10 -0.3333333)
(3.333333 10 -0.3333333)
(3.666667 10 -0.3333333)
(4 10 -0.3333333)
(4.333333 10 -0.3333333)
(4.666667 10 -0.3333333)
(5 10 -0.3333333)
(5.333333 10 -0.3333333)
(5.666667 10 -0.3333333)
(6 10 -0.3333333)
(6.333333 10 -0.3333333)
(6.666667 10 -0.3333333)
(7 10 -0.3333333)
(7.333333 10 -0.3333333)
(7.666667 10 -0.3333333)
(8 10 -0.3333333)
(8.333333 10 -0.3333333)
(8.666667 10 -0.3333333)
(9 10 -0.3333333)
(9.333333 10 -0.3333333)
(9.666667 10 -0.3333333)
(10 10 -0.3333333)
(0 0 -0.1666667)
(0.3333333 0 -0.1666667)
(0.6666667 0 -0.1666667)
(1 0 -0.1666667)
(1.333333 0 -0.1666667)
(1.666667 0 -0.1666667)
(2 0 -0.1666667)
(2.333333 0 -0.1666667)
(2.666667 0 -0.1666667)
(3 0 -0.1666667)
(3.333333 0 -0.1666667)
(3.666667 0 -0.1666667)
(4 0 -0.1666667)
(4.333333 0 -0.1666667)
(4.666667 0 -0.1666667)
(5 0 -0.1666667)
(5.333333 0 -0.1666667)
(5.666667 0 -0.1666667)
(6 0 -0.1666667)
(6.333333 0 -0.1666667)
(6.666667 0 -0.1666667)
(7 0 -0.1666667)
(7.333333 0 -0.1666667)
(7.666667 0 -0.1666667)
(8 0 -0.1666667)
(8.333333 0 -0.1666667)
(8.666667 0 -0.1666667)
(9 0 -0.1666667)
(9.333333 0 -0.1666667)
(9.666667 0 -0.1666667)
(10 0 -0.1666667)
(0 0.3333333 -0.1666667)
(0.3333333 0.3333333 -0.1666667)
(0.6666667 0.3333333 -0.1666667)
(1 0.3333333 -0.1666667)
(1.333333 0.3333333 -0.1666667)
(1.666667 0.3333333 -0.1666667)
(2 0.3333333 -0.1666667)
(2.333333 0.3333333 -0.1666667)
(2.666667 0.3333333 -0.1666667)
(3 0.3333333 -0.1666667)
(3.333333 0.3333333 -0.1666667)
(3.666667 0.3333333 -0.1666667)
(4 0.3333333 -0.1666667)
(4.333333 0.3333333 -0.1666667)
(4.666667 0.3333333 -0.1666667)
(5 0.3333333 -0.1666667)
(5.333333 0.3333333 -0.1666667)
(5.666667 0.3333333 -0.1666667)
(6 0.3333333 -0.1666667)
(6.333333 0.3333333 -0.1666667)
(6.666667 0.3333333 -0.1666667)
(7 0.3333333 -0.1666667)
(7.333333 0.3333333 -0.1666667)
(7.666667 0.3333333 -0.1666667)
(8 0.3333333 -0.1666667)
(8.333333 0.3333333 -0.1666667)
(8.666667 0.3333333 -0.1666667)
(9 0.3333333 -0.1666667)
(9.333333 0.3333333 -0.1666667)
(9.666667 0.3333333 -0.1666667)
(10 0.3333333 -0.1666667)
(0 0.6666667 -0.1666667)
(0.3333333 0.6666667 -0.1666667)
(0.6666667 0.6666667 -0.1666667)
(1 0.6666667 -0.1666667)
(1.333333 0.6666667 -0.1666667)
(1.666667 0.6666667 -0.1666667)
(2 0.6666667 -0.1666667)
(2.333333 0.6666667 -0.1666667)
(2.666667 0.6666667 -0.1666667)
(3 0.6666667 -0.1666667)
(3.333333 0.6666667 -0.1666667)
(3.666667 0.6666667 -0.1666667)
(4 0.6666667 -0.1666667)
(4.333333 0.6666667 -0.1666667)
(4.666667 0.6666667 -0.1666667)
(5 0.6666667 -0.1666667)
(5.333333 0.6666667 -0.1666667)
(5.666667 0.6666667 -0.1666667)
(6 0.6666667 -0.1666667)
(6.333333 0.6666667 -0.1666667)
(6.666667 0.6666667 -0.1666667)
(7 0.6666667 -0.1666667)
(7.333333 0.6666667 -0.1666667)
(7.666667 0.6666667 -0.1666667)
(8 0.6666667 -0.1666667)
(8.333333 0.6666667 -0.1666667)
(8.666667 0.6666667 -0.1666667)
(9 0.6666667 -0.1666667)
(9.333333 0.6666667 -0.1666667)
(9.666667 0.6666667 -0.1666667)
(10 0.6666667 -0.1666667)
(0 1 -0.1666667)
(0.3333333 1 -0.1666667)
(0.6666667 1 -0.1666667)
(1 1 -0.1666667)
(1.333333 1 -0.1666667)
(1.666667 1 -0.1666667)
(2 1 -0.1666667)
(2.333333 1 -0.1666667)
(2.666667 1 -0.1666667)
(3 1 -0.1666667)
(3.333333 1 -0.1666667)
(3.666667 1 -0.1666667)
(4 1 -0.1666667)
(4.333333 1 -0.1666667)
(4.666667 1 -0.1666667)
(5 1 -0.1666667)
(5.333333 1 -0.1666667)
(5.666667 1 -0.1666667)
(6 1 -0.1666667)
(6.333333 1 -0.1666667)
(6.666667 1 -0.1666667)
(7 1 -0.1666667)
(7.333333 1 -0.1666667)
(7.666667 1 -0.1666667)
(8 1 -0.1666667)
(8.333333 1 -0.1666667)
(8.666667 1 -0.1666667)
(9 1 -0.1666667)
(9.333333 1 -0.1666667)
(9.666667 1 -0.1666667)
(10 1 -0.1666667)
(0 1.333333 -0.1666667)
(0.3333333 1.333333 -0.1666667)
(0.6666667 1.333333 -0.1666667)
(1 1.333333 -0.1666667)
(1.333333 1.333333 -0.1666667)
(1.666667 1.333333 -0.1666667)
(2 1.333333 -0.1666667)
(2.333333 1.333333 -0.1666667)
(2.666667 1.333333 -0.1666667)
(3 1.333333 -0.1666667)
(3.333333 1.333333 -0.1666667)
(3.666667 1.333333 -0.1666667)
(4 1.333333 -0.1666667)
(4.333333 1.333333 -0.1666667)
(4.666667 1.333333 -0.1666667)
(5 1.333333 -0.1666667)
(5.333333 1.333333 -0.1666667)
(5.666667 1.333333 -0.1666667)
(6 1.333333 -0.1666667)
(6.333333 1.333333 -0.1666667)
(6.666667 1.333333 -0.1666667)
(7 1.333333 -0.1666667)
(7.333333 1.333333 -0.1666667)
(7.666667 1.333333 -0.1666667)
(8 1.333333 -0.1666667)
(8.333333 1.333333 -0.1666667)
(8.666667 1.333333 -0.1666667)
(9 1.333333 -0.1666667)
(9.333333 1.333333 -0.1666667)
(9.666667 1.333333 -0.1666667)
(10 1.333333 -0.1666667)
(0 1.666667 -0.1666667)
(0.3333333 1.666667 -0.1666667)
(0.6666667 1.666667 -0.1666667)
(1 1.666667 -0.1666667)
(1.333333 1.666667 -0.1666667)
(1.666667 1.666667 -0.1666667)
(2 1.666667 -0.1666667)
(2.333333 1.666667 -0.1666667)
(2.666667 1.666667 -0.1666667)
(3 1.666667 -0.1666667)
(3.333333 1.666667 -0.1666667)
(3.666667 1.666667 -0.1666667)
(4 1.666667 -0.1666667)
(4.333333 1.666667 -0.1666667)
(4.666667 1.666667 -0.1666667)
(5 1.666667 -0.1666667)
(5.333333 1.666667 -0.1666667)
(5.666667 1.666667 -0.1666667)
(6 1.666667 -0.1666667)
(6.333333 1.666667 -0.1666667)
(6.666667 1.666667 -0.1666667)
(7 1.666667 -0.1666667)
(7.333333 1.666667 -0.1666667)
(7.666667 1.666667 -0.1666667)
(8 1.666667 -0.1666667)
(8.333333 1.666667 -0.1666667)
(8.666667 1.666667 -0.1666667)
(9 1.666667 -0.1666667)
(9.333333 1.666667 -0.1666667)
(9.666667 1.666667 -0.1666667)
(10 1.666667 -0.1666667)
(0 2 -0.1666667)
(0.3333333 2 -0.1666667)
(0.6666667 2 -0.1666667)
(1 2 -0.1666667)
(1.333333 2 -0.1666667)
(1.666667 2 -0.1666667)
(2 2 -0.1666667)
(2.333333 2 -0.1666667)
(2.666667 2 -0.1666667)
(3 2 -0.1666667)
(3.333333 2 -0.1666667)
(3.666667 2 -0.1666667)
(4 2 -0.1666667)
(4.333333 2 -0.1666667)
(4.666667 2 -0.1666667)
(5 2 -0.1666667)
(5.333333 2 -0.1666667)
(5.666667 2 -0.1666667)
(6 2 -0.1666667)
(6.333333 2 -0.1666667)
(6.666667 2 -0.1666667)
(7 2 -0.1666667)
(7.333333 2 -0.1666667)
(7.666667 2 -0.1666667)
(8 2 -0.1666667)
(8.333333 2 -0.1666667)
(8.666667 2 -0.1666667)
(9 2 -0.1666667)
(9.333333 2 -0.1666667)
(9.666667 2 -0.1666667)
(10 2 -0.1666667)
(0 2.333333 -0.1666667)
(0.3333333 2.333333 -0.1666667)
(0.6666667 2.333333 -0.1666667)
(1 2.333333 -0.1666667)
(1.333333 2.333333 -0.1666667)
(1.666667 2.333333 -0.1666667)
(2 2.333333 -0.1666667)
(2.333333 2.333333 -0.1666667)
(2.666667 2.333333 -0.1666667)
(3 2.333333 -0.1666667)
(3.333333 2.333333 -0.1666667)
(3.666667 2.333333 -0.1666667)
(4 2.333333 -0.1666667)
(4.333333 2.333333 -0.1666667)
(4.666667 2.333333 -0.1666667)
(5 2.333333 -0.1666667)
(5.333333 2.333333 -0.1666667)
(5.666667 2.333333 -0.1666667)
(6 2.333333 -0.1666667)
(6.333333 2.333333 -0.1666667)
(6.666667 2.333333 -0.1666667)
(7 2.333333 -0.1666667)
(7.333333 2.333333 -0.1666667)
(7.666667 2.333333 -0.1666667)
(8 2.333333 -0.1666667)
(8.333333 2.333333 -0.1666667)
(8.666667 2.333333 -0.1666667)
(9 2.333333 -0.1666667)
(9.333333 2.333333 -0.1666667)
(9.666667 2.333333 -0.1666667)
(10 2.333333 -0.1666667)
(0 2.666667 -0.1666667)
(0.3333333 2.666667 -0.1666667)
(0.6666667 2.666667 -0.1666667)
(1 2.666667 -0.1666667)
(1.333333 2.666667 -0.1666667)
(1.666667 2.666667 -0.1666667)
(2 2.666667 -0.1666667)
(2.333333 2.666667 -0.1666667)
(2.666667 2.666667 -0.1666667)
(3 2.666667 -0.1666667)
(3.333333 2.666667 -0.1666667)
(3.666667 2.666667 -0.1666667)
(4 2.666667 -0.1666667)
(4.333333 2.666667 -0.1666667)
(4.666667 2.666667 -0.1666667)
(5 2.666667 -0.1666667)
(5.333333 2.666667 -0.1666667)
(5.666667 2.666667 -0.1666667)
(6 2.666667 -0.1666667)
(6.333333 2.666667 -0.1666667)
(6.666667 2.666667 -0.1666667)
(7 2.666667 -0.1666667)
(7.333333 2.666667 -0.1666667)
(7.666667 2.666667 -0.1666667)
(8 2.666667 -0.1666667)
(8.333333 2.666667 -0.1666667)
(8.666667 2.666667 -0.1666667)
(9 2.666667 -0.1666667)
(9.333333 2.666667 -0.1666667)
(9.666667 2.666667 -0.1666667)
(10 2.666667 -0.1666667)
(0 3 -0.1666667)
(0.3333333 3 -0.1666667)
(0.6666667 3 -0.1666667)
(1 3 -0.1666667)
(1.333333 3 -0.1666667)
(1.666667 3 -0.1666667)
(2 3 -0.1666667)
(2.333333 3 -0.1666667)
(2.666667 3 -0.1666667)
(3 3 -0.1666667)
(3.333333 3 -0.1666667)
(3.666667 3 -0.1666667)
(4 3 -0.1666667)
(4.333333 3 -0.1666667)
(4.666667 3 -0.1666667)
(5 3 -0.1666667)
(5.333333 3 -0.1666667)
(5.666667 3 -0.1666667)
(6 3 -0.1666667)
(6.333333 3 -0.1666667)
(6.666667 3 -0.1666667)
(7 3 -0.1666667)
(7.333333 3 -0.1666667)
(7.666667 3 -0.1666667)
(8 3 -0.1666667)
(8.333333 3 -0.1666667)
(8.666667 3 -0.1666667)
(9 3 -0.1666667)
(9.333333 3 -0.1666667)
(9.666667 3 -0.1666667)
(10 3 -0.1666667)
(0 3.333333 -0.1666667)
(0.3333333 3.333333 -0.1666667)
(0.6666667 3.333333 -0.1666667)
(1 3.333333 -0.1666667)
(1.333333 3.333333 -0.1666667)
(1.666667 3.333333 -0.1666667)
(2 3.333333 -0.1666667)
(2.333333 3.333333 -0.1666667)
(2.666667 3.333333 -0.1666667)
(3 3.333333 -0.1666667)
(3.333333 3.333333 -0.1666667)
(3.666667 3.333333 -0.1666667)
(4 3.333333 -0.1666667)
(4.333333 3.333333 -0.1666667)
(4.666667 3.333333 -0.1666667)
(5 3.333333 -0.1666667)
(5.333333 3.333333 -0.1666667)
(5.666667 3.333333 -0.1666667)
(6 3.333333 -0.1666667)
(6.333333 3.333333 -0.1666667)
(6.666667 3.333333 -0.1666667)
(7 3.333333 -0.1666667)
(7.333333 3.333333 -0.1666667)
(7.666667 3.333333 -0.1666667)
(8 3.333333 -0.1666667)
(8.333333 3.333333 -0.1666667)
(8.666667 3.333333 -0.1666667)
(9 3.333333 -0.1666667)
(9.333333 3.333333 -0.1666667)
(9.666667 3.333333 -0.1666667)
(10 3.333333 -0.1666667)
(0 3.666667 -0.1666667)
(0.3333333 3.666667 -0.1666667)
(0.6666667 3.666667 -0.1666667)
(1 3.666667 -0.1666667)
(1.333333 3.666667 -0.1666667)
(1.666667 3.666667 -0.1666667)
(2 3.666667 -0.1666667)
(2.333333 3.666667 -0.1666667)
(2.666667 3.666667 -0.1666667)
(3 3.666667 -0.1666667)
(3.333333 3.666667 -0.1666667)
(3.666667 3.666667 -0.1666667)
(4 3.666667 -0.1666667)
(4.333333 3.666667 -0.1666667)
(4.666667 3.666667 -0.1666667)
(5 3.666667 -0.1666667)
(5.333333 3.666667 -0.1666667)
(5.666667 3.666667 -0.1666667)
(6 3.666667 -0.1666667)
(6.333333 3.666667 -0.1666667)
(6.666667 3.666667 -0.1666667)
(7 3.666667 -0.1666667)
(7.333333 3.666667 -0.1666667)
(7.666667 3.666667 -0.1666667)
(8 3.666667 -0.1666667)
(8.333333 3.666667 -0.1666667)
(8.666667 3.666667 -0.1666667)
(9 3.666667 -0.1666667)
(9.333333 3.666667 -0.1666667)
(9.666667 3.666667 -0.1666667)
(10 3.666667 -0.1666667)
(0 4 -0.1666667)
(0.3333333 4 -0.1666667)
(0.6666667 4 -0.1666667)
(1 4 -0.1666667)
(1.333333 4 -0.1666667)
(1.666667 4 -0.1666667)
(2 4 -0.1666667)
(2.333333 4 -0.1666667)
(2.666667 4 -0.1666667)
(3 4 -0.1666667)
(3.333333 4 -0.1666667)
(3.666667 4 -0.1666667)
(4 4 -0.1666667)
(4.333333 4 -0.1666667)
(4.666667 4 -0.1666667)
(5 4 -0.1666667)
(5.333333 4 -0.1666667)
(5.666667 4 -0.1666667)
(6 4 -0.1666667)
(6.333333 4 -0.1666667)
(6.666667 4 -0.1666667)
(7 4 -0.1666667)
(7.333333 4 -0.1666667)
(7.666667 4 -0.1666667)
(8 4 -0.1666667)
(8.333333 4 -0.1666667)
(8.666667 4 -0.1666667)
(9 4 -0.1666667)
(9.333333 4 -0.1666667)
(9.666667 4 -0.1666667)
(10 4 -0.1666667)
(0 4.333333 -0.1666667)
(0.3333333 4.333333 -0.1666667)
(0.6666667 4.333333 -0.1666667)
(1 4.333333 -0.1666667)
(1.333333 4.333333 -0.1666667)
(1.666667 4.333333 -0.1666667)
(2 4.333333 -0.1666667)
(2.333333 4.333333 -0.1666667)
(2.666667 4.333333 -0.1666667)
(3 4.333333 -0.1666667)
(3.333333 4.333333 -0.1666667)
(3.666667 4.333333 -0.1666667)
(4 4.333333 -0.1666667)
(4.333333 4.333333 -0.1666667)
(4.666667 4.333333 -0.1666667)
(5 4.333333 -0.1666667)
(5.333333 4.333333 -0.1666667)
(5.666667 4.333333 -0.1666667)
(6 4.333333 -0.1666667)
(6.333333 4.333333 -0.1666667)
(6.666667 4.333333 -0.1666667)
(7 4.333333 -0.1666667)
(7.333333 4.333333 -0.1666667)
(7.666667 4.333333 -0.1666667)
(8 4.333333 -0.1666667)
(8.333333 4.333333 -0.1666667)
(8.666667 4.333333 -0.1666667)
(9 4.333333 -0.1666667)
(9.333333 4.333333 -0.1666667)
(9.666667 4.333333 -0.1666667)
(10 4.333333 -0.1666667)
(0 4.666667 -0.1666667)
(0.3333333 4.666667 -0.1666667)
(0.6666667 4.666667 -0.1666667)
(1 4.666667 -0.1666667)
(1.333333 4.666667 -0.1666667)
(1.666667 4.666667 -0.1666667)
(2 4.666667 -0.1666667)
(2.333333 4.666667 -0.1666667)
(2.666667 4.666667 -0.1666667)
(3 4.666667 -0.1666667)
(3.333333 4.666667 -0.1666667)
(3.666667 4.666667 -0.1666667)
(4 4.666667 -0.1666667)
(4.333333 4.666667 -0.1666667)
(4.666667 4.666667 -0.1666667)
(5 4.666667 -0.1666667)
(5.333333 4.666667 -0.1666667)
(5.666667 4.666667 -0.1666667)
(6 4.666667 -0.1666667)
(6.333333 4.666667 -0.1666667)
(6.666667 4.666667 -0.1666667)
(7 4.666667 -0.1666667)
(7.333333 4.666667 -0.1666667)
(7.666667 4.666667 -0.1666667)
(8 4.666667 -0.1666667)
(8.333333 4.666667 -0.1666667)
(8.666667 4.666667 -0.1666667)
(9 4.666667 -0.1666667)
(9.333333 4.666667 -0.1666667)
(9.666667 4.666667 -0.1666667)
(10 4.666667 -0.1666667)
(0 5 -0.1666667)
(0.3333333 5 -0.1666667)
(0.6666667 5 -0.1666667)
(1 5 -0.1666667)
(1.333333 5 -0.1666667)
(1.666667 5 -0.1666667)
(2 5 -0.1666667)
(2.333333 5 -0.1666667)
(2.666667 5 -0.1666667)
(3 5 -0.1666667)
(3.333333 5 -0.1666667)
(3.666667 5 -0.1666667)
(4 5 -0.1666667)
(4.333333 5 -0.1666667)
(4.666667 5 -0.1666667)
(5 5 -0.1666667)
(5.333333 5 -0.1666667)
(5.666667 5 -0.1666667)
(6 5 -0.1666667)
(6.333333 5 -0.1666667)
(6.666667 5 -0.1666667)
(7 5 -0.1666667)
(7.333333 5 -0.1666667)
(7.666667 5 -0.1666667)
(8 5 -0.1666667)
(8.333333 5 -0.1666667)
(8.666667 5 -0.1666667)
(9 5 -0.1666667)
(9.333333 5 -0.1666667)
(9.666667 5 -0.1666667)
(10 5 -0.1666667)
(0 5.333333 -0.1666667)
(0.3333333 5.333333 -0.1666667)
(0.6666667 5.333333 -0.1666667)
(1 5.333333 -0.1666667)
(1.333333 5.333333 -0.1666667)
(1.666667 5.333333 -0.1666667)
(2 5.333333 -0.1666667)
(2.333333 5.333333 -0.1666667)
(2.666667 5.333333 -0.1666667)
(3 5.333333 -0.1666667)
(3.333333 5.333333 -0.1666667)
(3.666667 5.333333 -0.1666667)
(4 5.333333 -0.1666667)
(4.333333 5.333333 -0.1666667)
(4.666667 5.333333 -0.1666667)
(5 5.333333 -0.1666667)
(5.333333 5.333333 -0.1666667)
(5.666667 5.333333 -0.1666667)
(6 5.333333 -0.1666667)
(6.333333 5.333333 -0.1666667)
(6.666667 5.333333 -0.1666667)
(7 5.333333 -0.1666667)
(7.333333 5.333333 -0.1666667)
(7.666667 5.333333 -0.1666667)
(8 5.333333 -0.1666667)
(8.333333 5.333333 -0.1666667)
(8.666667 5.333333 -0.1666667)
(9 5.333333 -0.1666667)
(9.333333 5.333333 -0.1666667)
(9.666667 5.333333 -0.1666667)
(10 5.333333 -0.1666667)
(0 5.666667 -0.1666667)
(0.3333333 5.666667 -0.1666667)
(0.6666667 5.666667 -0.1666667)
(1 5.666667 -0.1666667)
(1.333333 5.666667 -0.1666667)
(1.666667 5.666667 -0.1666667)
(2 5.666667 -0.1666667)
(2.333333 5.666667 -0.1666667)
(2.666667 5.666667 -0.1666667)
(3 5.666667 -0.1666667)
(3.333333 5.666667 -0.1666667)
(3.666667 5.666667 -0.1666667)
(4 5.666667 -0.1666667)
(4.333333 5.666667 -0.1666667)
(4.666667 5.666667 -0.1666667)
(5 5.666667 -0.1666667)
(5.333333 5.666667 -0.1666667)
(5.666667 5.666667 -0.1666667)
(6 5.666667 -0.1666667)
(6.333333 5.666667 -0.1666667)
(6.666667 5.666667 -0.1666667)
(7 5.666667 -0.1666667)
(7.333333 5.666667 -0.1666667)
(7.666667 5.666667 -0.1666667)
(8 5.666667 -0.1666667)
(8.333333 5.666667 -0.1666667)
(8.666667 5.666667 -0.1666667)
(9 5.666667 -0.1666667)
(9.333333 5.666667 -0.1666667)
(9.666667 5.666667 -0.1666667)
(10 5.666667 -0.1666667)
(0 6 -0.1666667)
(0.3333333 6 -0.1666667)
(0.6666667 6 -0.1666667)
(1 6 -0.1666667)
(1.333333 6 -0.1666667)
(1.666667 6 -0.1666667)
(2 6 -0.1666667)
(2.333333 6 -0.1666667)
(2.666667 6 -0.1666667)
(3 6 -0.1666667)
(3.333333 6 -0.1666667)
(3.666667 6 -0.1666667)
(4 6 -0.1666667)
(4.333333 6 -0.1666667)
(4.666667 6 -0.1666667)
(5 6 -0.1666667)
(5.333333 6 -0.1666667)
(5.666667 6 -0.1666667)
(6 6 -0.1666667)
(6.333333 6 -0.1666667)
(6.666667 6 -0.1666667)
(7 6 -0.1666667)
(7.333333 6 -0.1666667)
(7.666667 6 -0.1666667)
(8 6 -0.1666667)
(8.333333 6 -0.1666667)
(8.666667 6 -0.1666667)
(9 6 -0.1666667)
(9.333333 6 -0.1666667)
(9.666667 6 -0.1666667)
(10 6 -0.1666667)
(0 6.333333 -0.1666667)
(0.3333333 6.333333 -0.1666667)
(0.6666667 6.333333 -0.1666667)
(1 6.333333 -0.1666667)
(1.333333 6.333333 -0.1666667)
(1.666667 6.333333 -0.1666667)
(2 6.333333 -0.1666667)
(2.333333 6.333333 -0.1666667)
(2.666667 6.333333 -0.1666667)
(3 6.333333 -0.1666667)
(3.333333 6.333333 -0.1666667)
(3.666667 6.333333 -0.1666667)
(4 6.333333 -0.1666667)
(4.333333 6.333333 -0.1666667)
(4.666667 6.333333 -0.1666667)
(5 6.333333 -0.1666667)
(5.333333 6.333333 -0.1666667)
(5.666667 6.333333 -0.1666667)
(6 6.333333 -0.1666667)
(6.333333 6.333333 -0.1666667)
(6.666667 6.333333 -0.1666667)
(7 6.333333 -0.1666667)
(7.333333 6.333333 -0.1666667)
(7.666667 6.333333 -0.1666667)
(8 6.333333 -0.1666667)
(8.333333 6.333333 -0.1666667)
(8.666667 6.333333 -0.1666667)
(9 6.333333 -0.1666667)
(9.333333 6.333333 -0.1666667)
(9.666667 6.333333 -0.1666667)
(10 6.333333 -0.1666667)
(0 6.666667 -0.1666667)
(0.3333333 6.666667 -0.1666667)
(0.6666667 6.666667 -0.1666667)
(1 6.666667 -0.1666667)
(1.333333 6.666667 -0.1666667)
(1.666667 6.666667 -0.1666667)
(2 6.666667 -0.1666667)
(2.333333 6.666667 -0.1666667)
(2.666667 6.666667 -0.1666667)
(3 6.666667 -0.1666667)
(3.333333 6.666667 -0.1666667)
(3.666667 6.666667 -0.1666667)
(4 6.666667 -0.1666667)
(4.333333 6.666667 -0.1666667)
(4.666667 6.666667 -0.1666667)
(5 6.666667 -0.1666667)
(5.333333 6.666667 -0.1666667)
(5.666667 6.666667 -0.1666667)
(6 6.666667 -0.1666667)
(6.333333 6.666667 -0.1666667)
(6.666667 6.666667 -0.1666667)
(7 6.666667 -0.1666667)
(7.333333 6.666667 -0.1666667)
(7.666667 6.666667 -0.1666667)
(8 6.666667 -0.1666667)
(8.333333 6.666667 -0.1666667)
(8.666667 6.666667 -0.1666667)
(9 6.666667 -0.1666667)
(9.333333 6.666667 -0.1666667)
(9.666667 6.666667 -0.1666667)
(10 6.666667 -0.1666667)
(0 7 -0.1666667)
(0.3333333 7 -0.1666667)
(0.6666667 7 -0.1666667)
(1 7 -0.1666667)
(1.333333 7 -0.1666667)
(1.666667 7 -0.1666667)
(2 7 -0.1666667)
(2.333333 7 -0.1666667)
(2.666667 7 -0.1666667)
(3 7 -0.1666667)
(3.333333 7 -0.1666667)
(3.666667 7 -0.1666667)
(4 7 -0.1666667)
(4.333333 7 -0.1666667)
(4.666667 7 -0.1666667)
(5 7 -0.1666667)
(5.333333 7 -0.1666667)
(5.666667 7 -0.1666667)
(6 7 -0.1666667)
(6.333333 7 -0.1666667)
(6.666667 7 -0.1666667)
(7 7 -0.1666667)
(7.333333 7 -0.1666667)
(7.666667 7 -0.1666667)
(8 7 -0.1666667)
(8.333333 7 -0.1666667)
(8.666667 7 -0.1666667)
(9 7 -0.1666667)
(9.333333 7 -0.1666667)
(9.666667 7 -0.1666667)
(10 7 -0.1666667)
(0 7.333333 -0.1666667)
(0.3333333 7.333333 -0.1666667)
(0.6666667 7.333333 -0.1666667)
(1 7.333333 -0.1666667)
(1.333333 7.333333 -0.1666667)
(1.666667 7.333333 -0.1666667)
(2 7.333333 -0.1666667)
(2.333333 7.333333 -0.1666667)
(2.666667 7.333333 -0.1666667)
(3 7.333333 -0.1666667)
(3.333333 7.333333 -0.1666667)
(3.666667 7.333333 -0.1666667)
(4 7.333333 -0.1666667)
(4.333333 7.333333 -0.1666667)
(4.666667 7.333333 -0.1666667)
(5 7.333333 -0.1666667)
(5.333333 7.333333 -0.1666667)
(5.666667 7.333333 -0.1666667)
(6 7.333333 -0.1666667)
(6.333333 7.333333 -0.1666667)
(6.666667 7.333333 -0.1666667)
(7 7.333333 -0.1666667)
(7.333333 7.333333 -0.1666667)
(7.666667 7.333333 -0.1666667)
(8 7.333333 -0.1666667)
(8.333333 7.333333 -0.1666667)
(8.666667 7.333333 -0.1666667)
(9 7.333333 -0.1666667)
(9.333333 7.333333 -0.1666667)
(9.666667 7.333333 -0.1666667)
(10 7.333333 -0.1666667)
(0 7.666667 -0.1666667)
(0.3333333 7.666667 -0.1666667)
(0.6666667 7.666667 -0.1666667)
(1 7.666667 -0.1666667)
(1.333333 7.666667 -0.1666667)
(1.666667 7.666667 -0.1666667)
(2 7.666667 -0.1666667)
(2.333333 7.666667 -0.1666667)
(2.666667 7.666667 -0.1666667)
(3 7.666667 -0.1666667)
(3.333333 7.666667 -0.1666667)
(3.666667 7.666667 -0.1666667)
(4 7.666667 -0.1666667)
(4.333333 7.666667 -0.1666667)
(4.666667 7.666667 -0.1666667)
(5 7.666667 -0.1666667)
(5.333333 7.666667 -0.1666667)
(5.666667 7.666667 -0.1666667)
(6 7.666667 -0.1666667)
(6.333333 7.666667 -0.1666667)
(6.666667 7.666667 -0.1666667)
(7 7.666667 -0.1666667)
(7.333333 7.666667 -0.1666667)
(7.666667 7.666667 -0.1666667)
(8 7.666667 -0.1666667)
(8.333333 7.666667 -0.1666667)
(8.666667 7.666667 -0.1666667)
(9 7.666667 -0.1666667)
(9.333333 7.666667 -0.1666667)
(9.666667 7.666667 -0.1666667)
(10 7.666667 -0.1666667)
(0 8 -0.1666667)
(0.3333333 8 -0.1666667)
(0.6666667 8 -0.1666667)
(1 8 -0.1666667)
(1.333333 8 -0.1666667)
(1.666667 8 -0.1666667)
(2 8 -0.1666667)
(2.333333 8 -0.1666667)
(2.666667 8 -0.1666667)
(3 8 -0.1666667)
(3.333333 8 -0.1666667)
(3.666667 8 -0.1666667)
(4 8 -0.1666667)
(4.333333 8 -0.1666667)
(4.666667 8 -0.1666667)
(5 8 -0.1666667)
(5.333333 8 -0.1666667)
(5.666667 8 -0.1666667)
(6 8 -0.1666667)
(6.333333 8 -0.1666667)
(6.666667 8 -0.1666667)
(7 8 -0.1666667)
(7.333333 8 -0.1666667)
(7.666667 8 -0.1666667)
(8 8 -0.1666667)
(8.333333 8 -0.1666667)
(8.666667 8 -0.1666667)
(9 8 -0.1666667)
(9.333333 8 -0.1666667)
(9.666667 8 -0.1666667)
(10 8 -0.1666667)
(0 8.333333 -0.1666667)
(0.3333333 8.333333 -0.1666667)
(0.6666667 8.333333 -0.1666667)
(1 8.333333 -0.1666667)
(1.333333 8.333333 -0.1666667)
(1.666667 8.333333 -0.1666667)
(2 8.333333 -0.1666667)
(2.333333 8.333333 -0.1666667)
(2.666667 8.333333 -0.1666667)
(3 8.333333 -0.1666667)
(3.333333 8.333333 -0.1666667)
(3.666667 8.333333 -0.1666667)
(4 8.333333 -0.1666667)
(4.333333 8.333333 -0.1666667)
(4.666667 8.333333 -0.1666667)
(5 8.333333 -0.1666667)
(5.333333 8.333333 -0.1666667)
(5.666667 8.333333 -0.1666667)
(6 8.333333 -0.1666667)
(6.333333 8.333333 -0.1666667)
(6.666667 8.333333 -0.1666667)
(7 8.333333 -0.1666667)
(7.333333 8.333333 -0.1666667)
(7.666667 8.333333 -0.1666667)
(8 8.333333 -0.1666667)
(8.333333 8.333333 -0.1666667)
(8.666667 8.333333 -0.1666667)
(9 8.333333 -0.1666667)
(9.333333 8.333333 -0.1666667)
(9.666667 8.333333 -0.1666667)
(10 8.333333 -0.1666667)
(0 8.666667 -0.1666667)
(0.3333333 8.666667 -0.1666667)
(0.6666667 8.666667 -0.1666667)
(1 8.666667 -0.1666667)
(1.333333 8.666667 -0.1666667)
(1.666667 8.666667 -0.1666667)
(2 8.666667 -0.1666667)
(2.333333 8.666667 -0.1666667)
(2.666667 8.666667 -0.1666667)
(3 8.666667 -0.1666667)
(3.333333 8.666667 -0.1666667)
(3.666667 8.666667 -0.1666667)
(4 8.666667 -0.1666667)
(4.333333 8.666667 -0.1666667)
(4.666667 8.666667 -0.1666667)
(5 8.666667 -0.1666667)
(5.333333 8.666667 -0.1666667)
(5.666667 8.666667 -0.1666667)
(6 8.666667 -0.1666667)
(6.333333 8.666667 -0.1666667)
(6.666667 8.666667 -0.1666667)
(7 8.666667 -0.1666667)
(7.333333 8.666667 -0.1666667)
(7.666667 8.666667 -0.1666667)
(8 8.666667 -0.1666667)
(8.333333 8.666667 -0.1666667)
(8.666667 8.666667 -0.1666667)
(9 8.666667 -0.1666667)
(9.333333 8.666667 -0.1666667)
(9.666667 8.666667 -0.1666667)
(10 8.666667 -0.1666667)
(0 9 -0.1666667)
(0.3333333 9 -0.1666667)
(0.6666667 9 -0.1666667)
(1 9 -0.1666667)
(1.333333 9 -0.1666667)
(1.666667 9 -0.1666667)
(2 9 -0.1666667)
(2.333333 9 -0.1666667)
(2.666667 9 -0.1666667)
(3 9 -0.1666667)
(3.333333 9 -0.1666667)
(3.666667 9 -0.1666667)
(4 9 -0.1666667)
(4.333333 9 -0.1666667)
(4.666667 9 -0.1666667)
(5 9 -0.1666667)
(5.333333 9 -0.1666667)
(5.666667 9 -0.1666667)
(6 9 -0.1666667)
(6.333333 9 -0.1666667)
(6.666667 9 -0.1666667)
(7 9 -0.1666667)
(7.333333 9 -0.1666667)
(7.666667 9 -0.1666667)
(8 9 -0.1666667)
(8.333333 9 -0.1666667)
(8.666667 9 -0.1666667)
(9 9 -0.1666667)
(9.333333 9 -0.1666667)
(9.666667 9 -0.1666667)
(10 9 -0.1666667)
(0 9.333333 -0.1666667)
(0.3333333 9.333333 -0.1666667)
(0.6666667 9.333333 -0.1666667)
(1 9.333333 -0.1666667)
(1.333333 9.333333 -0.1666667)
(1.666667 9.333333 -0.1666667)
(2 9.333333 -0.1666667)
(2.333333 9.333333 -0.1666667)
(2.666667 9.333333 -0.1666667)
(3 9.333333 -0.1666667)
(3.333333 9.333333 -0.1666667)
(3.666667 9.333333 -0.1666667)
(4 9.333333 -0.1666667)
(4.333333 9.333333 -0.1666667)
(4.666667 9.333333 -0.1666667)
(5 9.333333 -0.1666667)
(5.333333 9.333333 -0.1666667)
(5.666667 9.333333 -0.1666667)
(6 9.333333 -0.1666667)
(6.333333 9.333333 -0.1666667)
(6.666667 9.333333 -0.1666667)
(7 9.333333 -0.1666667)
(7.333333 9.333333 -0.1666667)
(7.666667 9.333333 -0.1666667)
(8 9.333333 -0.1666667)
(8.333333 9.333333 -0.1666667)
(8.666667 9.333333 -0.1666667)
(9 9.333333 -0.1666667)
(9.333333 9.333333 -0.1666667)
(9.666667 9.333333 -0.1666667)
(10 9.333333 -0.1666667)
(0 9.666667 -0.1666667)
(0.3333333 9.666667 -0.1666667)
(0.6666667 9.666667 -0.1666667)
(1 9.666667 -0.1666667)
(1.333333 9.666667 -0.1666667)
(1.666667 9.666667 -0.1666667)
(2 9.666667 -0.1666667)
(2.333333 9.666667 -0.1666667)
(2.666667 9.666667 -0.1666667)
(3 9.666667 -0.1666667)
(3.333333 9.666667 -0.1666667)
(3.666667 9.666667 -0.1666667)
(4 9.666667 -0.1666667)
(4.333333 9.666667 -0.1666667)
(4.666667 9.666667 -0.1666667)
(5 9.666667 -0.1666667)
(5.333333 9.666667 -0.1666667)
(5.666667 9.666667 -0.1666667)
(6 9.666667 -0.1666667)
(6.333333 9.666667 -0.1666667)
(6.666667 9.666667 -0.1666667)
(7 9.666667 -0.1666667)
(7.333333 9.666667 -0.1666667)
(7.666667 9.666667 -0.1666667)
(8 9.666667 -0.1666667)
(8.333333 9.666667 -0.1666667)
(8.666667 9.666667 -0.1666667)
(9 9.666667 -0.1666667)
(9.333333 9.666667 -0.1666667)
(9.666667 9.666667 -0.1666667)
(10 9.666667 -0.1666667)
(0 10 -0.1666667)
(0.3333333 10 -0.1666667)
(0.6666667 10 -0.1666667)
(1 10 -0.1666667)
(1.333333 10 -0.1666667)
(1.666667 10 -0.1666667)
(2 10 -0.1666667)
(2.333333 10 -0.1666667)
(2.666667 10 -0.1666667)
(3 10 -0.1666667)
(3.333333 10 -0.1666667)
(3.666667 10 -0.1666667)
(4 10 -0.1666667)
(4.333333 10 -0.1666667)
(4.666667 10 -0.1666667)
(5 10 -0.1666667)
(5.333333 10 -0.1666667)
(5.666667 10 -0.1666667)
(6 10 -0.1666667)
(6.333333 10 -0.1666667)
(6.666667 10 -0.1666667)
(7 10 -0.1666667)
(7.333333 10 -0.1666667)
(7.666667 10 -0.1666667)
(8 10 -0.1666667)
(8.333333 10 -0.1666667)
(8.666667 10 -0.1666667)
(9 10 -0.1666667)
(9.333333 10 -0.1666667)
(9.666667 10 -0.1666667)
(10 10 -0.1666667)
)


// ************************************************************************* //
