/*--------------------------------*- C++ -*----------------------------------*\
| =========                 |                                                 |
| \\      /  F ield         | OpenFOAM: The Open Source CFD Toolbox           |
|  \\    /   O peration     | Version:  2506                                  |
|   \\  /    A nd           | Website:  www.openfoam.com                      |
|    \\/     M anipulation  |                                                 |
\*---------------------------------------------------------------------------*/
FoamFile
{
    version     2.0;
    format      ascii;
    arch        "LSB;label=32;scalar=64";
    class       volScalarField;
    location    "500/floor";
    object      damage;
}
// * * * * * * * * * * * * * * * * * * * * * * * * * * * * * * * * * * * * * //

dimensions      [0 0 0 0 0 0 0];

internalField   nonuniform List<scalar> 
2700
(
0.001122699
0.001122775
0.001122845
0.001122909
0.001122966
0.001123017
0.001123062
0.001123102
0.001123136
0.001123166
0.001123189
0.001123207
0.00112322
0.00112323
0.001123235
0.001123235
0.00112323
0.001123221
0.001123207
0.001123189
0.001123165
0.001123135
0.0011231
0.001123059
0.001123012
0.001122959
0.001122899
0.001122832
0.001122758
0.001122682
0.001122774
0.00112285
0.00112292
0.001122984
0.00112304
0.001123089
0.001123133
0.00112317
0.001123203
0.00112323
0.001123252
0.001123269
0.001123281
0.00112329
0.001123295
0.001123295
0.001123291
0.001123282
0.001123269
0.001123251
0.001123228
0.001123199
0.001123165
0.001123126
0.00112308
0.001123028
0.00112297
0.001122904
0.001122832
0.001122757
0.001122847
0.001122922
0.001122991
0.001123053
0.001123108
0.001123156
0.001123197
0.001123233
0.001123264
0.00112329
0.001123311
0.001123327
0.001123339
0.001123347
0.001123352
0.001123352
0.001123348
0.001123339
0.001123327
0.00112331
0.001123287
0.00112326
0.001123227
0.001123189
0.001123145
0.001123094
0.001123037
0.001122973
0.001122902
0.001122829
0.001122913
0.001122986
0.001123055
0.001123115
0.001123168
0.001123214
0.001123254
0.001123289
0.001123318
0.001123343
0.001123362
0.001123378
0.001123389
0.001123397
0.001123401
0.001123401
0.001123397
0.00112339
0.001123378
0.001123361
0.00112334
0.001123314
0.001123282
0.001123245
0.001123203
0.001123154
0.001123098
0.001123036
0.001122966
0.001122894
0.001122972
0.001123044
0.001123111
0.001123169
0.001123221
0.001123266
0.001123304
0.001123337
0.001123365
0.001123389
0.001123407
0.001123422
0.001123433
0.00112344
0.001123444
0.001123444
0.001123441
0.001123433
0.001123422
0.001123406
0.001123386
0.001123361
0.001123331
0.001123295
0.001123253
0.001123206
0.001123152
0.001123091
0.001123023
0.001122953
0.001123025
0.001123096
0.001123161
0.001123218
0.001123267
0.00112331
0.001123348
0.001123379
0.001123406
0.001123428
0.001123446
0.00112346
0.00112347
0.001123477
0.001123481
0.001123481
0.001123478
0.001123471
0.00112346
0.001123445
0.001123425
0.001123401
0.001123372
0.001123338
0.001123298
0.001123252
0.001123199
0.00112314
0.001123074
0.001123005
0.001123071
0.00112314
0.001123204
0.001123259
0.001123308
0.001123349
0.001123385
0.001123415
0.001123441
0.001123462
0.001123479
0.001123492
0.001123502
0.001123509
0.001123512
0.001123512
0.001123509
0.001123503
0.001123492
0.001123478
0.001123459
0.001123436
0.001123408
0.001123375
0.001123336
0.001123292
0.001123241
0.001123183
0.001123118
0.00112305
0.001123111
0.001123179
0.001123242
0.001123296
0.001123342
0.001123383
0.001123417
0.001123446
0.001123471
0.001123491
0.001123507
0.001123519
0.001123529
0.001123535
0.001123538
0.001123539
0.001123536
0.001123529
0.00112352
0.001123506
0.001123488
0.001123466
0.001123439
0.001123407
0.001123369
0.001123326
0.001123276
0.00112322
0.001123156
0.001123089
0.001123146
0.001123213
0.001123274
0.001123327
0.001123372
0.001123411
0.001123444
0.001123472
0.001123496
0.001123515
0.00112353
0.001123542
0.001123551
0.001123557
0.00112356
0.00112356
0.001123558
0.001123552
0.001123543
0.001123529
0.001123512
0.001123491
0.001123465
0.001123434
0.001123397
0.001123355
0.001123307
0.001123251
0.001123189
0.001123124
0.001123175
0.001123241
0.001123301
0.001123352
0.001123397
0.001123435
0.001123467
0.001123494
0.001123516
0.001123535
0.001123549
0.00112356
0.001123569
0.001123575
0.001123578
0.001123578
0.001123576
0.00112357
0.001123561
0.001123549
0.001123532
0.001123512
0.001123486
0.001123456
0.001123421
0.001123379
0.001123332
0.001123278
0.001123217
0.001123152
0.001123199
0.001123264
0.001123323
0.001123373
0.001123417
0.001123454
0.001123485
0.001123511
0.001123533
0.00112355
0.001123564
0.001123575
0.001123583
0.001123589
0.001123592
0.001123592
0.00112359
0.001123585
0.001123576
0.001123564
0.001123548
0.001123528
0.001123504
0.001123474
0.001123439
0.001123399
0.001123352
0.001123299
0.001123239
0.001123175
0.001123218
0.001123282
0.00112334
0.001123389
0.001123432
0.001123468
0.001123499
0.001123524
0.001123545
0.001123562
0.001123576
0.001123586
0.001123594
0.0011236
0.001123603
0.001123603
0.001123601
0.001123596
0.001123588
0.001123576
0.001123561
0.001123541
0.001123517
0.001123487
0.001123453
0.001123413
0.001123367
0.001123315
0.001123255
0.001123193
0.001123265
0.001123297
0.001123352
0.001123401
0.001123443
0.001123479
0.001123509
0.001123534
0.001123555
0.001123571
0.001123585
0.001123595
0.001123602
0.001123608
0.001123611
0.001123611
0.001123609
0.001123604
0.001123596
0.001123585
0.00112357
0.00112355
0.001123524
0.00112346
0.001123424
0.001123385
0.001123339
0.001123287
0.001123231
0.001123203
0.001123854
0.001123338
0.001123362
0.00112341
0.001123451
0.001123486
0.001123516
0.00112354
0.001123561
0.001123577
0.00112359
0.0011236
0.001123608
0.001123613
0.001123616
0.001123616
0.001123614
0.00112361
0.001123602
0.00112359
0.001123575
0.001123555
0.001123495
0.001122819
0.001122748
0.001122708
0.001122664
0.001122613
0.001122589
0.001123138
0.001123892
0.001123345
0.001123366
0.001123414
0.001123455
0.00112349
0.001123519
0.001123543
0.001123564
0.00112358
0.001123593
0.001123603
0.00112361
0.001123615
0.001123618
0.001123619
0.001123617
0.001123612
0.001123604
0.001123593
0.001123578
0.001123558
0.001123496
0.001122785
0.001122713
0.001122673
0.001122628
0.001122577
0.001122521
0.001122494
0.001123893
0.001123345
0.001123366
0.001123413
0.001123455
0.00112349
0.001123519
0.001123543
0.001123564
0.00112358
0.001123593
0.001123603
0.00112361
0.001123615
0.001123618
0.001123619
0.001123617
0.001123612
0.001123604
0.001123593
0.001123578
0.001123558
0.001123496
0.001122784
0.001122711
0.001122671
0.001122627
0.001122575
0.001122517
0.001122457
0.001123887
0.00112334
0.001123362
0.001123409
0.001123451
0.001123486
0.001123516
0.00112354
0.001123561
0.001123577
0.00112359
0.0011236
0.001123608
0.001123613
0.001123616
0.001123616
0.001123614
0.001123609
0.001123602
0.00112359
0.001123575
0.001123555
0.001123492
0.00112278
0.001122708
0.001122667
0.001122623
0.001122571
0.001122512
0.001122451
0.001123844
0.001123329
0.001123353
0.001123401
0.001123443
0.001123479
0.001123509
0.001123534
0.001123554
0.001123571
0.001123584
0.001123595
0.001123602
0.001123608
0.001123611
0.001123611
0.001123609
0.001123604
0.001123596
0.001123585
0.001123569
0.001123549
0.001123486
0.001122775
0.001122702
0.001122661
0.001122616
0.001122564
0.001122505
0.001122443
0.001123251
0.001123284
0.001123339
0.001123389
0.001123432
0.001123468
0.001123498
0.001123524
0.001123545
0.001123562
0.001123576
0.001123586
0.001123594
0.0011236
0.001123603
0.001123603
0.001123601
0.001123596
0.001123587
0.001123576
0.00112356
0.001123539
0.001123478
0.001122801
0.00112273
0.001122689
0.001122643
0.001122591
0.001122531
0.001122469
0.0011232
0.001123263
0.001123322
0.001123373
0.001123416
0.001123453
0.001123484
0.00112351
0.001123532
0.00112355
0.001123564
0.001123575
0.001123583
0.001123589
0.001123592
0.001123592
0.001123589
0.001123584
0.001123576
0.001123564
0.001123548
0.001123528
0.001123501
0.001123435
0.001123398
0.001123358
0.001123311
0.001123258
0.001123198
0.001123134
0.001123175
0.00112324
0.0011233
0.001123352
0.001123396
0.001123434
0.001123466
0.001123493
0.001123516
0.001123534
0.001123549
0.00112356
0.001123568
0.001123574
0.001123577
0.001123577
0.001123575
0.001123569
0.001123561
0.001123548
0.001123531
0.001123511
0.001123486
0.001123454
0.001123419
0.001123377
0.00112333
0.001123276
0.001123216
0.00112315
0.001123145
0.001123212
0.001123273
0.001123326
0.001123371
0.00112341
0.001123444
0.001123471
0.001123495
0.001123514
0.001123529
0.001123541
0.00112355
0.001123556
0.001123559
0.001123559
0.001123557
0.001123551
0.001123542
0.001123528
0.001123511
0.00112349
0.001123464
0.001123433
0.001123396
0.001123354
0.001123306
0.001123252
0.001123219
0.001123125
0.00112311
0.001123178
0.001123241
0.001123295
0.001123341
0.001123382
0.001123416
0.001123445
0.00112347
0.00112349
0.001123506
0.001123518
0.001123527
0.001123534
0.001123537
0.001123537
0.001123534
0.001123528
0.001123518
0.001123505
0.001123487
0.001123465
0.001123438
0.001123406
0.001123368
0.001123325
0.001123276
0.00112325
0.001123704
0.001123121
0.00112307
0.001123139
0.001123203
0.001123258
0.001123306
0.001123348
0.001123384
0.001123414
0.00112344
0.001123461
0.001123477
0.001123491
0.0011235
0.001123507
0.001123511
0.001123511
0.001123507
0.001123501
0.001123491
0.001123476
0.001123458
0.001123435
0.001123407
0.001123374
0.001123335
0.00112329
0.001123239
0.001123183
0.001123148
0.001123051
0.001123024
0.001123094
0.001123159
0.001123216
0.001123266
0.001123309
0.001123346
0.001123377
0.001123404
0.001123426
0.001123444
0.001123458
0.001123468
0.001123475
0.001123479
0.001123479
0.001123476
0.001123469
0.001123458
0.001123443
0.001123424
0.0011234
0.001123371
0.001123336
0.001123296
0.00112325
0.001123198
0.001123139
0.001123073
0.001123003
0.001122971
0.001123043
0.001123109
0.001123168
0.001123219
0.001123264
0.001123302
0.001123335
0.001123363
0.001123386
0.001123405
0.00112342
0.001123431
0.001123438
0.001123442
0.001123442
0.001123438
0.001123431
0.00112342
0.001123404
0.001123384
0.001123359
0.001123328
0.001123293
0.001123251
0.001123204
0.00112315
0.001123089
0.001123022
0.001122951
0.001122911
0.001122984
0.001123053
0.001123113
0.001123166
0.001123212
0.001123252
0.001123286
0.001123316
0.00112334
0.00112336
0.001123375
0.001123387
0.001123395
0.001123399
0.001123399
0.001123395
0.001123387
0.001123375
0.001123359
0.001123338
0.001123311
0.00112328
0.001123243
0.0011232
0.001123151
0.001123096
0.001123034
0.001122964
0.001122892
0.001122845
0.001122919
0.001122989
0.001123051
0.001123105
0.001123153
0.001123195
0.001123231
0.001123261
0.001123287
0.001123308
0.001123324
0.001123336
0.001123345
0.001123349
0.001123349
0.001123345
0.001123337
0.001123324
0.001123307
0.001123285
0.001123258
0.001123225
0.001123187
0.001123142
0.001123092
0.001123035
0.001122971
0.0011229
0.001122827
0.001122772
0.001122847
0.001122918
0.001122981
0.001123037
0.001123087
0.00112313
0.001123167
0.0011232
0.001123227
0.001123249
0.001123266
0.001123278
0.001123287
0.001123292
0.001123292
0.001123288
0.001123279
0.001123266
0.001123248
0.001123225
0.001123196
0.001123163
0.001123123
0.001123077
0.001123025
0.001122967
0.001122902
0.001122829
0.001122755
0.001122696
0.001122772
0.001122842
0.001122906
0.001122963
0.001123014
0.001123059
0.001123099
0.001123133
0.001123163
0.001123186
0.001123204
0.001123217
0.001123226
0.001123231
0.001123231
0.001123227
0.001123218
0.001123204
0.001123185
0.001123162
0.001123132
0.001123097
0.001123056
0.001123009
0.001122956
0.001122896
0.001122829
0.001122756
0.00112268
0.000145019
0.0001458175
0.0001465417
0.0001471942
0.0001477838
0.0001483084
0.0001487707
0.0001491782
0.0001495345
0.0001498403
0.0001500846
0.0001502693
0.0001504093
0.0001505057
0.0001505558
0.000150557
0.0001505111
0.0001504188
0.000150278
0.0001500873
0.0001498423
0.0001495398
0.0001491791
0.0001487596
0.000148277
0.0001477294
0.0001471133
0.0001464261
0.0001456673
0.0001448765
0.0001458064
0.0001466023
0.0001473307
0.00014798
0.0001485579
0.0001490682
0.0001495145
0.0001499005
0.000150234
0.0001505146
0.0001507402
0.0001509156
0.000151049
0.0001511408
0.0001511883
0.0001511895
0.0001511458
0.0001510576
0.0001509224
0.0001507387
0.0001505026
0.0001502109
0.0001498621
0.0001494552
0.0001489863
0.0001484524
0.0001478504
0.0001471776
0.000146433
0.0001456539
0.0001465584
0.0001473427
0.0001480593
0.0001486943
0.0001492561
0.0001497498
0.0001501794
0.0001505489
0.0001508669
0.0001511331
0.0001513469
0.0001515136
0.0001516403
0.0001517273
0.0001517723
0.0001517735
0.0001517322
0.0001516484
0.0001515192
0.000151343
0.0001511165
0.0001508363
0.0001505002
0.0001501069
0.0001496526
0.0001491338
0.0001485475
0.0001478905
0.0001471611
0.0001463958
0.0001472382
0.0001480088
0.0001487103
0.0001493291
0.0001498742
0.0001503511
0.0001507645
0.0001511187
0.0001514223
0.0001516756
0.0001518787
0.0001520369
0.000152157
0.0001522394
0.000152282
0.0001522833
0.0001522443
0.000152165
0.000152042
0.0001518735
0.0001516565
0.0001513879
0.0001510647
0.000150685
0.0001502454
0.0001497422
0.0001491718
0.0001485309
0.0001478173
0.0001470664
0.0001478474
0.0001486038
0.0001492895
0.0001498917
0.00015042
0.0001508805
0.000151278
0.0001516173
0.000151907
0.0001521479
0.0001523407
0.0001524908
0.0001526044
0.0001526825
0.0001527228
0.0001527242
0.0001526877
0.0001526128
0.0001524959
0.000152335
0.0001521275
0.0001518701
0.0001515596
0.0001511933
0.0001507681
0.0001502802
0.0001497257
0.0001491008
0.000148403
0.0001476668
0.0001483883
0.0001491306
0.0001498007
0.0001503866
0.0001508986
0.0001513431
0.0001517254
0.0001520505
0.0001523268
0.0001525559
0.0001527388
0.000152881
0.0001529886
0.0001530625
0.0001531009
0.0001531025
0.0001530684
0.0001529978
0.0001528869
0.0001527333
0.0001525348
0.0001522883
0.0001519899
0.0001516365
0.0001512252
0.0001507521
0.0001502129
0.0001496036
0.0001489212
0.0001481993
0.0001488635
0.0001495923
0.0001502473
0.0001508177
0.0001513142
0.0001517436
0.0001521115
0.0001524232
0.000152687
0.000152905
0.0001530787
0.0001532136
0.0001533155
0.0001533857
0.0001534224
0.0001534243
0.0001533925
0.000153326
0.0001532207
0.000153074
0.000152884
0.0001526477
0.0001523606
0.0001520192
0.000151621
0.0001511618
0.0001506372
0.0001500426
0.000149375
0.0001486668
0.0001492761
0.0001499922
0.0001506331
0.0001511891
0.0001516711
0.0001520866
0.0001524411
0.0001527405
0.0001529928
0.0001532006
0.0001533659
0.0001534941
0.0001535909
0.0001536578
0.000153693
0.0001536951
0.0001536656
0.0001536029
0.0001535029
0.0001533626
0.0001531804
0.0001529534
0.0001526767
0.0001523462
0.00015196
0.0001515137
0.0001510024
0.0001504216
0.0001497677
0.0001490724
0.0001496326
0.0001503367
0.0001509644
0.0001515068
0.0001519754
0.0001523776
0.0001527198
0.0001530077
0.0001532495
0.0001534478
0.0001536054
0.0001537274
0.0001538196
0.0001538836
0.0001539174
0.00015392
0.0001538927
0.0001538336
0.0001537384
0.0001536041
0.0001534292
0.0001532107
0.0001529435
0.0001526233
0.0001522483
0.0001518139
0.0001513152
0.0001507473
0.0001501063
0.000149423
0.0001499326
0.000150626
0.0001512418
0.000151772
0.0001522285
0.0001526192
0.0001529503
0.000153228
0.0001534603
0.0001536503
0.0001538011
0.0001539177
0.0001540059
0.0001540674
0.0001541001
0.0001541031
0.0001540778
0.0001540221
0.0001539313
0.0001538023
0.0001536338
0.0001534229
0.0001531642
0.000152853
0.0001524878
0.000152064
0.0001515764
0.0001510199
0.0001503904
0.000149718
0.0001501757
0.00015086
0.0001514659
0.000151986
0.0001524325
0.0001528134
0.0001531354
0.0001534046
0.000153629
0.000153812
0.0001539571
0.0001540693
0.0001541542
0.0001542136
0.0001542455
0.000154249
0.0001542254
0.0001541727
0.0001540856
0.0001539611
0.000153798
0.0001535933
0.0001533415
0.0001530374
0.0001526803
0.0001522652
0.0001517867
0.0001512396
0.0001506195
0.0001499562
0.0001503735
0.0001510432
0.0001516408
0.0001521529
0.0001525914
0.0001529645
0.000153279
0.0001535413
0.0001537594
0.0001539369
0.0001540773
0.0001541859
0.0001542682
0.0001543261
0.0001543574
0.0001543614
0.0001543394
0.0001542891
0.0001542051
0.0001540842
0.0001539253
0.0001537255
0.0001534786
0.0001531719
0.0001528206
0.0001524123
0.0001519411
0.0001514014
0.0001507892
0.0001501412
0.0001507992
0.0001511959
0.000151772
0.0001522771
0.0001527092
0.0001530761
0.0001533848
0.0001536417
0.0001538549
0.000154028
0.0001541648
0.0001542707
0.0001543511
0.0001544078
0.0001544387
0.0001544432
0.0001544224
0.000154374
0.0001542925
0.0001541744
0.0001540187
0.0001538223
0.0001535627
0.0001529612
0.0001525979
0.0001521945
0.000151729
0.0001511957
0.000150606
0.0001502538
0.0001570281
0.000151563
0.0001518668
0.0001523597
0.0001527871
0.0001531497
0.0001534544
0.0001537075
0.0001539173
0.0001540875
0.0001542218
0.0001543257
0.0001544048
0.0001544607
0.0001544913
0.0001544961
0.0001544762
0.0001544292
0.0001543495
0.0001542334
0.0001540799
0.0001538777
0.0001533217
0.0001461736
0.0001455148
0.0001451069
0.0001446456
0.0001441248
0.0001438216
0.0001497148
0.0001573596
0.0001516248
0.000151911
0.000152401
0.000152826
0.0001531864
0.000153489
0.0001537402
0.0001539481
0.0001541168
0.0001542497
0.0001543526
0.0001544311
0.0001544865
0.000154517
0.000154522
0.0001545025
0.0001544562
0.0001543775
0.0001542624
0.0001541101
0.0001539088
0.0001533374
0.0001458916
0.0001452176
0.0001448111
0.0001443518
0.0001438253
0.0001432424
0.0001428967
0.0001573672
0.0001516249
0.0001519107
0.0001524007
0.0001528258
0.0001531861
0.0001534887
0.0001537399
0.0001539478
0.0001541164
0.0001542494
0.0001543523
0.0001544307
0.0001544861
0.0001545165
0.0001545216
0.0001545021
0.0001544558
0.000154377
0.0001542619
0.0001541096
0.0001539083
0.0001533363
0.000145882
0.0001452075
0.000144801
0.0001443417
0.0001438146
0.0001432153
0.0001425795
0.0001573103
0.0001515778
0.0001518664
0.0001523588
0.0001527862
0.0001531488
0.0001534535
0.0001537066
0.0001539163
0.0001540865
0.0001542207
0.0001543246
0.0001544037
0.0001544595
0.00015449
0.0001544948
0.0001544749
0.0001544278
0.0001543481
0.000154232
0.0001540784
0.0001538756
0.0001533021
0.0001458462
0.0001451699
0.0001447614
0.0001443
0.0001437707
0.0001431685
0.0001425221
0.000156931
0.0001514699
0.0001517782
0.0001522757
0.0001527076
0.0001530745
0.0001533832
0.00015364
0.0001538532
0.0001540263
0.000154163
0.0001542688
0.0001543492
0.0001544058
0.0001544366
0.000154441
0.0001544201
0.0001543717
0.0001542902
0.000154172
0.0001540161
0.0001538106
0.0001532347
0.0001457843
0.000145105
0.0001446928
0.0001442274
0.0001436939
0.0001430875
0.0001424368
0.0001506543
0.0001510566
0.0001516389
0.0001521504
0.0001525888
0.0001529619
0.0001532764
0.0001535386
0.0001537567
0.0001539341
0.0001540744
0.0001541829
0.0001542652
0.000154323
0.0001543542
0.0001543581
0.000154336
0.0001542856
0.0001542016
0.0001540806
0.0001539214
0.0001537126
0.0001531494
0.0001459939
0.0001453267
0.0001449096
0.0001444385
0.0001438991
0.0001432867
0.0001426305
0.00015018
0.0001508566
0.0001514619
0.000151982
0.0001524284
0.0001528092
0.000153131
0.0001534001
0.0001536245
0.0001538073
0.0001539523
0.0001540643
0.0001541491
0.0001542085
0.0001542403
0.0001542437
0.00015422
0.0001541673
0.0001540802
0.0001539556
0.0001537924
0.0001535871
0.0001533178
0.0001527061
0.0001523315
0.0001519159
0.0001514376
0.0001508906
0.0001502708
0.0001496073
0.0001499274
0.0001506204
0.000151236
0.0001517661
0.0001522225
0.000152613
0.000152944
0.0001532215
0.0001534536
0.0001536434
0.0001537941
0.0001539105
0.0001539986
0.00015406
0.0001540926
0.0001540955
0.0001540701
0.0001540144
0.0001539235
0.0001537945
0.000153626
0.0001534151
0.0001531559
0.0001528362
0.0001524706
0.0001520469
0.0001515595
0.0001510037
0.0001503815
0.0001497022
0.0001496255
0.0001503294
0.0001509569
0.000151499
0.0001519673
0.0001523694
0.0001527114
0.000152999
0.0001532406
0.0001534386
0.0001535961
0.0001537179
0.0001538099
0.0001538738
0.0001539075
0.0001539099
0.0001538826
0.0001538235
0.0001537283
0.000153594
0.0001534192
0.0001532008
0.0001529337
0.0001526135
0.0001522387
0.0001518045
0.0001513066
0.0001507537
0.0001503662
0.0001494305
0.000149267
0.0001499828
0.0001506234
0.000151179
0.0001516608
0.0001520759
0.0001524302
0.0001527293
0.0001529813
0.0001531888
0.0001533539
0.0001534818
0.0001535784
0.0001536451
0.0001536802
0.0001536823
0.0001536527
0.00015359
0.00015349
0.0001533498
0.0001531677
0.0001529409
0.0001526643
0.0001523342
0.0001519483
0.0001515023
0.0001509989
0.0001506793
0.0001556345
0.0001493385
0.0001488518
0.0001495803
0.0001502349
0.000150805
0.0001513011
0.0001517301
0.0001520975
0.0001524089
0.0001526723
0.0001528899
0.0001530634
0.0001531979
0.0001532996
0.0001533696
0.0001534062
0.000153408
0.0001533762
0.0001533097
0.0001532045
0.000153058
0.0001528681
0.000152632
0.0001523452
0.0001520041
0.0001516063
0.0001511475
0.0001506238
0.0001500445
0.0001496305
0.00014867
0.0001483742
0.000149116
0.0001497856
0.0001503711
0.0001508826
0.0001513266
0.0001517084
0.0001520331
0.0001523089
0.0001525376
0.0001527201
0.000152862
0.0001529693
0.0001530431
0.0001530813
0.0001530829
0.0001530487
0.0001529782
0.0001528674
0.000152714
0.0001525157
0.0001522695
0.0001519715
0.0001516185
0.0001512076
0.000150735
0.0001501964
0.000149588
0.0001489134
0.0001481848
0.0001478309
0.0001485867
0.0001492719
0.0001498735
0.0001504013
0.0001508612
0.0001512581
0.0001515969
0.0001518861
0.0001521265
0.0001523189
0.0001524685
0.0001525818
0.0001526597
0.0001526999
0.0001527013
0.0001526648
0.0001525899
0.0001524733
0.0001523126
0.0001521053
0.0001518483
0.0001515383
0.0001511724
0.0001507478
0.0001502604
0.0001497065
0.0001490823
0.0001483852
0.0001476494
0.0001472194
0.0001479893
0.0001486901
0.0001493083
0.0001498527
0.0001503291
0.0001507419
0.0001510954
0.0001513985
0.0001516513
0.0001518539
0.0001520117
0.0001521314
0.0001522136
0.000152256
0.0001522573
0.0001522183
0.0001521391
0.0001520164
0.0001518481
0.0001516315
0.0001513633
0.0001510406
0.0001506615
0.0001502224
0.0001497198
0.0001491501
0.0001485099
0.000147797
0.0001470467
0.0001465372
0.0001473207
0.0001480366
0.000148671
0.0001492322
0.0001497252
0.0001501542
0.000150523
0.0001508404
0.0001511061
0.0001513194
0.0001514855
0.0001516118
0.0001516987
0.0001517435
0.0001517446
0.0001517033
0.0001516197
0.0001514907
0.0001513149
0.0001510887
0.000150809
0.0001504735
0.0001500808
0.0001496271
0.000149109
0.0001485234
0.0001478672
0.0001471386
0.000146374
0.0001457833
0.0001465783
0.0001473059
0.0001479545
0.0001485317
0.0001490415
0.0001494871
0.0001498724
0.0001502051
0.0001504859
0.0001507104
0.000150885
0.000151018
0.0001511096
0.0001511569
0.000151158
0.0001511144
0.0001510263
0.0001508913
0.000150708
0.0001504724
0.0001501812
0.0001498329
0.0001494267
0.0001489584
0.0001484253
0.000147824
0.0001471521
0.0001464082
0.00014563
0.0001449951
0.0001457934
0.0001465159
0.0001471692
0.0001477576
0.0001482825
0.0001487434
0.0001491507
0.0001495041
0.000149817
0.0001500548
0.0001502378
0.0001503771
0.0001504731
0.000150523
0.0001505242
0.0001504783
0.0001503862
0.0001502453
0.0001500551
0.0001498107
0.0001495089
0.0001491487
0.0001487296
0.0001482477
0.0001477012
0.0001470858
0.0001463994
0.0001456414
0.0001448516
0.0001559184
0.0001630381
0.0001693839
0.0001750929
0.0001802481
0.0001848331
0.0001888663
0.0001924411
0.0001955549
0.0001982471
0.0002004043
0.000202027
0.0002032583
0.000204108
0.0002045526
0.0002045688
0.0002041718
0.0002033694
0.0002021422
0.0002004805
0.0001983429
0.0001957027
0.0001925525
0.000188889
0.0001846737
0.0001798889
0.0001745053
0.0001685021
0.0001618687
0.0001548294
0.0001629169
0.0001700247
0.0001763978
0.0001820756
0.0001871298
0.0001915938
0.0001954981
0.000198876
0.0002017957
0.0002042543
0.0002062327
0.000207771
0.000208944
0.0002097533
0.000210175
0.0002101901
0.0002098132
0.0002090469
0.0002078692
0.0002062688
0.0002042106
0.0002016655
0.0001986208
0.0001950691
0.0001909747
0.0001863118
0.0001810544
0.0001751789
0.0001686702
0.0001617374
0.0001694913
0.0001764995
0.0001827674
0.000188319
0.0001932327
0.0001975516
0.0002013111
0.0002045452
0.0002073303
0.0002096628
0.000211537
0.0002129986
0.0002141122
0.0002148802
0.0002152793
0.0002152946
0.0002149381
0.0002142102
0.0002130858
0.000211551
0.0002095757
0.000207131
0.0002041981
0.0002007648
0.0001967977
0.0001922681
0.0001871476
0.0001814096
0.0001750348
0.0001682244
0.000175432
0.0001823201
0.0001884569
0.0001938666
0.0001986337
0.0002028064
0.0002064239
0.0002095239
0.0002121832
0.0002144031
0.0002161836
0.0002175715
0.000218627
0.0002193547
0.0002197324
0.0002197488
0.000219413
0.0002187242
0.0002176537
0.0002161855
0.0002142936
0.0002119498
0.0002091294
0.000205815
0.0002019762
0.000197582
0.0001926011
0.0001870037
0.0001807668
0.0001740844
0.0001807552
0.0001875185
0.0001935182
0.0001987835
0.0002034042
0.0002074328
0.0002109117
0.0002138821
0.0002164193
0.0002185307
0.0002202211
0.0002215375
0.0002225369
0.0002232262
0.0002235848
0.0002236025
0.0002232876
0.0002226374
0.0002216204
0.0002202183
0.0002184085
0.0002161635
0.0002134536
0.0002102556
0.0002065431
0.0002022827
0.0001974403
0.0001919829
0.0001858842
0.0001793312
0.0001854813
0.0001921212
0.0001979846
0.0002031082
0.0002075866
0.0002114758
0.0002148215
0.0002176678
0.000220088
0.000222096
0.0002237005
0.0002249487
0.000225895
0.0002265485
0.0002268903
0.0002269096
0.0002266159
0.0002260031
0.0002250378
0.0002236998
0.0002219689
0.0002198184
0.0002172143
0.0002141281
0.000210537
0.0002064055
0.0002016971
0.0001963756
0.0001904118
0.0001839858
0.000189634
0.0001961548
0.0002018873
0.0002068756
0.0002112187
0.0002149761
0.0002181963
0.0002209257
0.0002232367
0.0002251477
0.0002266721
0.0002278564
0.0002287536
0.0002293744
0.0002297016
0.0002297231
0.00022945
0.0002288728
0.0002279566
0.0002266787
0.0002250219
0.00022296
0.0002204545
0.0002174731
0.000213996
0.000209986
0.0002054043
0.000200212
0.0001943768
0.0001880725
0.0001932395
0.000199648
0.0002052578
0.0002101202
0.0002143379
0.0002179733
0.0002210777
0.0002236994
0.0002259105
0.0002277322
0.0002291836
0.0002303096
0.0002311625
0.0002317546
0.0002320688
0.000232093
0.0002318397
0.000231296
0.0002304251
0.0002292027
0.0002276138
0.0002256328
0.0002232174
0.0002203318
0.0002169592
0.0002130608
0.0002085957
0.000203523
0.0001978081
0.0001916183
0.0001963554
0.0002026582
0.0002081527
0.0002128966
0.0002169964
0.0002205175
0.0002235138
0.0002260357
0.0002281546
0.0002298941
0.0002312782
0.0002323509
0.0002331639
0.0002337307
0.0002340333
0.0002340609
0.0002338267
0.000233315
0.0002324865
0.0002313158
0.0002297901
0.0002278836
0.0002255512
0.0002227543
0.000219479
0.0002156853
0.0002113299
0.0002063695
0.0002007667
0.000194684
0.0001989772
0.0002051851
0.000210576
0.0002152139
0.0002192087
0.0002226282
0.0002255283
0.0002279611
0.0002299982
0.0002316649
0.0002329895
0.0002340157
0.0002347939
0.0002353396
0.0002356325
0.0002356642
0.0002354476
0.0002349651
0.0002341749
0.0002330502
0.0002315803
0.0002297397
0.0002274809
0.0002247626
0.0002215733
0.0002178716
0.000213613
0.0002087522
0.0002032498
0.0001972631
0.0002010997
0.0002072285
0.0002125335
0.0002170835
0.0002209909
0.0002243258
0.0002271459
0.0002295048
0.0002314736
0.0002330799
0.0002343548
0.0002353422
0.0002360921
0.0002366204
0.0002369062
0.0002369424
0.0002367412
0.0002362843
0.0002355269
0.0002344411
0.0002330177
0.0002312311
0.0002290322
0.0002263768
0.0002232574
0.0002196312
0.000215452
0.0002106731
0.0002052531
0.0001993461
0.0002027967
0.0002088263
0.0002140613
0.0002185412
0.0002223788
0.0002256458
0.0002284013
0.0002307005
0.0002326143
0.0002341728
0.0002354071
0.0002363638
0.0002370917
0.0002376065
0.0002378875
0.0002379287
0.0002377411
0.0002373054
0.0002365746
0.0002355199
0.0002341329
0.0002323892
0.0002302352
0.0002275881
0.0002245217
0.0002209549
0.0002168384
0.000212124
0.0002067709
0.0002009669
0.0002057274
0.0002101
0.000215205
0.0002196267
0.0002234087
0.0002266219
0.0002293267
0.0002315791
0.0002334498
0.0002349709
0.0002361739
0.000237107
0.0002378188
0.0002383233
0.000238601
0.0002386464
0.0002384696
0.0002380507
0.0002373416
0.0002363115
0.0002349529
0.0002332404
0.0002310391
0.000226633
0.0002235256
0.0002200033
0.0002159366
0.0002112761
0.0002060568
0.0002020559
0.0002627055
0.0002125483
0.0002160046
0.0002203488
0.0002240909
0.0002272666
0.0002299359
0.0002321558
0.000233997
0.0002354926
0.0002366739
0.0002375903
0.0002382908
0.0002387882
0.0002390637
0.0002391124
0.0002389434
0.0002385365
0.000237843
0.0002368303
0.0002354909
0.0002337598
0.0002297857
0.000164507
0.0001596335
0.0001561044
0.0001520753
0.0001474934
0.0001440262
0.0001991102
0.0002648137
0.0002130288
0.0002163888
0.0002207097
0.0002244315
0.0002275879
0.0002302391
0.0002324422
0.0002342674
0.0002357493
0.0002369194
0.000237827
0.0002385215
0.0002390153
0.0002392898
0.0002393403
0.0002391754
0.0002387749
0.0002380894
0.0002370856
0.0002357567
0.0002340357
0.000229991
0.0001629277
0.0001579856
0.000154471
0.0001504595
0.0001458576
0.0001406978
0.0001367552
0.0002648498
0.0002130281
0.0002163861
0.0002207071
0.000224429
0.0002275853
0.0002302364
0.0002324393
0.0002342644
0.0002357462
0.0002369161
0.0002378236
0.000238518
0.0002390117
0.000239286
0.0002393364
0.0002391714
0.0002387707
0.0002380852
0.0002370812
0.0002357523
0.0002340312
0.0002299839
0.0001628786
0.000157934
0.0001544193
0.0001504077
0.0001458035
0.0001405623
0.0001348665
0.0002643822
0.0002126179
0.0002159989
0.0002203409
0.000224083
0.0002272586
0.0002299279
0.0002321477
0.0002339886
0.0002354838
0.0002366647
0.0002375808
0.0002382808
0.0002387778
0.0002390528
0.0002391011
0.0002389318
0.0002385247
0.0002378309
0.0002368178
0.0002354782
0.0002337445
0.0002296837
0.0001625645
0.0001576041
0.0001540724
0.0001500426
0.0001454189
0.0001401553
0.0001343978
0.0002618564
0.0002117351
0.0002152303
0.000219614
0.0002233951
0.0002266081
0.0002293126
0.0002315647
0.0002334352
0.0002349559
0.0002361583
0.0002370909
0.0002378021
0.0002383059
0.0002385828
0.0002386277
0.0002384503
0.000238031
0.0002373215
0.0002362908
0.000234931
0.0002331738
0.00022909
0.0001619868
0.0001569988
0.0001534346
0.0001493699
0.0001447097
0.000139409
0.0001336148
0.0002044609
0.000208883
0.0002140423
0.0002185196
0.0002223568
0.0002256233
0.0002283784
0.000230677
0.0002325903
0.0002341481
0.0002353818
0.0002363379
0.0002370651
0.0002375792
0.0002378593
0.0002378998
0.0002377114
0.0002372752
0.0002365438
0.0002354884
0.0002341002
0.0002323118
0.0002282755
0.000162933
0.0001579861
0.0001543775
0.0001502631
0.0001455515
0.0001401988
0.000134355
0.0002011063
0.0002071969
0.0002124989
0.000217048
0.0002209547
0.0002242887
0.0002271079
0.0002294658
0.0002314336
0.000233039
0.0002343129
0.0002352993
0.0002360483
0.0002365757
0.0002368606
0.000236896
0.0002366943
0.0002362369
0.0002354789
0.0002343926
0.000232969
0.0002311799
0.0002288947
0.0002243995
0.0002211941
0.0002175661
0.0002133879
0.0002086103
0.0002031922
0.0001972851
0.0001989303
0.0002051363
0.0002105258
0.0002151624
0.0002191558
0.000222574
0.0002254727
0.000227904
0.0002299397
0.000231605
0.0002329283
0.000233953
0.0002347301
0.0002352746
0.0002355665
0.0002355974
0.0002353802
0.0002348975
0.000234107
0.0002329822
0.0002315125
0.0002296721
0.0002274115
0.0002246512
0.0002214605
0.0002177601
0.0002135032
0.0002086464
0.0002031814
0.0001971611
0.0001962929
0.000202594
0.0002080866
0.0002128286
0.0002169265
0.0002204457
0.00022344
0.0002259598
0.0002280768
0.0002298143
0.0002311966
0.0002322676
0.0002330792
0.0002336449
0.0002339465
0.0002339732
0.0002337386
0.0002332266
0.000232398
0.0002312276
0.0002297023
0.0002277968
0.0002254655
0.0002226693
0.0002193958
0.0002156041
0.0002112531
0.0002063683
0.000202306
0.0001946902
0.0001931596
0.0001995655
0.0002051728
0.0002100327
0.0002142479
0.0002178807
0.0002209824
0.0002236015
0.00022581
0.0002276294
0.0002290784
0.0002302023
0.0002310535
0.0002316444
0.0002319574
0.0002319808
0.0002317272
0.0002311834
0.0002303127
0.000229091
0.0002275031
0.0002255235
0.0002231098
0.0002202264
0.0002168563
0.0002129613
0.0002085361
0.0002050421
0.0002523595
0.0001931827
0.0001895325
0.0001960496
0.000201779
0.0002067641
0.0002111038
0.0002148578
0.0002180746
0.0002208006
0.0002231083
0.0002250163
0.0002265378
0.0002277195
0.0002286145
0.0002292339
0.00022956
0.0002295808
0.0002293075
0.0002287305
0.0002278149
0.0002265382
0.000224883
0.0002228231
0.0002203201
0.0002173416
0.0002138677
0.0002098613
0.0002052854
0.0002001702
0.0001958769
0.000188041
0.0001853583
0.0001919936
0.0001978531
0.0002029727
0.000207447
0.0002113321
0.0002146736
0.0002175158
0.0002199321
0.0002219366
0.0002235376
0.0002247827
0.0002257266
0.0002263785
0.0002267191
0.0002267378
0.000226444
0.0002258316
0.0002248674
0.000223531
0.0002218023
0.0002196544
0.0002170533
0.0002139708
0.0002103837
0.0002062564
0.0002015525
0.0001962378
0.0001903142
0.0001838574
0.0001806113
0.0001873693
0.0001933641
0.0001986246
0.0002032406
0.0002072644
0.0002107385
0.0002137042
0.0002162369
0.0002183442
0.0002200307
0.0002213437
0.0002223403
0.0002230278
0.0002233853
0.0002234024
0.0002230875
0.0002224379
0.0002214224
0.0002200224
0.0002182153
0.0002159734
0.0002132671
0.0002100734
0.0002063656
0.0002021101
0.0001972729
0.0001918207
0.0001857281
0.0001791797
0.0001752677
0.0001821494
0.0001882808
0.000193685
0.0001984468
0.0002026142
0.0002062265
0.0002093212
0.0002119757
0.0002141911
0.0002159674
0.0002173514
0.0002184038
0.0002191295
0.0002195061
0.0002195219
0.0002191862
0.0002184982
0.0002174295
0.0002159638
0.0002140751
0.0002117349
0.0002089186
0.0002056091
0.0002017755
0.0001973868
0.0001924118
0.0001868202
0.0001805893
0.0001739129
0.0001693068
0.0001763077
0.0001825697
0.0001881157
0.0001930235
0.000197337
0.0002010911
0.0002043195
0.0002070995
0.0002094276
0.000211297
0.0002127542
0.0002138644
0.0002146302
0.000215028
0.0002150427
0.0002146864
0.0002139596
0.0002128371
0.0002113051
0.0002093334
0.0002068928
0.0002039644
0.0002005364
0.000196575
0.0001920515
0.0001869374
0.0001812059
0.0001748377
0.0001680338
0.0001627149
0.0001698157
0.0001761795
0.0001818534
0.0001868997
0.0001913602
0.0001952587
0.000198631
0.0002015434
0.0002040045
0.000205973
0.0002075048
0.0002086737
0.0002094804
0.0002099006
0.0002099151
0.0002095384
0.0002087733
0.0002075977
0.0002060003
0.0002039462
0.0002014054
0.0001983657
0.0001948195
0.0001907313
0.0001860751
0.0001808245
0.0001749561
0.0001684544
0.0001615287
0.0001557011
0.0001628304
0.0001691321
0.0001748711
0.0001799937
0.0001845985
0.0001886161
0.0001921932
0.0001952747
0.0001980489
0.0002001371
0.0002017434
0.0002029686
0.0002038151
0.0002042581
0.0002042736
0.0002038769
0.0002030757
0.0002018491
0.0002001906
0.0001980589
0.0001954235
0.0001922784
0.0001886188
0.0001844096
0.000179634
0.0001742569
0.0001682608
0.0001616342
0.0001546033
)
;

boundaryField
{
    fmaxY
    {
        type            calculated;
        value           nonuniform List<scalar> 
90
(
0.001122696
0.0001449951
0.0001557011
0.001122772
0.0001457934
0.0001628304
0.001122842
0.0001465159
0.0001691321
0.001122906
0.0001471692
0.0001748711
0.001122963
0.0001477576
0.0001799937
0.001123014
0.0001482825
0.0001845985
0.001123059
0.0001487434
0.0001886161
0.001123099
0.0001491507
0.0001921932
0.001123133
0.0001495041
0.0001952747
0.001123163
0.000149817
0.0001980489
0.001123186
0.0001500548
0.0002001371
0.001123204
0.0001502378
0.0002017434
0.001123217
0.0001503771
0.0002029686
0.001123226
0.0001504731
0.0002038151
0.001123231
0.000150523
0.0002042581
0.001123231
0.0001505242
0.0002042736
0.001123227
0.0001504783
0.0002038769
0.001123218
0.0001503862
0.0002030757
0.001123204
0.0001502453
0.0002018491
0.001123185
0.0001500551
0.0002001906
0.001123162
0.0001498107
0.0001980589
0.001123132
0.0001495089
0.0001954235
0.001123097
0.0001491487
0.0001922784
0.001123056
0.0001487296
0.0001886188
0.001123009
0.0001482477
0.0001844096
0.001122956
0.0001477012
0.000179634
0.001122896
0.0001470858
0.0001742569
0.001122829
0.0001463994
0.0001682608
0.001122756
0.0001456414
0.0001616342
0.00112268
0.0001448516
0.0001546033
)
;
    }
    fminX
    {
        type            calculated;
        value           nonuniform List<scalar> 
90
(
0.001122699
0.001122774
0.001122847
0.001122913
0.001122972
0.001123025
0.001123071
0.001123111
0.001123146
0.001123175
0.001123199
0.001123218
0.001123265
0.001123854
0.001123892
0.001123893
0.001123887
0.001123844
0.001123251
0.0011232
0.001123175
0.001123145
0.00112311
0.00112307
0.001123024
0.001122971
0.001122911
0.001122845
0.001122772
0.001122696
0.000145019
0.0001458064
0.0001465584
0.0001472382
0.0001478474
0.0001483883
0.0001488635
0.0001492761
0.0001496326
0.0001499326
0.0001501757
0.0001503735
0.0001507992
0.0001570281
0.0001573596
0.0001573672
0.0001573103
0.000156931
0.0001506543
0.00015018
0.0001499274
0.0001496255
0.000149267
0.0001488518
0.0001483742
0.0001478309
0.0001472194
0.0001465372
0.0001457833
0.0001449951
0.0001559184
0.0001629169
0.0001694913
0.000175432
0.0001807552
0.0001854813
0.000189634
0.0001932395
0.0001963554
0.0001989772
0.0002010997
0.0002027967
0.0002057274
0.0002627055
0.0002648137
0.0002648498
0.0002643822
0.0002618564
0.0002044609
0.0002011063
0.0001989303
0.0001962929
0.0001931596
0.0001895325
0.0001853583
0.0001806113
0.0001752677
0.0001693068
0.0001627149
0.0001557011
)
;
    }
    fmaxX
    {
        type            calculated;
        value           nonuniform List<scalar> 
90
(
0.001122682
0.001122757
0.001122829
0.001122894
0.001122953
0.001123005
0.00112305
0.001123089
0.001123124
0.001123152
0.001123175
0.001123193
0.001123203
0.001123138
0.001122494
0.001122457
0.001122451
0.001122443
0.001122469
0.001123134
0.00112315
0.001123125
0.001123121
0.001123051
0.001123003
0.001122951
0.001122892
0.001122827
0.001122755
0.00112268
0.0001448765
0.0001456539
0.0001463958
0.0001470664
0.0001476668
0.0001481993
0.0001486668
0.0001490724
0.000149423
0.000149718
0.0001499562
0.0001501412
0.0001502538
0.0001497148
0.0001428967
0.0001425795
0.0001425221
0.0001424368
0.0001426305
0.0001496073
0.0001497022
0.0001494305
0.0001493385
0.00014867
0.0001481848
0.0001476494
0.0001470467
0.000146374
0.00014563
0.0001448516
0.0001548294
0.0001617374
0.0001682244
0.0001740844
0.0001793312
0.0001839858
0.0001880725
0.0001916183
0.000194684
0.0001972631
0.0001993461
0.0002009669
0.0002020559
0.0001991102
0.0001367552
0.0001348665
0.0001343978
0.0001336148
0.000134355
0.0001972851
0.0001971611
0.0001946902
0.0001931827
0.000188041
0.0001838574
0.0001791797
0.0001739129
0.0001680338
0.0001615287
0.0001546033
)
;
    }
    fminY
    {
        type            calculated;
        value           nonuniform List<scalar> 
90
(
0.001122699
0.000145019
0.0001559184
0.001122775
0.0001458175
0.0001630381
0.001122845
0.0001465417
0.0001693839
0.001122909
0.0001471942
0.0001750929
0.001122966
0.0001477838
0.0001802481
0.001123017
0.0001483084
0.0001848331
0.001123062
0.0001487707
0.0001888663
0.001123102
0.0001491782
0.0001924411
0.001123136
0.0001495345
0.0001955549
0.001123166
0.0001498403
0.0001982471
0.001123189
0.0001500846
0.0002004043
0.001123207
0.0001502693
0.000202027
0.00112322
0.0001504093
0.0002032583
0.00112323
0.0001505057
0.000204108
0.001123235
0.0001505558
0.0002045526
0.001123235
0.000150557
0.0002045688
0.00112323
0.0001505111
0.0002041718
0.001123221
0.0001504188
0.0002033694
0.001123207
0.000150278
0.0002021422
0.001123189
0.0001500873
0.0002004805
0.001123165
0.0001498423
0.0001983429
0.001123135
0.0001495398
0.0001957027
0.0011231
0.0001491791
0.0001925525
0.001123059
0.0001487596
0.000188889
0.001123012
0.000148277
0.0001846737
0.001122959
0.0001477294
0.0001798889
0.001122899
0.0001471133
0.0001745053
0.001122832
0.0001464261
0.0001685021
0.001122758
0.0001456673
0.0001618687
0.001122682
0.0001448765
0.0001548294
)
;
    }
    fminZ
    {
        type            calculated;
        value           nonuniform List<scalar> 
900
(
0.004264929
0.004265001
0.00426507
0.004265133
0.00426519
0.00426524
0.004265284
0.004265322
0.004265355
0.004265382
0.004265405
0.004265423
0.004265468
0.004266028
0.004266064
0.004266065
0.004266059
0.004266019
0.004265455
0.004265406
0.004265382
0.004265354
0.004265321
0.004265282
0.004265238
0.004265188
0.004265132
0.004265068
0.004264999
0.004264927
0.004265002
0.004265073
0.004265141
0.004265203
0.004265258
0.004265307
0.004265349
0.004265386
0.004265418
0.004265445
0.004265467
0.004265484
0.004265498
0.004265537
0.004265544
0.004265544
0.004265539
0.004265529
0.004265485
0.004265466
0.004265444
0.004265418
0.004265385
0.004265348
0.004265305
0.004265256
0.004265201
0.004265139
0.004265071
0.004264999
0.004265069
0.00426514
0.004265208
0.004265268
0.004265321
0.004265369
0.00426541
0.004265446
0.004265476
0.004265502
0.004265523
0.004265539
0.004265551
0.00426556
0.004265564
0.004265564
0.00426556
0.004265552
0.004265539
0.004265522
0.004265501
0.004265475
0.004265445
0.004265409
0.004265367
0.00426532
0.004265266
0.004265205
0.004265138
0.004265066
0.004265129
0.0042652
0.004265266
0.004265325
0.004265377
0.004265423
0.004265463
0.004265497
0.004265526
0.004265551
0.004265571
0.004265586
0.004265597
0.004265605
0.004265609
0.004265609
0.004265605
0.004265597
0.004265586
0.00426557
0.00426555
0.004265526
0.004265496
0.004265461
0.004265421
0.004265375
0.004265323
0.004265264
0.004265198
0.004265127
0.004265184
0.004265254
0.004265318
0.004265375
0.004265426
0.00426547
0.004265508
0.004265541
0.00426557
0.004265593
0.004265612
0.004265626
0.004265637
0.004265645
0.004265648
0.004265648
0.004265644
0.004265637
0.004265626
0.004265611
0.004265592
0.004265569
0.00426554
0.004265507
0.004265468
0.004265424
0.004265373
0.004265316
0.004265251
0.004265181
0.004265232
0.004265301
0.004265364
0.004265419
0.004265468
0.004265511
0.004265548
0.00426558
0.004265607
0.004265629
0.004265647
0.004265661
0.004265671
0.004265678
0.004265681
0.004265681
0.004265678
0.004265671
0.004265661
0.004265647
0.004265628
0.004265606
0.004265579
0.004265547
0.004265509
0.004265466
0.004265417
0.004265361
0.004265298
0.00426523
0.004265275
0.004265342
0.004265403
0.004265457
0.004265505
0.004265546
0.004265582
0.004265612
0.004265638
0.00426566
0.004265677
0.00426569
0.0042657
0.004265706
0.004265709
0.004265709
0.004265706
0.0042657
0.00426569
0.004265676
0.004265659
0.004265637
0.004265611
0.004265581
0.004265545
0.004265503
0.004265455
0.004265401
0.004265339
0.004265272
0.004265313
0.004265378
0.004265438
0.00426549
0.004265536
0.004265576
0.004265611
0.00426564
0.004265665
0.004265685
0.004265701
0.004265714
0.004265723
0.004265729
0.004265732
0.004265732
0.004265729
0.004265723
0.004265714
0.004265701
0.004265685
0.004265664
0.004265639
0.004265609
0.004265575
0.004265534
0.004265488
0.004265435
0.004265375
0.00426531
0.004265345
0.004265408
0.004265467
0.004265518
0.004265563
0.004265602
0.004265635
0.004265663
0.004265687
0.004265707
0.004265722
0.004265734
0.004265743
0.004265749
0.004265752
0.004265752
0.004265749
0.004265743
0.004265734
0.004265722
0.004265706
0.004265686
0.004265662
0.004265634
0.0042656
0.004265561
0.004265516
0.004265464
0.004265406
0.004265342
0.004265373
0.004265434
0.004265491
0.004265542
0.004265585
0.004265623
0.004265655
0.004265682
0.004265705
0.004265724
0.004265739
0.004265751
0.004265759
0.004265764
0.004265767
0.004265767
0.004265764
0.004265759
0.00426575
0.004265739
0.004265723
0.004265704
0.004265681
0.004265654
0.004265621
0.004265583
0.004265539
0.004265489
0.004265432
0.004265371
0.004265396
0.004265455
0.004265511
0.00426556
0.004265603
0.00426564
0.004265671
0.004265698
0.00426572
0.004265738
0.004265752
0.004265763
0.004265771
0.004265777
0.004265779
0.004265779
0.004265777
0.004265771
0.004265763
0.004265752
0.004265737
0.004265719
0.004265697
0.00426567
0.004265638
0.004265601
0.004265558
0.004265509
0.004265452
0.004265393
0.004265413
0.004265471
0.004265526
0.004265575
0.004265617
0.004265653
0.004265684
0.004265709
0.004265731
0.004265749
0.004265763
0.004265773
0.004265781
0.004265786
0.004265789
0.004265789
0.004265786
0.004265781
0.004265773
0.004265762
0.004265748
0.00426573
0.004265708
0.004265682
0.004265651
0.004265615
0.004265572
0.004265524
0.004265468
0.004265409
0.004265425
0.004265483
0.004265538
0.004265586
0.004265627
0.004265663
0.004265693
0.004265718
0.004265739
0.004265757
0.00426577
0.004265781
0.004265789
0.004265793
0.004265796
0.004265796
0.004265793
0.004265788
0.004265781
0.00426577
0.004265756
0.004265739
0.004265717
0.004265691
0.004265661
0.004265625
0.004265583
0.004265535
0.004265481
0.004265422
0.004265434
0.004265492
0.004265546
0.004265593
0.004265634
0.004265669
0.004265699
0.004265724
0.004265745
0.004265762
0.004265776
0.004265786
0.004265794
0.004265799
0.004265801
0.004265801
0.004265798
0.004265793
0.004265786
0.004265775
0.004265762
0.004265744
0.004265723
0.004265698
0.004265668
0.004265632
0.004265591
0.004265543
0.004265489
0.004265431
0.004265439
0.004265496
0.00426555
0.004265597
0.004265638
0.004265673
0.004265703
0.004265728
0.004265748
0.004265765
0.004265779
0.004265789
0.004265796
0.004265801
0.004265804
0.004265804
0.004265801
0.004265796
0.004265789
0.004265778
0.004265765
0.004265747
0.004265726
0.004265701
0.004265671
0.004265636
0.004265595
0.004265547
0.004265493
0.004265436
0.004265439
0.004265496
0.00426555
0.004265597
0.004265638
0.004265673
0.004265703
0.004265728
0.004265749
0.004265765
0.004265779
0.004265789
0.004265797
0.004265802
0.004265804
0.004265804
0.004265801
0.004265797
0.004265789
0.004265778
0.004265765
0.004265748
0.004265727
0.004265701
0.004265671
0.004265636
0.004265595
0.004265547
0.004265493
0.004265436
0.004265435
0.004265492
0.004265546
0.004265594
0.004265635
0.00426567
0.0042657
0.004265725
0.004265746
0.004265763
0.004265777
0.004265787
0.004265795
0.0042658
0.004265802
0.004265802
0.0042658
0.004265795
0.004265787
0.004265776
0.004265762
0.004265745
0.004265724
0.004265698
0.004265668
0.004265633
0.004265591
0.004265544
0.004265489
0.004265431
0.004265426
0.004265484
0.004265538
0.004265586
0.004265628
0.004265663
0.004265694
0.004265719
0.00426574
0.004265758
0.004265772
0.004265782
0.00426579
0.004265795
0.004265798
0.004265798
0.004265795
0.00426579
0.004265782
0.004265771
0.004265757
0.004265739
0.004265718
0.004265692
0.004265661
0.004265626
0.004265584
0.004265536
0.004265481
0.004265423
0.004265413
0.004265471
0.004265526
0.004265575
0.004265617
0.004265653
0.004265684
0.00426571
0.004265732
0.004265749
0.004265764
0.004265775
0.004265783
0.004265788
0.00426579
0.00426579
0.004265788
0.004265782
0.004265774
0.004265763
0.004265749
0.004265731
0.004265709
0.004265682
0.004265651
0.004265615
0.004265572
0.004265524
0.004265468
0.00426541
0.004265395
0.004265454
0.00426551
0.004265559
0.004265602
0.004265639
0.00426567
0.004265697
0.004265719
0.004265737
0.004265752
0.004265763
0.004265772
0.004265777
0.00426578
0.00426578
0.004265777
0.004265771
0.004265763
0.004265752
0.004265737
0.004265718
0.004265696
0.004265669
0.004265637
0.0042656
0.004265557
0.004265508
0.004265451
0.004265392
0.004265372
0.004265432
0.004265489
0.004265539
0.004265583
0.00426562
0.004265653
0.00426568
0.004265703
0.004265722
0.004265737
0.004265749
0.004265757
0.004265763
0.004265766
0.004265766
0.004265763
0.004265757
0.004265748
0.004265736
0.004265721
0.004265702
0.004265679
0.004265651
0.004265619
0.004265581
0.004265537
0.004265487
0.00426543
0.004265369
0.004265344
0.004265405
0.004265463
0.004265514
0.004265559
0.004265597
0.004265631
0.004265659
0.004265683
0.004265702
0.004265718
0.00426573
0.004265739
0.004265744
0.004265747
0.004265747
0.004265744
0.004265738
0.004265729
0.004265717
0.004265702
0.004265682
0.004265658
0.004265629
0.004265596
0.004265557
0.004265512
0.004265461
0.004265403
0.004265341
0.004265311
0.004265373
0.004265432
0.004265484
0.00426553
0.00426557
0.004265604
0.004265633
0.004265658
0.004265678
0.004265695
0.004265707
0.004265714
0.004265686
0.004265687
0.004265687
0.004265684
0.004265678
0.00426567
0.004265692
0.004265678
0.004265657
0.004265632
0.004265603
0.004265568
0.004265528
0.004265482
0.00426543
0.00426537
0.004265308
0.004265272
0.004265335
0.004265396
0.004265449
0.004265496
0.004265537
0.004265572
0.004265603
0.004265628
0.004265649
0.004265667
0.004265679
0.004265653
0.004265044
0.004265012
0.00426501
0.004265007
0.004265002
0.004265027
0.00426563
0.004265648
0.004265627
0.004265602
0.004265571
0.004265535
0.004265494
0.004265447
0.004265393
0.004265333
0.004265269
0.004265228
0.004265292
0.004265354
0.004265408
0.004265457
0.004265499
0.004265536
0.004265567
0.004265594
0.004265616
0.004265633
0.004265646
0.004265619
0.004264977
0.004264943
0.004264941
0.004264938
0.004264932
0.004264959
0.004265594
0.004265614
0.004265593
0.004265566
0.004265534
0.004265497
0.004265455
0.004265406
0.004265351
0.004265289
0.004265225
0.004265177
0.004265243
0.004265306
0.004265362
0.004265412
0.004265455
0.004265493
0.004265526
0.004265553
0.004265577
0.004265595
0.004265608
0.004265582
0.004264939
0.004264905
0.004264903
0.0042649
0.004264894
0.004264921
0.004265556
0.004265575
0.004265553
0.004265525
0.004265492
0.004265454
0.00426541
0.00426536
0.004265303
0.00426524
0.004265174
0.00426512
0.004265187
0.004265251
0.004265309
0.00426536
0.004265405
0.004265445
0.004265478
0.004265507
0.004265531
0.004265551
0.004265565
0.004265538
0.004264896
0.004264862
0.004264861
0.004264857
0.004264851
0.004264877
0.004265512
0.004265529
0.004265506
0.004265478
0.004265443
0.004265404
0.004265359
0.004265307
0.004265249
0.004265184
0.004265117
0.004265056
0.004265125
0.004265191
0.00426525
0.004265303
0.004265349
0.00426539
0.004265425
0.004265455
0.00426548
0.0042655
0.004265515
0.004265489
0.004264848
0.004264814
0.004264812
0.004264808
0.004264801
0.004264827
0.004265461
0.004265478
0.004265456
0.004265453
0.00426539
0.004265348
0.004265301
0.004265248
0.004265188
0.004265122
0.004265054
0.004264986
0.004265056
0.004265123
0.004265184
0.004265238
0.004265286
0.004265328
0.004265364
0.004265395
0.004265422
0.004265443
0.004265458
0.004265435
0.004264826
0.00426476
0.004264757
0.004264752
0.004264745
0.00426477
0.004265404
0.004265421
0.004265424
0.004265885
0.004265356
0.004265285
0.004265236
0.004265182
0.004265121
0.004265054
0.004264984
0.004264914
0.004264985
0.004265054
0.004265116
0.004265171
0.00426522
0.004265263
0.004265301
0.004265333
0.004265361
0.004265383
0.0042654
0.004265409
0.004265347
0.004264735
0.004264699
0.004264694
0.004264686
0.004264711
0.004265343
0.004265359
0.004265335
0.004265331
0.004265264
0.004265219
0.004265169
0.004265114
0.004265051
0.004264983
0.004264912
)
;
    }
    floor_to_air
    {
        type            calculated;
        value           nonuniform List<scalar> 
900
(
0.0005485328
0.0005762521
0.000600525
0.000622259
0.0006418735
0.0006592857
0.0006745705
0.0006881461
0.0006999026
0.0007100877
0.0007182611
0.0007244145
0.0007290986
0.0007323387
0.0007340413
0.0007341124
0.0007326144
0.0007295798
0.0007249333
0.0007186422
0.0007105465
0.0007005412
0.000688601
0.0006747176
0.0006587422
0.0006406052
0.0006202007
0.0005974514
0.0005723004
0.0005449484
0.0005757147
0.0006035086
0.0006277129
0.000649265
0.0006684481
0.0006853867
0.0007001972
0.0007130041
0.0007240731
0.0007333923
0.0007408908
0.000746726
0.0007511856
0.0007542697
0.0007558825
0.0007559492
0.0007545295
0.0007516342
0.0007471794
0.0007411245
0.0007333348
0.0007236976
0.0007121661
0.0006987148
0.0006832066
0.0006655437
0.000645629
0.0006233737
0.0005987043
0.0005717774
0.0006006393
0.0006280607
0.0006518404
0.0006728959
0.0006915371
0.0007079233
0.0007221878
0.0007344549
0.0007450259
0.0007538794
0.0007609916
0.0007665388
0.0007707735
0.0007737011
0.0007752282
0.0007752956
0.000773953
0.0007712033
0.0007669498
0.0007611424
0.0007536661
0.0007444099
0.0007333018
0.0007202986
0.0007052722
0.0006881151
0.0006687199
0.0006469853
0.0006228236
0.0005963719
0.0006231531
0.0006501167
0.0006733974
0.0006939114
0.0007119946
0.0007278256
0.0007415519
0.0007533121
0.0007634074
0.0007718356
0.0007785943
0.0007838632
0.0007878778
0.0007906529
0.0007920988
0.0007921706
0.000790906
0.0007883038
0.0007842542
0.0007786984
0.0007715372
0.0007626628
0.000751981
0.0007394269
0.0007248863
0.0007082419
0.0006893756
0.0006681734
0.0006445345
0.0006185785
0.0006433265
0.0006698137
0.0006925753
0.0007125415
0.0007300694
0.0007453538
0.0007585544
0.0007698246
0.0007794567
0.0007874744
0.0007938919
0.000798891
0.0008026934
0.0008053233
0.0008066965
0.0008067733
0.0008055876
0.0008031314
0.0007992839
0.0007939776
0.0007871264
0.0007786257
0.0007683619
0.0007562477
0.000742185
0.0007260469
0.000707705
0.0006870332
0.0006639181
0.000638463
0.0006612378
0.0006872526
0.0007094992
0.0007289287
0.000745917
0.0007606733
0.0007733695
0.0007841698
0.0007933588
0.0008009851
0.0008070775
0.0008118193
0.0008154209
0.0008179155
0.0008192252
0.0008193083
0.0008182028
0.0008158878
0.0008122357
0.0008071704
0.0008006167
0.0007924738
0.0007826099
0.000770918
0.0007573144
0.0007416642
0.0007238292
0.0007036723
0.0006810683
0.0006561045
0.0006769768
0.0007025353
0.0007242871
0.0007432045
0.0007596804
0.0007739376
0.0007861587
0.0007965171
0.0008052927
0.0008125515
0.000818342
0.0008228422
0.0008262584
0.0008286297
0.0008298849
0.0008299756
0.0008289479
0.0008267674
0.0008232997
0.0008184612
0.0008121868
0.0008043784
0.0007948874
0.0007835907
0.000770418
0.0007552274
0.000737872
0.0007182042
0.0006960876
0.0006715952
0.0006906401
0.0007157682
0.000737056
0.0007554973
0.0007714994
0.0007852957
0.0007970788
0.0008070305
0.0008154284
0.0008223499
0.0008278646
0.0008321452
0.0008353951
0.0008376584
0.0008388646
0.0008389651
0.0008380123
0.0008359579
0.0008326606
0.0008280302
0.0008220114
0.000814508
0.0008053567
0.000794421
0.0007816429
0.0007668738
0.0007499591
0.0007307438
0.0007090827
0.0006850331
0.0007024523
0.0007271744
0.0007480266
0.0007660193
0.000781575
0.0007949385
0.0008063129
0.0008158871
0.0008239371
0.0008305472
0.0008358085
0.0008398885
0.0008429877
0.0008451562
0.0008463187
0.0008464321
0.0008455516
0.0008436174
0.0008404801
0.000836044
0.0008302627
0.0008230401
0.0008142021
0.0008036008
0.0007911905
0.0007768177
0.0007603184
0.0007415284
0.0007202921
0.0006966574
0.0007123918
0.0007367483
0.0007572087
0.0007748006
0.0007899591
0.0008029384
0.000813949
0.0008231865
0.0008309271
0.0008372626
0.0008422999
0.0008462046
0.0008491732
0.0008512623
0.0008523885
0.0008525176
0.0008517034
0.0008498798
0.0008468862
0.0008426224
0.0008370514
0.0008300766
0.0008215166
0.0008112113
0.0007991257
0.0007851007
0.0007689678
0.0007505553
0.0007296995
0.0007064368
0.0007204326
0.000744487
0.0007646234
0.0007818832
0.0007967118
0.0008093713
0.0008200802
0.000829039
0.0008365222
0.0008426301
0.0008474804
0.0008512397
0.0008541019
0.0008561267
0.0008572261
0.0008573727
0.0008566168
0.0008548893
0.0008520186
0.0008479008
0.0008425038
0.0008357319
0.0008273971
0.0008173305
0.0008055086
0.0007917683
0.0007759355
0.0007578323
0.0007372884
0.0007143318
0.0007267489
0.0007505304
0.0007704091
0.000787405
0.0008019703
0.0008143738
0.0008248391
0.0008335733
0.0008408493
0.0008467774
0.0008514753
0.00085512
0.0008579002
0.0008598746
0.0008609566
0.0008611228
0.000860418
0.0008587701
0.0008559995
0.0008519974
0.0008467361
0.0008401254
0.0008319656
0.0008220468
0.0008104305
0.0007969144
0.0007813178
0.0007634578
0.0007431603
0.0007204823
0.000733114
0.0007551392
0.000774738
0.0007915201
0.0008058754
0.0008180759
0.0008283495
0.0008369076
0.0008440214
0.000849809
0.0008543887
0.0008579452
0.0008606658
0.0008626021
0.0008636723
0.0008638548
0.0008631911
0.0008616066
0.0008589175
0.0008550072
0.0008498519
0.0008433648
0.0008352609
0.0008237336
0.0008121971
0.0007988549
0.000783446
0.0007657831
0.0007457624
0.0007249885
0.0009645742
0.0007597824
0.0007776618
0.0007942567
0.0008084636
0.0008205223
0.0008306623
0.0008390983
0.0008461004
0.0008517923
0.0008562909
0.0008597853
0.0008624637
0.0008643736
0.0008654363
0.0008656316
0.0008649976
0.0008634584
0.0008608277
0.0008569824
0.0008519011
0.0008454608
0.0008356962
0.0005710768
0.0005579076
0.0005446604
0.0005293968
0.0005119232
0.0004937266
0.0007244213
0.0009678229
0.000761387
0.0007791135
0.0007956264
0.0008097567
0.0008217426
0.0008318145
0.0008401865
0.0008471286
0.0008527691
0.0008572255
0.0008606867
0.0008633431
0.0008652399
0.0008662992
0.0008665015
0.0008658831
0.0008643679
0.0008617676
0.0008579555
0.0008529134
0.0008465177
0.0008367212
0.0005703969
0.0005572033
0.0005440171
0.000528822
0.0005113839
0.0004915924
0.000471048
0.0009678494
0.000761378
0.000779103
0.0007956164
0.0008097469
0.0008217326
0.0008318041
0.0008401756
0.0008471172
0.0008527573
0.0008572131
0.0008606739
0.0008633297
0.000865226
0.0008662847
0.0008664865
0.0008658676
0.000864352
0.0008617514
0.0008579386
0.0008528963
0.0008465004
0.0008367013
0.0005703359
0.0005571397
0.0005439533
0.0005287581
0.0005113178
0.000491447
0.0004691919
0.0009661841
0.0007598278
0.0007776341
0.0007942267
0.0008084336
0.0008204922
0.0008306321
0.0008390675
0.0008460686
0.000851759
0.0008562559
0.0008597491
0.0008624257
0.0008643338
0.0008653948
0.0008655885
0.0008649531
0.000863413
0.0008607814
0.0008569344
0.0008518525
0.0008454094
0.0008355597
0.0005691427
0.0005558871
0.0005426365
0.0005273724
0.0005098587
0.0004899096
0.0004675349
0.0009613525
0.000756699
0.0007747255
0.0007914698
0.0008058236
0.0008180233
0.0008282961
0.0008368531
0.0008439658
0.000849752
0.0008543299
0.0008578846
0.0008606025
0.0008625358
0.0008636034
0.0008637834
0.0008631175
0.0008615315
0.0008588408
0.0008549282
0.000849771
0.0008432396
0.0008332971
0.0005668245
0.0005534581
0.0005400849
0.0005246889
0.0005070374
0.000486948
0.0004644335
0.0007283114
0.000750527
0.0007703311
0.0007873233
0.000801887
0.0008142889
0.0008247524
0.0008334845
0.0008407585
0.0008466844
0.0008513797
0.0008550221
0.0008577997
0.0008597711
0.00086085
0.0008610129
0.0008603054
0.0008586554
0.0008558824
0.0008518777
0.0008466143
0.0008399595
0.0008299618
0.0005651062
0.0005516606
0.0005381133
0.0005225298
0.0005046838
0.0004843975
0.0004616909
0.000720345
0.0007443603
0.0007644917
0.0007817486
0.0007965743
0.0008092308
0.0008199361
0.0008288911
0.0008363707
0.0008424749
0.0008473215
0.0008510772
0.000853936
0.0008559571
0.000857053
0.0008571966
0.0008564383
0.000854709
0.000851836
0.0008477161
0.0008423184
0.0008355443
0.0008271259
0.0008152644
0.0008033594
0.000789619
0.0007737896
0.0007556909
0.0007351526
0.0007121999
0.0007122112
0.0007365622
0.0007570177
0.0007746047
0.0007897584
0.0008027326
0.0008137379
0.0008229699
0.0008307052
0.0008370355
0.0008420677
0.0008459672
0.000848931
0.0008510158
0.0008521381
0.0008522639
0.0008514475
0.0008496226
0.0008466279
0.0008423638
0.0008367932
0.0008298198
0.0008212596
0.0008109159
0.0007988321
0.0007848122
0.0007686854
0.0007502816
0.0007294676
0.000706178
0.0007022151
0.00072693
0.0007477754
0.0007657611
0.0007813099
0.0007946662
0.0008060332
0.0008155996
0.0008236422
0.0008302453
0.0008354998
0.0008395732
0.000842667
0.0008448311
0.0008459895
0.0008460996
0.0008452172
0.0008432817
0.000840144
0.0008357086
0.0008299292
0.0008227101
0.0008138766
0.0008032802
0.0007908767
0.0007765114
0.0007600226
0.0007413129
0.0007215873
0.0006964642
0.0006903367
0.0007154547
0.0007367334
0.0007551655
0.0007711583
0.0007849449
0.0007967181
0.0008066597
0.0008150481
0.0008219607
0.0008274667
0.0008317392
0.0008349824
0.0008372409
0.0008384426
0.00083854
0.0008375858
0.0008355307
0.0008322344
0.0008276063
0.0008215912
0.0008140929
0.0008049482
0.0007940206
0.0007812519
0.0007664939
0.0007496264
0.0007319603
0.0009359188
0.0006863171
0.0006765913
0.0007021357
0.0007238757
0.000742781
0.0007592447
0.0007734893
0.0007856975
0.0007960429
0.0008048063
0.0008120539
0.0008178333
0.0008223235
0.0008257317
0.0008280975
0.0008293483
0.000829436
0.0008284073
0.0008262271
0.0008227618
0.0008179276
0.0008116591
0.0008038581
0.0007943763
0.0007830907
0.0007699305
0.0007547533
0.000737414
0.0007178321
0.0006972316
0.0006712566
0.000660771
0.0006867681
0.000709
0.0007284145
0.0007453877
0.0007601287
0.0007728092
0.0007835939
0.0007927685
0.0008003813
0.0008064608
0.0008111907
0.000814783
0.0008172714
0.0008185766
0.0008186571
0.0008175509
0.0008152372
0.0008115889
0.0008065298
0.000799984
0.0007918508
0.0007819984
0.0007703202
0.0007567318
0.0007410977
0.0007232796
0.0007031423
0.0006805907
0.0006556105
0.0006427803
0.0006692467
0.0006919905
0.0007119389
0.000729449
0.0007447155
0.0007578983
0.0007691506
0.0007787663
0.0007867687
0.0007931715
0.0007981573
0.0008019493
0.0008045722
0.0008059407
0.000806015
0.000804829
0.0008023751
0.0007985328
0.0007932342
0.0007863929
0.000777904
0.0007676537
0.0007555556
0.0007415105
0.0007253912
0.0007070687
0.000686417
0.0006633231
0.0006378877
0.0006225297
0.0006494688
0.0006727294
0.0006932232
0.0007112863
0.0007270977
0.0007408043
0.000752545
0.0007626222
0.0007710337
0.0007777762
0.0007830304
0.0007870336
0.0007898009
0.0007912419
0.0007913113
0.0007900465
0.0007874473
0.000783404
0.0007778573
0.0007707078
0.0007618471
0.0007511806
0.0007386449
0.0007241241
0.0007075007
0.0006886562
0.0006674765
0.0006438605
0.0006179275
0.0005999408
0.0006273345
0.0006510919
0.0006721262
0.000690745
0.000707111
0.000721355
0.000733601
0.0007441524
0.0007529895
0.0007600837
0.0007656142
0.0007698362
0.0007727551
0.0007742771
0.0007743419
0.0007729994
0.0007702534
0.000766007
0.0007602099
0.0007527467
0.0007435057
0.0007324146
0.0007194315
0.0007044269
0.0006872929
0.0006679217
0.0006462117
0.0006220752
0.0005956487
0.0005749484
0.0006027264
0.0006268814
0.0006484255
0.0006675724
0.0006845017
0.0006992898
0.0007120751
0.0007231178
0.0007324418
0.0007399074
0.0007457191
0.0007501631
0.0007532373
0.0007548444
0.0007549082
0.0007534889
0.0007505978
0.0007461504
0.0007401067
0.0007323316
0.000722711
0.0007111979
0.0006977676
0.0006822828
0.0006646453
0.0006447565
0.0006225277
0.0005978852
0.0005709859
0.0005477077
0.0005756138
0.000599477
0.0006214607
0.0006408433
0.0006584072
0.0006736102
0.0006872002
0.000698822
0.0007093321
0.0007172419
0.0007233386
0.0007280002
0.0007312283
0.0007329245
0.0007329926
0.0007314952
0.0007284647
0.0007238212
0.0007175421
0.000709467
0.0006994797
0.0006875588
0.0006736917
0.0006577395
0.000639636
0.0006192566
0.0005965345
0.0005714101
0.0005440898
)
;
    }
}


// ************************************************************************* //
