/*--------------------------------*- C++ -*----------------------------------*\
| =========                 |                                                 |
| \\      /  F ield         | OpenFOAM: The Open Source CFD Toolbox           |
|  \\    /   O peration     | Version:  2506                                  |
|   \\  /    A nd           | Website:  www.openfoam.com                      |
|    \\/     M anipulation  |                                                 |
\*---------------------------------------------------------------------------*/
FoamFile
{
    version     2.0;
    format      ascii;
    arch        "LSB;label=32;scalar=64";
    class       volScalarField;
    location    "1000/air";
    object      qprimaryRad_1;
}
// * * * * * * * * * * * * * * * * * * * * * * * * * * * * * * * * * * * * * //

dimensions      [1 0 -3 0 0 0 0];

internalField   uniform 0;

boundaryField
{
    maxY
    {
        type            calculated;
        value           uniform 0;
    }
    minX
    {
        type            calculated;
        value           uniform 0;
    }
    maxX
    {
        type            calculated;
        value           uniform 0;
    }
    minY
    {
        type            calculated;
        value           uniform 0;
    }
    maxZ
    {
        type            calculated;
        value           uniform 0;
    }
    air_to_solid
    {
        type            calculated;
        value           nonuniform List<scalar> 
1536
(
0
0
0
0
0
0
0
0
0
0
0
0
0
0
0
0
0
0
0
0
0
0
0
0
0
0
0
0
0
0
0
0
0
0
0
0
4.867128
11.75975
10.75363
3.831796
8.986673
3.831796
8.986673
3.831796
8.986673
3.831796
8.986673
3.831796
8.986673
0
12.39653
11.53039
9.114478
9.114478
9.114478
9.114478
9.114478
0
12.39653
11.53039
9.114478
9.114478
9.114478
9.114478
9.114478
0
12.39653
11.53039
9.114478
9.114478
9.114478
9.114478
9.114478
0
12.39653
11.53039
9.114478
9.114478
9.114478
9.114478
9.114478
0
12.39653
11.53039
9.114478
9.114478
9.114478
9.114478
9.114478
0
3.255289
2.236264
2.236264
2.236264
2.236264
2.236264
3.896856
1.414265
1.414265
1.414265
1.414265
1.414265
1.414265
1.414265
1.414265
1.414265
1.414265
0
9.880253
10.47922
0
0
0
0
0
0
0
0
0
0
0
0
0
0
0
0
0
0
0
0
10.47922
10.47922
0
0
0
0
0
0
0
0
0
0
0
0
0
0
0
0
0
0
0
0
10.47922
10.47922
0
0
0
0
0
0
0
0
0
0
0
0
0
0
0
0
0
0
0
0
10.47922
10.47922
0
0
0
0
0
0
0
0
0
0
0
0
0
0
0
0
0
0
0
0
10.47922
10.47922
0
0
0
0
0
0
0
0
0
0
0
0
0
0
0
0
0
0
0
0
10.47922
9.379046
0
0
0
2.280996
0
0
0
0
0
0
0
0
0
0
0
0
0
0
0
0
0
0
0
0
0
0
0
0
0
0
0
0
3.831796
8.986673
12.39653
11.53039
9.114478
3.831796
8.986673
9.114478
9.114478
3.831796
8.986673
9.114478
9.114478
3.831796
8.986673
9.114478
9.114478
3.831796
8.986673
9.114478
9.114478
1.020033
7.179415
9.114478
0
5.969086
9.114478
12.39653
11.53039
9.114478
9.114478
9.114478
9.114478
9.114478
9.114478
9.114478
9.114478
9.114478
9.114478
9.114478
9.114478
9.114478
5.969086
9.114478
0
5.969086
9.114478
12.39653
11.53039
9.114478
9.114478
9.114478
9.114478
9.114478
9.114478
9.114478
9.114478
9.114478
9.114478
9.114478
9.114478
9.114478
5.969086
9.114478
0
5.969086
9.114478
12.39653
11.53039
9.114478
9.114478
9.114478
9.114478
9.114478
9.114478
9.114478
9.114478
9.114478
9.114478
9.114478
9.114478
9.114478
5.969086
9.114478
0
5.969086
9.114478
12.39653
11.53039
9.114478
9.114478
9.114478
9.114478
9.114478
9.114478
9.114478
9.114478
9.114478
9.114478
9.114478
9.114478
9.114478
5.969086
9.114478
0
5.969086
9.114478
11.43195
10.44908
2.236264
8.512802
9.114478
8.512802
2.236264
8.512802
9.114478
8.512802
2.236264
8.512802
9.114478
8.512802
2.236264
8.512802
9.114478
8.512802
2.236264
8.512802
5.969086
8.512802
0
0
6.874861
0
0
0
0.5918054
7.484406
0
6.522258
0
0
0
0
0
0
0
0
0
0
0
0
0
0
0
0
0
0
0
0
0
0
0
0
0
0
0
0
0
0
6.328467
6.328467
0
0
0
0
0
0
0
0
0
0
0
0
0
0
0
0
0
0
0
0
6.328467
6.328467
0
0
0
0
0
0
0
0
0
0
0
0
0
0
0
0
0
0
0
0
6.328467
6.328467
0
0
0
0
0
0
0
0
0
0
0
0
0
0
0
0
0
0
0
0
6.328467
6.328467
0
0
0
0
0
0
0
0
0
0
0
0
0
0
0
0
0
0
0
0
6.328467
6.337481
0
0
0
0
0
0
0
0
0
0
0
0
0
0
0
0
0
0
0
0
0
0
0
0
0
0
0
0
0
9.636585
9.363099
4.10739
11.46657
12.34547
9.147985
8.986673
3.831796
9.147985
9.147985
8.986673
3.831796
9.147985
9.147985
8.986673
3.831796
9.147985
9.147985
8.986673
3.831796
9.147985
9.099487
8.951859
3.783275
9.147985
9.668571
9.668571
11.53039
12.39653
9.114478
9.114478
9.114478
9.114478
9.114478
9.114478
9.114478
9.114478
9.114478
9.114478
9.114478
9.114478
9.058106
9.058106
9.114478
9.668571
9.668571
11.53039
12.39653
9.114478
9.114478
9.114478
9.114478
9.114478
9.114478
9.114478
9.114478
9.114478
9.114478
9.114478
9.114478
9.058106
9.058106
9.114478
9.668571
9.668571
11.53039
12.39653
9.114478
9.114478
9.114478
9.114478
9.114478
9.114478
9.114478
9.114478
9.114478
9.114478
9.114478
9.114478
9.058106
9.058106
9.114478
9.668571
9.668571
11.53039
12.39653
9.114478
9.114478
9.114478
9.114478
9.114478
9.114478
9.114478
9.114478
9.114478
9.114478
9.114478
9.114478
9.058106
9.058106
9.114478
9.658928
9.668571
11.52089
12.3875
9.109541
9.114478
9.109541
9.109541
9.114478
9.109541
9.109541
9.114478
9.109541
9.109541
9.114478
9.109541
9.054602
9.058106
9.109541
0
0
3.601119
1.897215
0.8938392
0.2744459
1.461675
0.3316467
0
0
0.2744459
1.414265
0.2744459
0.2744459
1.414265
0.2744459
0
0
0.2744459
1.414265
0.2744459
0.2744459
1.414265
0.2744459
0
0
0.2744459
1.414265
0.2744459
0.2744459
1.414265
0.2744459
0
0
0.2744459
1.414265
0.2744459
0.2744459
1.414265
0.2744459
0
0
0.2744459
1.357098
0.227077
0
0.7930036
0
6.328467
6.344254
9.584516
10.44704
9.443662
9.339401
10.47898
9.34895
0
0
0
0
0
0
0
0
0
0
0
0
0
0
0
0
0
0
0
0
0
0
0
0
0
0
0
0
0
0
0
0
0
0
0
0
0
0
0
0
0
0
0
0
0
0
0
0
0
0
0
0
0
0
0
0
0
0
0
0
0
0
6.328467
6.328467
9.339401
10.47922
9.339401
9.339401
10.47922
9.339401
0
0
0
0
0
0
0
0
0
0
0
0
0
0
0
0
0
0
0
0
0
0
0
0
0
0
0
0
0
0
0
0
0
0
0
0
0
0
0
0
0
0
0
0
0
0
0
0
0
0
0
0
0
0
0
0
0
0
0
0
0
0
6.328467
6.328467
9.339401
10.47922
9.339401
9.339401
10.47922
9.339401
0
0
0
0
0
0
0
0
0
0
0
0
0
0
0
0
0
0
0
0
0
0
0
0
0
0
0
0
0
0
0
0
0
0
0
0
0
0
0
0
0
0
0
0
0
0
0
0
0
0
0
0
0
0
0
0
0
0
0
0
0
0
6.328467
6.328467
9.339401
10.47922
9.339401
9.339401
10.47922
9.339401
0
0
0
0
0
0
0
0
0
0
0
0
0
0
0
0
0
0
0
0
0
0
0
0
0
0
0
0
0
0
0
0
0
0
0
0
0
0
0
0
0
0
0
0
0
0
0
0
0
0
0
0
0
0
0
0
0
0
0
0
0
0
6.328467
6.328467
9.339401
10.47922
9.339401
9.339401
10.47922
9.339401
0
0
0
0
0
0
0
0
0
0
0
0
0
0
0
0
0
0
0
0
0
0
0
0
0
0
0
0
0
0
0
0
0
0
0
0
0
0
0
0
0
0
0
0
0
0
0
0
0
0
0
0
0
0
0
0
0
0
0
0
0
0
7.156597
6.454977
9.339401
10.47006
9.34004
9.083309
10.35295
9.349573
0
0
0
0
0
0
0
0
0
0
0
1.985259
0.2103718
0
0
0
0
0
0
0
0
0
0
0
0
0
0
0
0
0
0
0
0
0
0
0
0
0
0
0
0
0
0
0
0
0
0
0
0
0
0
0
0
0
0
0
0
0
0
0
0
0
0
0
0
0
0
0
0
0
0
0
0
0
0
0
0
0
0
0
0
0
0
0
0
0
0
0
0
0
0
0
0
0
0
0
0
0
0
0
0
0
0
0
0
0
0
0
0
0
9.195892
9.024514
3.862851
9.147985
9.667143
11.52708
12.39428
9.668571
9.173797
9.119123
9.170558
9.147985
8.986673
3.831796
9.147985
9.119123
9.119123
9.114478
9.119123
9.119123
9.114478
9.147985
8.986673
3.831796
9.147985
9.119123
9.119123
9.114478
9.119123
9.119123
9.114478
9.147985
8.986673
3.831796
9.147985
9.119123
9.119123
9.114478
9.119123
9.119123
9.114478
9.147985
8.986673
3.831796
9.147985
9.119123
9.119123
9.114478
9.119123
9.119123
9.114478
8.631252
8.6399
3.317787
6.14457
0
9.063961
9.119123
9.058106
8.540447
5.983091
0
8.530419
9.170558
9.170558
9.114478
9.668571
11.53039
12.39653
9.668571
9.170558
9.114478
9.170558
9.114478
9.114478
9.114478
9.114478
9.114478
9.114478
9.114478
9.114478
9.114478
9.114478
9.114478
9.114478
9.114478
9.114478
9.114478
9.114478
9.114478
9.114478
9.114478
9.114478
9.114478
9.114478
9.114478
9.114478
9.114478
9.114478
9.114478
9.114478
9.114478
9.114478
9.114478
9.114478
9.114478
9.114478
9.114478
9.114478
8.530419
8.530419
5.969086
0
9.058106
9.114478
9.058106
8.530419
5.969086
0
8.530419
9.170558
9.170558
9.114478
9.668571
11.53039
12.39653
9.668571
9.170558
9.114478
9.170558
9.114478
9.114478
9.114478
9.114478
9.114478
9.114478
9.114478
9.114478
9.114478
9.114478
9.114478
9.114478
9.114478
9.114478
9.114478
9.114478
9.114478
9.114478
9.114478
9.114478
9.114478
9.114478
9.114478
9.114478
9.114478
9.114478
9.114478
9.114478
9.114478
9.114478
9.114478
9.114478
9.114478
9.114478
9.114478
9.114478
8.530419
8.530419
5.969086
0
9.058106
9.114478
9.058106
8.530419
5.969086
0
8.530419
9.170558
9.170558
9.114478
9.668571
11.53039
12.39653
9.668571
9.170558
9.114478
9.170558
9.114478
9.114478
9.114478
9.114478
9.114478
9.114478
9.114478
9.114478
9.114478
9.114478
9.114478
9.114478
9.114478
9.114478
9.114478
9.114478
9.114478
9.114478
9.114478
9.114478
9.114478
9.114478
9.114478
9.114478
9.114478
9.114478
9.114478
9.114478
9.114478
9.114478
9.114478
9.114478
9.114478
9.114478
9.114478
9.114478
8.530419
8.530419
5.969086
0
9.058106
9.114478
9.058106
8.530419
5.969086
0
8.530419
9.170558
9.170558
9.114478
9.668571
11.53039
12.39653
9.668571
9.170558
9.114478
9.170558
9.114478
9.114478
9.114478
9.114478
9.114478
9.114478
9.114478
9.114478
9.114478
9.114478
9.114478
9.114478
9.114478
9.114478
9.114478
9.114478
9.114478
9.114478
9.114478
9.114478
9.114478
9.114478
9.114478
9.114478
9.114478
9.114478
9.114478
9.114478
9.114478
9.114478
9.114478
9.114478
9.114478
9.114478
9.114478
9.114478
8.530419
8.530419
5.969086
0
9.058106
9.114478
9.058106
8.530419
5.969086
0
8.530419
9.164438
9.170558
9.109541
9.550921
11.40495
12.27819
8.909618
2.505429
9.099888
9.051005
8.552119
2.266743
9.109541
9.114478
9.109541
9.051005
9.051005
8.512802
2.236264
9.051005
9.051005
8.512802
2.236264
9.109541
9.114478
9.109541
9.051005
9.051005
8.512802
2.236264
9.051005
9.051005
8.512802
2.236264
9.109541
9.114478
9.109541
9.051005
9.051005
8.512802
2.236264
9.051005
9.051005
8.512802
2.236264
9.109541
9.114478
9.109541
9.051005
9.051005
8.512802
2.236264
9.051005
9.051005
8.512802
2.236264
8.532232
8.530419
5.9769
0
9.003483
9.051005
8.479463
2.187167
8.545589
6.082947
0
8.18642
1.715825
)
;
    }
    air_to_floor
    {
        type            calculated;
        value           nonuniform List<scalar> 
900
(
63.80135
63.80135
63.80135
63.80135
63.80135
63.80135
63.80135
63.80135
63.80135
63.80135
63.80135
63.80135
63.80135
63.80135
63.80135
63.80135
63.80135
63.80135
63.80135
63.80135
63.80135
63.80135
63.80135
63.80135
63.80135
63.80135
63.80135
63.80135
63.80135
63.80135
63.80135
63.80135
63.80135
63.80135
63.80135
63.80135
63.80135
63.80135
63.80135
63.80135
63.80135
63.80135
63.80135
63.80135
63.80135
63.80135
63.80135
63.80135
63.80135
63.80135
63.80135
63.80135
63.80135
63.80135
63.80135
63.80135
63.80135
63.80135
63.80135
63.80135
63.80135
63.80135
63.80135
63.80135
63.80135
63.80135
63.80135
63.80135
63.80135
63.80135
63.80135
63.80135
63.80135
63.80135
63.80135
63.80135
63.80135
63.80135
63.80135
63.80135
63.80135
63.80135
63.80135
63.80135
63.80135
63.80135
63.80135
63.80135
63.80135
63.80135
63.80135
63.80135
63.80135
63.80135
63.80135
63.80135
63.80135
63.80135
63.80135
63.80135
63.80135
63.80135
63.80135
63.80135
63.80135
63.80135
63.80135
63.80135
63.80135
63.80135
63.80135
63.80135
63.80135
63.80135
63.80135
63.80135
63.80135
63.80135
63.80135
63.80135
63.80135
63.80135
63.80135
63.80135
63.80135
63.80135
63.80135
63.80135
63.80135
63.80135
63.80135
63.80135
63.80135
63.80135
63.80135
63.80135
63.80135
63.80135
63.80135
63.80135
63.80135
63.80135
63.80135
63.80135
63.80135
63.80135
63.80135
63.80135
63.80135
63.80135
63.80135
63.80135
63.80135
63.80135
63.80135
63.80135
63.80135
63.80135
63.80135
63.80135
63.80135
63.80135
63.80135
63.80135
63.80135
63.80135
63.80135
63.80135
63.80135
63.80135
63.80135
63.80135
63.80135
63.80135
63.80135
63.80135
63.80135
63.80135
63.80135
63.80135
63.80135
63.80135
63.80135
63.80135
63.80135
63.80135
63.80135
63.80135
63.80135
63.80135
63.80135
63.80135
63.80135
63.80135
63.80135
63.80135
63.80135
63.80135
63.80135
63.80135
63.80135
63.80135
63.80135
63.80135
63.80135
63.80135
63.80135
63.80135
63.80135
63.80135
63.80135
63.80135
63.80135
63.80135
63.80135
63.80135
63.80135
63.80135
63.80135
63.80135
63.80135
63.80135
63.80135
63.80135
63.80135
63.80135
63.80135
63.80135
63.80135
63.80135
63.80135
63.80135
63.80135
63.80135
63.80135
63.80135
63.80135
63.80135
63.80135
63.80135
63.80135
63.80135
63.80135
63.80135
63.80135
63.80135
63.80135
63.80135
63.80135
63.80135
63.80135
63.80135
63.80135
63.80135
63.80135
63.80135
63.80135
63.80135
63.80135
63.80135
63.80135
63.80135
63.80135
63.80135
63.80135
63.80135
63.80135
63.80135
63.80135
63.80135
63.80135
63.80135
63.80135
63.80135
63.80135
63.80135
63.80135
63.80135
63.80135
63.80135
63.80135
63.80135
63.80135
63.80135
63.80135
63.80135
63.80135
63.80135
63.80135
63.80135
63.80135
63.80135
63.80135
63.80135
63.80135
63.80135
63.80135
63.80135
63.80135
63.80135
63.80135
63.80135
63.80135
63.80135
63.80135
63.80135
63.80135
63.80135
63.80135
63.80135
63.80135
63.80135
63.80135
63.80135
63.80135
63.80135
63.80135
63.80135
63.80135
63.80135
63.80135
63.80135
63.80135
63.80135
63.80135
63.80135
63.80135
63.80135
63.80135
63.80135
63.80135
63.80135
63.80135
63.80135
63.80135
63.80135
63.80135
63.80135
63.80135
63.80135
63.80135
63.80135
63.80135
63.80135
63.80135
63.80135
63.80135
63.80135
63.80135
63.80135
63.80135
63.80135
63.80135
63.80135
63.80135
63.80135
63.80135
63.80135
63.80135
63.80135
63.80135
63.80135
63.80135
63.80135
63.80135
63.80135
63.80135
63.80135
63.80135
63.80135
63.80135
63.80135
63.80135
63.80135
63.80135
63.80135
63.80135
63.80135
63.80135
63.80135
63.80135
63.80135
63.80135
63.80135
63.80135
63.80135
63.80135
63.80135
63.80135
63.80135
63.80135
63.80135
63.80135
63.80135
63.80135
63.80135
63.80135
63.80135
63.80135
63.80135
63.80135
63.80135
63.80135
63.80135
63.80135
63.80135
63.80135
63.80135
63.80135
63.80135
63.80135
63.80135
63.80135
63.80135
0
0
0
0
0
0
63.80135
63.80135
63.80135
63.80135
63.80135
63.80135
63.80135
63.80135
63.80135
63.80135
63.80135
63.80135
63.80135
63.80135
63.80135
63.80135
63.80135
63.80135
63.80135
63.80135
63.80135
63.80135
63.80135
63.80135
0
0
0
0
0
0
63.80135
63.80135
63.80135
63.80135
63.80135
63.80135
63.80135
63.80135
63.80135
63.80135
63.80135
63.80135
63.80135
63.80135
63.80135
63.80135
63.80135
63.80135
63.80135
63.80135
63.80135
63.80135
63.80135
63.80135
0
0
0
0
0
0
63.80135
63.80135
63.80135
63.80135
63.80135
63.80135
63.80135
63.80135
63.80135
63.80135
63.80135
63.80135
63.80135
63.80135
63.80135
63.80135
63.80135
63.80135
63.80135
63.80135
63.80135
63.80135
63.80135
63.80135
0
0
0
0
0
0
63.80135
63.80135
63.80135
63.80135
63.80135
63.80135
63.80135
63.80135
63.80135
63.80135
63.80135
63.80135
63.80135
63.80135
63.80135
63.80135
63.80135
63.80135
63.80135
63.80135
63.80135
63.80135
63.80135
63.80135
0
0
0
0
0
0
63.80135
63.80135
63.80135
63.80135
63.80135
63.80135
63.80135
63.80135
63.80135
63.80135
63.80135
63.80135
63.80135
63.80135
63.80135
63.80135
63.80135
63.80135
63.80135
63.80135
63.80135
63.80135
63.80135
63.80135
0
0
0
0
0
0
63.80135
63.80135
63.80135
63.80135
63.80135
63.80135
63.80135
63.80135
63.80135
63.80135
63.80135
63.80135
63.80135
63.80135
63.80135
63.80135
63.80135
63.80135
63.80135
63.80135
63.80135
63.80135
63.80135
63.80135
63.80135
63.80135
63.80135
63.80135
63.80135
63.80135
63.80135
63.80135
63.80135
63.80135
63.80135
63.80135
63.80135
63.80135
63.80135
63.80135
63.80135
63.80135
63.80135
63.80135
63.80135
63.80135
63.80135
63.80135
63.80135
63.80135
63.80135
63.80135
63.80135
63.80135
63.80135
63.80135
63.80135
63.80135
63.80135
63.80135
63.80135
63.80135
63.80135
63.80135
63.80135
63.80135
63.80135
63.80135
63.80135
63.80135
63.80135
63.80135
63.80135
63.80135
63.80135
63.80135
63.80135
63.80135
63.80135
63.80135
63.80135
63.80135
63.80135
63.80135
63.80135
63.80135
63.80135
63.80135
63.80135
63.80135
63.80135
63.80135
63.80135
63.80135
63.80135
63.80135
63.80135
63.80135
63.80135
63.80135
63.80135
63.80135
63.80135
63.80135
63.80135
63.80135
63.80135
63.80135
63.80135
63.80135
63.80135
63.80135
63.80135
63.80135
63.80135
63.80135
63.80135
63.80135
63.80135
63.80135
63.80135
63.80135
63.80135
63.80135
63.80135
63.80135
63.80135
63.80135
63.80135
63.80135
63.80135
63.80135
63.80135
63.80135
63.80135
63.80135
63.80135
63.80135
63.80135
63.80135
63.80135
63.80135
63.80135
63.80135
63.80135
63.80135
63.80135
63.80135
63.80135
63.80135
63.80135
63.80135
63.80135
63.80135
63.80135
63.80135
63.80135
63.80135
63.80135
63.80135
63.80135
63.80135
63.80135
63.80135
63.80135
63.80135
63.80135
63.80135
63.80135
63.80135
63.80135
63.80135
63.80135
63.80135
63.80135
63.80135
63.80135
63.80135
63.80135
63.80135
63.80135
63.80135
63.80135
63.80135
63.80135
63.80135
63.80135
63.80135
63.80135
63.80135
63.80135
63.80135
63.80135
63.80135
63.80135
63.80135
63.80135
63.80135
63.80135
63.80135
63.80135
63.80135
63.80135
63.80135
63.80135
63.80135
63.80135
63.80135
63.80135
63.80135
63.80135
63.80135
63.80135
63.80135
63.80135
63.80135
63.80135
63.80135
63.80135
63.80135
63.80135
63.80135
63.80135
63.80135
63.80135
63.80135
63.80135
63.80135
63.80135
63.80135
63.80135
63.80135
63.80135
63.80135
63.80135
63.80135
63.80135
63.80135
63.80135
63.80135
63.80135
63.80135
63.80135
63.80135
63.80135
63.80135
63.80135
63.80135
63.80135
63.80135
63.80135
63.80135
63.80135
63.80135
63.80135
63.80135
63.80135
63.80135
63.80135
63.80135
63.80135
63.80135
63.80135
63.80135
63.80135
63.80135
63.80135
63.80135
63.80135
63.80135
63.80135
63.80135
63.80135
63.80135
63.80135
63.80135
63.80135
63.80135
63.80135
63.80135
63.80135
63.80135
63.80135
63.80135
63.80135
63.80135
63.80135
63.80135
63.80135
63.80135
63.80135
63.80135
63.80135
63.80135
63.80135
63.80135
63.80135
63.80135
63.80135
63.80135
63.80135
63.80135
63.80135
63.80135
63.80135
63.80135
63.80135
63.80135
63.80135
63.80135
63.80135
63.80135
63.80135
63.80135
63.80135
63.80135
63.80135
63.80135
63.80135
63.80135
63.80135
63.80135
63.80135
63.80135
63.80135
63.80135
63.80135
63.80135
63.80135
63.80135
)
;
    }
}


// ************************************************************************* //
