/*--------------------------------*- C++ -*----------------------------------*\
| =========                 |                                                 |
| \\      /  F ield         | OpenFOAM: The Open Source CFD Toolbox           |
|  \\    /   O peration     | Version:  2506                                  |
|   \\  /    A nd           | Website:  www.openfoam.com                      |
|    \\/     M anipulation  |                                                 |
\*---------------------------------------------------------------------------*/
FoamFile
{
    version     2.0;
    format      ascii;
    arch        "LSB;label=32;scalar=64";
    class       volScalarField;
    location    "2000/floor";
    object      damage;
}
// * * * * * * * * * * * * * * * * * * * * * * * * * * * * * * * * * * * * * //

dimensions      [0 0 0 0 0 0 0];

internalField   nonuniform List<scalar> 
2700
(
0.01391852
0.01392612
0.01393423
0.01394162
0.01394824
0.0139541
0.01395925
0.01396374
0.01396764
0.01397094
0.0139736
0.01397566
0.01397721
0.01397827
0.01397882
0.01397883
0.01397831
0.01397727
0.0139757
0.01397356
0.01397082
0.01396744
0.01396341
0.01395872
0.01395333
0.01394721
0.01394033
0.01393267
0.01392437
0.01391679
0.01392608
0.01393362
0.01394164
0.01394893
0.01395541
0.01396114
0.01396614
0.01397046
0.01397419
0.01397732
0.01397985
0.01398182
0.01398331
0.01398433
0.01398485
0.01398486
0.01398436
0.01398336
0.01398184
0.01397977
0.01397711
0.01397384
0.01396993
0.01396536
0.0139601
0.01395412
0.01394737
0.01393985
0.01393169
0.01392422
0.01393433
0.01394176
0.01394963
0.01395675
0.01396306
0.0139686
0.01397342
0.01397757
0.01398113
0.01398411
0.01398651
0.01398838
0.0139898
0.01399076
0.01399126
0.01399127
0.0139908
0.01398984
0.01398838
0.0139864
0.01398385
0.0139807
0.01397692
0.01397251
0.01396741
0.01396159
0.01395501
0.01394767
0.01393967
0.01393233
0.01394193
0.01394922
0.01395692
0.01396386
0.01396998
0.01397533
0.01397998
0.01398396
0.01398736
0.01399019
0.01399247
0.01399425
0.01399559
0.01399651
0.01399698
0.01399699
0.01399654
0.01399563
0.01399424
0.01399234
0.0139899
0.01398687
0.01398324
0.01397898
0.01397404
0.01396839
0.01396199
0.01395482
0.013947
0.0139398
0.01394874
0.01395589
0.01396342
0.01397017
0.01397611
0.01398128
0.01398574
0.01398956
0.01399281
0.01399551
0.01399767
0.01399936
0.01400063
0.01400149
0.01400194
0.01400195
0.01400153
0.01400067
0.01399935
0.01399753
0.01399519
0.01399229
0.01398879
0.01398468
0.0139799
0.01397442
0.0139682
0.01396121
0.01395355
0.0139465
0.01395479
0.0139618
0.01396916
0.01397573
0.01398148
0.01398648
0.01399078
0.01399443
0.01399753
0.0140001
0.01400216
0.01400375
0.01400496
0.01400578
0.0140062
0.01400621
0.01400582
0.01400501
0.01400375
0.01400201
0.01399977
0.01399699
0.01399363
0.01398965
0.01398503
0.01397971
0.01397366
0.01396684
0.01395935
0.01395244
0.01396011
0.01396699
0.01397418
0.01398058
0.01398616
0.01399098
0.01399512
0.01399863
0.01400159
0.01400404
0.01400599
0.01400751
0.01400865
0.01400943
0.01400983
0.01400985
0.01400947
0.01400871
0.01400751
0.01400584
0.01400369
0.01400103
0.01399779
0.01399395
0.01398947
0.01398431
0.01397842
0.01397176
0.01396444
0.01395765
0.01396472
0.01397148
0.01397852
0.01398476
0.01399018
0.01399485
0.01399884
0.01400221
0.01400504
0.01400738
0.01400924
0.01401068
0.01401177
0.01401251
0.0140129
0.01401291
0.01401256
0.01401183
0.01401069
0.0140091
0.01400703
0.01400446
0.01400134
0.01399762
0.01399328
0.01398826
0.01398252
0.01397601
0.01396884
0.01396218
0.01396871
0.01397535
0.01398224
0.01398833
0.0139936
0.01399812
0.01400198
0.01400522
0.01400794
0.01401017
0.01401195
0.01401332
0.01401436
0.01401507
0.01401544
0.01401546
0.01401513
0.01401444
0.01401335
0.01401182
0.01400983
0.01400736
0.01400434
0.01400073
0.01399651
0.01399162
0.01398602
0.01397966
0.01397262
0.01396608
0.01397215
0.0139786
0.01398535
0.01399131
0.01399645
0.01400085
0.01400458
0.01400771
0.01401033
0.01401247
0.01401417
0.01401548
0.01401648
0.01401716
0.01401752
0.01401754
0.01401723
0.01401658
0.01401553
0.01401406
0.01401214
0.01400975
0.01400682
0.0140033
0.01399919
0.01399442
0.01398894
0.0139827
0.01397579
0.01396936
0.01397617
0.01398142
0.01398789
0.01399372
0.01399875
0.01400304
0.01400667
0.01400971
0.01401224
0.0140143
0.01401594
0.01401721
0.01401817
0.01401883
0.01401918
0.0140192
0.01401891
0.01401829
0.01401728
0.01401585
0.01401399
0.01401166
0.01400879
0.01400529
0.01400123
0.01399656
0.01399118
0.01398505
0.01397826
0.01397198
0.01398856
0.01398476
0.01398997
0.01399561
0.01400054
0.01400475
0.0140083
0.01401126
0.01401372
0.01401572
0.01401731
0.01401854
0.01401947
0.01402012
0.01402046
0.01402049
0.01402022
0.01401961
0.01401864
0.01401725
0.01401543
0.01401312
0.0140101
0.01400584
0.01400157
0.01399692
0.01399162
0.0139856
0.01397908
0.01397358
0.01398978
0.01398701
0.01399158
0.01399702
0.01400187
0.01400601
0.01400949
0.0140124
0.01401481
0.01401677
0.01401832
0.01401952
0.01402042
0.01402106
0.01402139
0.01402143
0.01402117
0.01402058
0.01401963
0.01401827
0.01401647
0.014014
0.01400943
0.01399818
0.01399116
0.0139862
0.01398093
0.01397515
0.01397005
0.01397048
0.01403657
0.01399599
0.01399342
0.01399803
0.01400276
0.01400684
0.01401028
0.01401315
0.01401552
0.01401745
0.01401897
0.01402015
0.01402104
0.01402167
0.014022
0.01402204
0.01402179
0.01402122
0.01402028
0.01401894
0.01401709
0.01401383
0.01400234
0.01395616
0.01393258
0.01392562
0.01392005
0.0139149
0.01391507
0.01394183
0.01404589
0.01399827
0.01399412
0.01399851
0.0140032
0.01400726
0.01401068
0.01401352
0.01401587
0.01401778
0.01401929
0.01402046
0.01402135
0.01402197
0.0140223
0.01402234
0.01402209
0.01402153
0.01402061
0.01401927
0.01401741
0.01401396
0.01400089
0.01394769
0.01392133
0.01391401
0.01390837
0.01390263
0.01389761
0.0138981
0.0140468
0.01399847
0.01399415
0.01399851
0.0140032
0.01400726
0.01401067
0.01401352
0.01401587
0.01401778
0.01401929
0.01402046
0.01402134
0.01402196
0.0140223
0.01402234
0.01402209
0.01402153
0.0140206
0.01401926
0.0140174
0.01401393
0.01400065
0.01394663
0.01391998
0.01391262
0.01390696
0.01390104
0.01389466
0.01388928
0.01404534
0.01399774
0.01399362
0.01399803
0.01400275
0.01400683
0.01401027
0.01401314
0.01401551
0.01401745
0.01401907
0.01402016
0.01402103
0.01402165
0.01402199
0.01402203
0.01402177
0.01402121
0.01402027
0.01401892
0.01401705
0.01401356
0.01400027
0.01394623
0.01391956
0.01391218
0.01390649
0.01390053
0.01389393
0.01388781
0.01403539
0.01399493
0.01399242
0.01399708
0.01400186
0.01400599
0.01400948
0.01401238
0.01401481
0.01401698
0.0140199
0.01401973
0.01402042
0.01402103
0.01402137
0.0140214
0.01402114
0.01402056
0.01401961
0.01401824
0.01401635
0.01401286
0.01399974
0.01394648
0.01392007
0.01391269
0.01390696
0.01390095
0.01389429
0.01388807
0.01398684
0.01398527
0.01399007
0.0139956
0.01400052
0.01400472
0.01400827
0.01401124
0.01401381
0.0140173
0.0140301
0.01402011
0.01401955
0.01402009
0.01402042
0.01402045
0.01402018
0.01401958
0.0140186
0.0140172
0.0140153
0.01401197
0.0140004
0.01395413
0.01393046
0.0139234
0.01391766
0.01391158
0.01390486
0.01389858
0.01397582
0.01398142
0.01398786
0.01399368
0.0139987
0.01400299
0.01400662
0.01400966
0.01401221
0.01401448
0.01401749
0.01401739
0.01401813
0.01401878
0.01401912
0.01401915
0.01401886
0.01401823
0.01401722
0.01401579
0.01401391
0.01401135
0.01400667
0.01399531
0.01398817
0.01398307
0.01397764
0.01397153
0.01396477
0.01395837
0.01397208
0.01397855
0.01398529
0.01399124
0.01399638
0.01400078
0.01400451
0.01400764
0.01401026
0.01401241
0.01401421
0.01401543
0.0140164
0.01401708
0.01401744
0.01401746
0.01401715
0.0140165
0.01401545
0.01401398
0.01401206
0.01400963
0.01400648
0.01400207
0.01399764
0.01399283
0.01398737
0.0139813
0.01397501
0.01396799
0.01396863
0.01397527
0.01398216
0.01398824
0.01399351
0.01399804
0.01400189
0.01400513
0.01400785
0.01401008
0.01401185
0.01401322
0.01401426
0.01401497
0.01401533
0.01401535
0.01401502
0.01401434
0.01401324
0.01401171
0.01400973
0.01400725
0.01400421
0.01400053
0.01399628
0.01399141
0.01398599
0.01398102
0.01397972
0.01396765
0.01396462
0.01397138
0.01397841
0.01398465
0.01399006
0.01399473
0.01399872
0.01400209
0.01400492
0.01400725
0.01400911
0.01401055
0.01401163
0.01401238
0.01401276
0.01401277
0.01401242
0.0140117
0.01401055
0.01400896
0.0140069
0.01400433
0.01400121
0.01399749
0.01399315
0.01398819
0.0139832
0.01398319
0.01400824
0.01397017
0.01395998
0.01396686
0.01397405
0.01398044
0.01398602
0.01399084
0.01399497
0.01399848
0.01400144
0.01400388
0.01400583
0.01400734
0.01400848
0.01400926
0.01400966
0.01400967
0.0140093
0.01400853
0.01400733
0.01400567
0.01400353
0.01400086
0.01399763
0.01399379
0.01398931
0.01398417
0.01397847
0.0139732
0.01397161
0.0139593
0.01395464
0.01396165
0.013969
0.01397556
0.01398131
0.0139863
0.01399059
0.01399425
0.01399734
0.0139999
0.01400196
0.01400355
0.01400475
0.01400557
0.01400599
0.014006
0.01400561
0.0140048
0.01400354
0.0140018
0.01399956
0.01399679
0.01399343
0.01398946
0.01398484
0.01397953
0.01397351
0.01396687
0.01396
0.0139525
0.01394856
0.01395571
0.01396323
0.01396998
0.01397591
0.01398107
0.01398553
0.01398934
0.01399258
0.01399528
0.01399744
0.01399912
0.01400039
0.01400125
0.0140017
0.0140017
0.01400128
0.01400043
0.0139991
0.01399729
0.01399495
0.01399206
0.01398857
0.01398445
0.01397968
0.01397421
0.013968
0.01396103
0.01395343
0.01394633
0.01394172
0.01394901
0.0139567
0.01396363
0.01396975
0.0139751
0.01397973
0.01398371
0.0139871
0.01398993
0.01399221
0.01399398
0.01399532
0.01399623
0.0139967
0.01399671
0.01399626
0.01399536
0.01399397
0.01399207
0.01398963
0.01398661
0.01398298
0.01397872
0.01397379
0.01396815
0.01396176
0.0139546
0.01394678
0.01393959
0.0139341
0.01394152
0.01394939
0.0139565
0.0139628
0.01396834
0.01397315
0.0139773
0.01398085
0.01398382
0.01398622
0.01398808
0.01398949
0.01399046
0.01399095
0.01399096
0.01399049
0.01398954
0.01398808
0.0139861
0.01398355
0.01398041
0.01397664
0.01397223
0.01396713
0.01396132
0.01395476
0.01394742
0.01393943
0.01393209
0.01392583
0.01393337
0.01394138
0.01394866
0.01395513
0.01396085
0.01396584
0.01397016
0.01397388
0.01397702
0.01397953
0.01398149
0.01398298
0.01398399
0.01398451
0.01398452
0.01398403
0.01398303
0.01398151
0.01397944
0.01397679
0.01397352
0.01396962
0.01396506
0.01395981
0.01395383
0.01394709
0.01393958
0.01393143
0.01392396
0.01391826
0.01392587
0.01393393
0.01394133
0.01394793
0.0139538
0.01395894
0.01396343
0.01396731
0.01397063
0.01397327
0.01397531
0.01397686
0.01397792
0.01397846
0.01397847
0.01397795
0.01397692
0.01397534
0.01397321
0.01397047
0.0139671
0.01396308
0.0139584
0.01395301
0.0139469
0.01394003
0.01393238
0.01392409
0.01391652
0.004901303
0.004925183
0.004949808
0.004972153
0.004992157
0.005009868
0.005025396
0.005038948
0.005050664
0.005060595
0.0050686
0.005074779
0.005079447
0.005082641
0.005084279
0.005084284
0.005082696
0.005079536
0.005074745
0.005068269
0.005059972
0.005049747
0.005037556
0.00502337
0.005007065
0.00498855
0.004967732
0.00494456
0.004919319
0.004895447
0.004925115
0.004948786
0.004973117
0.004995111
0.005014686
0.005031948
0.005047021
0.005060055
0.005071275
0.005080699
0.00508829
0.005094199
0.005098671
0.005101729
0.00510329
0.005103291
0.00510177
0.005098733
0.00509411
0.005087847
0.005079819
0.005069918
0.005058089
0.005044288
0.005028395
0.005010308
0.004989928
0.004967193
0.004942371
0.004918843
0.004950223
0.00497351
0.004997373
0.005018854
0.005037884
0.005054598
0.005069132
0.005081637
0.005092361
0.005101326
0.005108536
0.005114155
0.005118404
0.005121306
0.005122783
0.005122783
0.005121337
0.005118442
0.00511402
0.005108006
0.005100292
0.00509077
0.005079363
0.005066013
0.005050603
0.005033022
0.005013163
0.004990948
0.004966628
0.004943519
0.004973217
0.004996071
0.00501941
0.005040333
0.005058794
0.005074945
0.005088936
0.005100927
0.005111172
0.005119707
0.005126558
0.005131894
0.005135921
0.005138668
0.005140064
0.005140065
0.005138696
0.005135947
0.005131728
0.00512597
0.005118574
0.005109435
0.005098457
0.005085564
0.005070646
0.005053584
0.00503426
0.005012585
0.004988787
0.004966118
0.004993835
0.005016247
0.00503905
0.005059412
0.005077305
0.0050929
0.005106359
0.005117852
0.00512763
0.005135752
0.005142257
0.005147317
0.005151129
0.005153729
0.00515505
0.005155054
0.00515376
0.005151155
0.005147136
0.00514163
0.005134547
0.005125782
0.005115224
0.005102779
0.005088345
0.005071797
0.005053005
0.005031866
0.005008593
0.004986369
0.00501214
0.005034117
0.005056394
0.005076206
0.005093549
0.005108607
0.005121554
0.005132569
0.005141902
0.005149629
0.005155805
0.005160602
0.005164211
0.005166673
0.005167927
0.005167934
0.005166716
0.005164248
0.005160422
0.005155157
0.005148373
0.005139966
0.00512981
0.005117794
0.005103826
0.005087772
0.005069494
0.005048878
0.005026118
0.00500433
0.005028221
0.005049783
0.005071558
0.005090848
0.00510767
0.00512222
0.005134685
0.005145251
0.005154167
0.005161524
0.005167394
0.005171945
0.005175366
0.005177702
0.005178896
0.005178908
0.005177762
0.005175424
0.005171779
0.00516674
0.005160235
0.005152163
0.00514238
0.005130766
0.005117234
0.005101647
0.005083856
0.005063736
0.005041465
0.005020096
0.005042195
0.005063368
0.005084672
0.005103475
0.005119813
0.005133893
0.005145913
0.005156064
0.005164598
0.005171616
0.005177205
0.005181532
0.005184783
0.005187008
0.005188149
0.005188166
0.005187089
0.005184872
0.005181393
0.005176561
0.005170312
0.005162543
0.005153103
0.005141857
0.005128726
0.005113568
0.005096228
0.00507657
0.005054757
0.005033782
0.005054254
0.005075054
0.005095918
0.005114267
0.005130154
0.005143798
0.005155405
0.005165175
0.005173358
0.005180065
0.005185398
0.005189522
0.005192621
0.005194747
0.005195841
0.005195867
0.005194855
0.005192751
0.005189425
0.005184784
0.005178768
0.005171278
0.005162149
0.005151241
0.005138481
0.005123723
0.005106802
0.005087574
0.005066188
0.005045581
0.005064707
0.005084906
0.005105338
0.005123279
0.005138765
0.005152022
0.005163263
0.005172694
0.005180568
0.005187001
0.005192108
0.005196056
0.005199023
0.005201066
0.005202121
0.005202157
0.005201205
0.005199202
0.005196013
0.005191539
0.005185729
0.005178481
0.005169626
0.005159006
0.00514657
0.005132163
0.005115613
0.005096767
0.005075763
0.005055493
0.005077932
0.005093459
0.005113008
0.00513057
0.005145719
0.005158652
0.005169587
0.005178737
0.005186351
0.005192557
0.005197477
0.005201278
0.005204138
0.005206114
0.005207139
0.005207187
0.005206286
0.005204371
0.005201297
0.005196962
0.005191321
0.005184268
0.005175601
0.005165081
0.005152862
0.005138738
0.005122494
0.005103968
0.005083312
0.005063442
0.005134016
0.005104412
0.005119282
0.005136279
0.005151143
0.005163816
0.005174505
0.005183426
0.005190833
0.005196858
0.005201627
0.005205312
0.005208089
0.005210012
0.005211017
0.005211078
0.005210221
0.005208378
0.005205397
0.005201173
0.005195659
0.00518871
0.005179805
0.005167674
0.005154955
0.005140964
0.005124956
0.005106729
0.005086693
0.005068606
0.005114738
0.005108855
0.005123915
0.005140536
0.005155166
0.005167633
0.00517813
0.005186875
0.005194121
0.005200006
0.005204659
0.005208256
0.005210971
0.005212856
0.005213847
0.00521392
0.005213098
0.005211311
0.005208403
0.005204263
0.005198814
0.005191573
0.005179312
0.00514994
0.005129189
0.005114366
0.005098381
0.005080697
0.005063863
0.005060623
0.005272892
0.005132897
0.005128842
0.005143497
0.005157841
0.005170158
0.00518052
0.005189143
0.005196279
0.005202069
0.005206642
0.005210178
0.005212851
0.00521471
0.005215692
0.005215775
0.005214978
0.00521323
0.005210373
0.005206283
0.005200763
0.005191832
0.00516257
0.005025622
0.00494071
0.004919394
0.004899978
0.004883634
0.00488018
0.004961862
0.005297486
0.00513848
0.005130768
0.005144941
0.005159174
0.005171415
0.005181709
0.005190269
0.005197346
0.005203087
0.005207619
0.005211122
0.005213773
0.005215619
0.005216598
0.005216686
0.005215902
0.005214175
0.005211343
0.005207281
0.005201761
0.00519246
0.005159756
0.005005469
0.004912418
0.004890146
0.004870496
0.004852875
0.004836257
0.00483321
0.005299557
0.00513889
0.00513081
0.005144936
0.005159165
0.005171406
0.0051817
0.005190259
0.005197337
0.005203079
0.005207627
0.005211114
0.005213762
0.005215607
0.005216585
0.005216673
0.005215889
0.005214161
0.005211329
0.005207266
0.005201741
0.005192386
0.005159268
0.005003187
0.004909426
0.004887054
0.004867362
0.004849385
0.004829763
0.00481204
0.005295812
0.005136886
0.005129255
0.005143506
0.005157816
0.00517013
0.005180492
0.005189115
0.005196255
0.005202096
0.005207006
0.005210203
0.005212822
0.005214675
0.005215655
0.005215737
0.005214938
0.005213189
0.005210331
0.005206236
0.005200674
0.005191274
0.005158108
0.005001974
0.004908154
0.004885716
0.00486595
0.00484785
0.004827781
0.004808421
0.005269293
0.005129697
0.005125827
0.005140636
0.005155127
0.005167585
0.00517808
0.005186827
0.005194126
0.005200737
0.005210854
0.005208985
0.005210971
0.005212799
0.005213784
0.005213855
0.005213031
0.005211242
0.005208332
0.005204177
0.005198549
0.005189118
0.005156271
0.005001832
0.004908607
0.004886141
0.004866251
0.004848008
0.004827766
0.004808155
0.005104685
0.005103522
0.005119351
0.005136224
0.005151066
0.005163736
0.005174423
0.005183362
0.005191143
0.00520302
0.00526402
0.005211472
0.005208391
0.005209936
0.005210919
0.005210977
0.005210117
0.005208272
0.005205287
0.005201049
0.005195355
0.005186217
0.005156726
0.005019532
0.004934342
0.004912711
0.00489283
0.004874401
0.004853964
0.004834169
0.005074923
0.005093192
0.005112898
0.005130447
0.005145591
0.005158521
0.005169454
0.005178603
0.005186268
0.005193197
0.005203579
0.005201913
0.005204043
0.005205962
0.005206981
0.005207026
0.005206122
0.005204206
0.005201129
0.00519679
0.005191106
0.005183585
0.005171011
0.0051413
0.005120174
0.005104941
0.005088492
0.005069984
0.005049403
0.005029298
0.005064384
0.005084727
0.005105162
0.005123097
0.005138578
0.005151831
0.005163067
0.005172494
0.005180367
0.005186848
0.005192289
0.005195894
0.005198805
0.00520084
0.005201892
0.005201925
0.005200971
0.005198967
0.005195776
0.005191301
0.005185485
0.005178179
0.005168874
0.005156309
0.005143114
0.005128611
0.0051121
0.005093618
0.005074072
0.005052396
0.005054024
0.005074824
0.005095682
0.005114024
0.005129904
0.005143542
0.005155142
0.005164906
0.005173083
0.005179786
0.005185129
0.005189232
0.005192323
0.005194445
0.005195536
0.005195559
0.005194545
0.00519244
0.005189114
0.005184473
0.005178458
0.005170965
0.005161801
0.005150744
0.005137938
0.005123211
0.005106672
0.005090697
0.005085233
0.00504913
0.005041904
0.005063071
0.005084367
0.005103161
0.00511949
0.005133562
0.005145572
0.005155715
0.00516424
0.00517125
0.005176832
0.005181152
0.005184397
0.005186617
0.005187754
0.005187769
0.005186691
0.005184473
0.005180995
0.005176166
0.005169919
0.005162155
0.005152717
0.005141468
0.005128351
0.005113334
0.005097723
0.005095758
0.005191592
0.005054852
0.005027852
0.005049407
0.005071171
0.005090449
0.00510726
0.005121799
0.005134251
0.005144806
0.00515371
0.005161057
0.005166917
0.00517146
0.005174874
0.005177206
0.005178396
0.005178405
0.005177259
0.005174921
0.005171278
0.005166244
0.005159744
0.005151677
0.005141903
0.005130298
0.005116779
0.005101236
0.005083833
0.005066972
0.005060628
0.005023768
0.005011694
0.005033659
0.005055923
0.005075721
0.005093051
0.005108094
0.005121026
0.005132027
0.005141346
0.005149061
0.005155226
0.005160013
0.005163614
0.005166071
0.005167321
0.005167325
0.005166107
0.00516364
0.005159818
0.005154559
0.005147782
0.005139384
0.005129238
0.005117235
0.00510328
0.005087245
0.00506903
0.005048789
0.0050275
0.005004323
0.004993314
0.005015711
0.005038498
0.005058843
0.00507672
0.005092297
0.005105739
0.005117215
0.005126979
0.005135086
0.005141579
0.005146627
0.00515043
0.005153024
0.005154341
0.005154343
0.00515305
0.005150446
0.005146433
0.005140934
0.00513386
0.005125106
0.005114561
0.00510213
0.005087712
0.005071182
0.005052412
0.005031322
0.005008174
0.004985864
0.004972617
0.004995458
0.005018778
0.005039683
0.005058125
0.005074257
0.005088229
0.005100202
0.005110429
0.005118949
0.005125786
0.005131108
0.005135125
0.005137866
0.005139258
0.005139258
0.005137889
0.005135143
0.00513093
0.00512518
0.005117796
0.005108669
0.005097706
0.005084829
0.005069929
0.005052887
0.005033584
0.005011931
0.004988161
0.004965504
0.00494955
0.004972824
0.004996665
0.005018127
0.005037135
0.005053829
0.005068343
0.005080828
0.005091533
0.005100484
0.005107676
0.005113281
0.005117518
0.005120413
0.005121886
0.005121885
0.00512044
0.005117549
0.005113133
0.00510713
0.005099428
0.00508992
0.005078529
0.005065197
0.005049808
0.005032248
0.005012412
0.00499022
0.004965923
0.004942834
0.004924383
0.004948047
0.004972334
0.004994317
0.00501386
0.00503111
0.00504616
0.005059174
0.005070372
0.005079796
0.005087359
0.005093246
0.005097705
0.005100754
0.005102312
0.005102311
0.005100791
0.005097758
0.005093143
0.00508689
0.005078876
0.005068991
0.00505718
0.005043398
0.005027527
0.005009463
0.004989108
0.004966398
0.0049416
0.004918095
0.004900536
0.004924452
0.004948947
0.00497133
0.004991262
0.005008996
0.005024491
0.005038026
0.005049705
0.005059707
0.005067633
0.005073772
0.005078422
0.005081607
0.00508324
0.005083243
0.005081657
0.005078502
0.005073717
0.005067252
0.005058971
0.005048763
0.005036591
0.005022424
0.005006142
0.004987653
0.004966861
0.004943714
0.0049185
0.004894653
0.002983113
0.003061243
0.003138303
0.003207896
0.003270163
0.003325262
0.003373519
0.003415574
0.003451917
0.003482698
0.003507461
0.00352655
0.003541003
0.003550893
0.003555933
0.003555861
0.003550826
0.003540909
0.003525911
0.003505688
0.00347979
0.003447874
0.003409838
0.003365612
0.00331479
0.003257088
0.00319222
0.003119988
0.003040843
0.002962434
0.003061318
0.003138665
0.003214672
0.003283062
0.003343897
0.003397521
0.00344431
0.003484711
0.003519499
0.00354869
0.003572156
0.003590395
0.003604216
0.003613662
0.00361845
0.003618365
0.00361355
0.003604034
0.003589588
0.003570055
0.003545033
0.003514177
0.003477322
0.003434351
0.003384871
0.003328565
0.003265126
0.003194317
0.003116538
0.003039291
0.003140075
0.003216118
0.003290604
0.003357349
0.00341646
0.003468361
0.003513471
0.003552237
0.003585501
0.00361329
0.003635591
0.003652938
0.003666063
0.003675021
0.003679543
0.003679455
0.003674877
0.003665808
0.003651988
0.003633233
0.003609193
0.003579525
0.003543994
0.003502433
0.003454466
0.003399747
0.003337938
0.00326876
0.003192558
0.003116677
0.003211794
0.003286405
0.003359229
0.003424221
0.003481551
0.003531696
0.003575115
0.003612289
0.003644064
0.003670522
0.003691713
0.003708181
0.003720615
0.003729091
0.003733356
0.003733272
0.00372893
0.003720316
0.003707129
0.003689166
0.003666116
0.003637643
0.003603452
0.003563312
0.003516879
0.00346378
0.003403641
0.003336142
0.003261578
0.00318713
0.003276084
0.00334924
0.003420375
0.003483607
0.003539166
0.003587577
0.003629338
0.003664963
0.003695286
0.003720455
0.003740571
0.003756184
0.003767947
0.003775962
0.003779992
0.003779913
0.003775807
0.003767637
0.003755073
0.003737889
0.003715809
0.003688505
0.003655624
0.003616878
0.003571953
0.003520454
0.003461972
0.00339615
0.003323229
0.003250231
0.003333167
0.003404896
0.003474374
0.003535888
0.003589731
0.003636469
0.003676635
0.003710774
0.003739707
0.003763647
0.003782738
0.003797534
0.003808664
0.003816247
0.003820066
0.003819994
0.00381612
0.003808376
0.003796408
0.003779972
0.003758819
0.003732629
0.003700999
0.003663586
0.003620111
0.003570154
0.003513276
0.003449083
0.003377768
0.003306195
0.003383327
0.003453695
0.003521592
0.003581474
0.00363369
0.003678847
0.003717512
0.003750255
0.003777889
0.003800676
0.003818814
0.003832847
0.003843389
0.003850578
0.00385421
0.003854146
0.003850495
0.003843151
0.003831741
0.003816003
0.003795714
0.003770562
0.003740097
0.003703932
0.003661816
0.003613311
0.003557951
0.003495305
0.003425524
0.003355318
0.003426909
0.003496002
0.003562419
0.003620782
0.003671491
0.003715186
0.003752466
0.003783923
0.003810368
0.003832098
0.003849365
0.003862703
0.003872717
0.003879556
0.003883019
0.00388297
0.003879529
0.003872554
0.003861655
0.003846552
0.003827052
0.003802844
0.00377344
0.003738415
0.003697547
0.00365038
0.003596421
0.003535214
0.003466869
0.003397947
0.003464542
0.003532422
0.003597457
0.0036544
0.0037037
0.003746034
0.00378203
0.003812299
0.003837654
0.003858415
0.003874887
0.003887594
0.003897132
0.003903664
0.003906977
0.003906949
0.003903705
0.003897077
0.003886648
0.00387213
0.003853351
0.003830006
0.003801572
0.003767598
0.003727885
0.003681965
0.003629318
0.003569456
0.003502448
0.003434728
0.003496999
0.003563097
0.003626804
0.003682476
0.003730525
0.003771652
0.003806507
0.003835722
0.003860113
0.00388002
0.003895793
0.00390795
0.003917079
0.003923353
0.003926542
0.003926541
0.003923476
0.003917158
0.003907144
0.003893137
0.003874992
0.003852401
0.00382482
0.003791756
0.003753057
0.003708234
0.003656745
0.003598077
0.003532267
0.003465636
0.003538195
0.003589402
0.003650652
0.003705176
0.003752178
0.003792299
0.003826204
0.003854544
0.003878132
0.003897333
0.003912524
0.003924229
0.003933027
0.003939091
0.003942182
0.003942212
0.0039393
0.003933248
0.003923584
0.003910002
0.003892375
0.003870393
0.00384345
0.003810896
0.003772938
0.003729005
0.00367847
0.003620793
0.003556023
0.003490496
0.003801137
0.003623363
0.003669981
0.003722935
0.003769068
0.00380838
0.003841521
0.003869157
0.003892101
0.003910743
0.003925466
0.003936816
0.003945353
0.003951252
0.003954275
0.003954344
0.003951563
0.003945726
0.003936345
0.003923098
0.003905865
0.003884282
0.00385718
0.003821903
0.003783135
0.003739728
0.003689923
0.003633103
0.003569742
0.003507812
0.003631524
0.003631937
0.003683936
0.003736156
0.003781602
0.003820277
0.00385282
0.003879908
0.003902352
0.003920563
0.003934927
0.003946003
0.00395435
0.003960129
0.003963107
0.003963209
0.003960532
0.003954862
0.003945701
0.003932712
0.003915731
0.00389382
0.00386072
0.003788493
0.00372932
0.00368421
0.003634022
0.003578387
0.003521219
0.00349189
0.004204933
0.003690533
0.003696956
0.003745183
0.003789926
0.003828145
0.003860272
0.003886981
0.003909082
0.003927
0.003941118
0.003952002
0.00396022
0.003965918
0.003968868
0.003968998
0.003966394
0.003960841
0.003951833
0.003939008
0.003922004
0.003897102
0.003827643
0.003415309
0.003103844
0.003040471
0.00295393
0.002900341
0.002872982
0.003131533
0.004263091
0.003703173
0.003702362
0.003749632
0.00379408
0.003832068
0.003863983
0.003890494
0.003912414
0.003930177
0.003944168
0.003954951
0.003963103
0.003968762
0.003971699
0.003971844
0.003969278
0.003963786
0.003954857
0.003942118
0.003925168
0.0038997
0.00382397
0.00337439
0.00304219
0.002976742
0.00288921
0.002833306
0.002776823
0.002748135
0.004267067
0.003703879
0.003702419
0.003749613
0.003794055
0.003832042
0.003863956
0.003890467
0.003912386
0.003930154
0.003944181
0.003954926
0.003963071
0.003968727
0.003971662
0.003971806
0.003969239
0.003963745
0.003954815
0.003942074
0.003925115
0.003899559
0.003823127
0.003370242
0.003036575
0.002970933
0.002883319
0.002826807
0.002764754
0.002704031
0.004257866
0.003698204
0.003697646
0.003745164
0.003789851
0.003828066
0.003860193
0.003886901
0.00390901
0.003927047
0.003942047
0.003952043
0.003960134
0.003965817
0.003968762
0.003968887
0.003966279
0.003960723
0.003951712
0.003938878
0.003921804
0.00389611
0.003819525
0.003366477
0.003032624
0.002966777
0.002878936
0.002822113
0.002759191
0.002695344
0.004193874
0.003680595
0.003687572
0.003736275
0.003781478
0.003820137
0.003852678
0.00387977
0.003902338
0.003922436
0.003953985
0.00394787
0.00395432
0.003959964
0.003962928
0.003963024
0.00396034
0.003954665
0.003945497
0.003932482
0.003915197
0.003889328
0.003813155
0.003363101
0.003030361
0.002964311
0.002876081
0.002818814
0.002755396
0.002690929
0.003600164
0.003615645
0.003669762
0.00372274
0.003768845
0.00380815
0.003841289
0.003868963
0.003892876
0.003929704
0.004210569
0.003955774
0.003946109
0.003951025
0.003953997
0.003954055
0.003951266
0.003945423
0.003936032
0.003922758
0.00390522
0.003879679
0.003809508
0.003396415
0.003084083
0.003019738
0.002931942
0.002874099
0.002810065
0.002745014
0.003526098
0.003588279
0.003650285
0.003704814
0.003751806
0.003791918
0.003825816
0.003854153
0.003877859
0.00389894
0.00393131
0.003925822
0.003932721
0.00393865
0.003941724
0.003941746
0.003938827
0.003932769
0.003923098
0.003909504
0.003891805
0.003869032
0.003834963
0.003761685
0.003701343
0.003654958
0.003603372
0.003545705
0.003481079
0.003415153
0.003495959
0.003562547
0.003626282
0.003681941
0.003729977
0.003771091
0.003805932
0.003835134
0.003859521
0.003879539
0.003896185
0.003907445
0.003916439
0.003922693
0.003925872
0.003925862
0.003922791
0.003916468
0.00390645
0.003892439
0.003874284
0.0038516
0.003823258
0.003786638
0.003746385
0.003701377
0.003649944
0.003591925
0.003529029
0.003459587
0.003463863
0.003531744
0.003596762
0.003653687
0.003702969
0.003745283
0.003781259
0.003811508
0.003836845
0.003857594
0.003874088
0.003886741
0.00389626
0.00390278
0.003906083
0.003906047
0.003902798
0.003896166
0.003885735
0.003871216
0.00385244
0.003829093
0.003800606
0.003766385
0.003726594
0.003680731
0.003628765
0.003575321
0.003547188
0.003441365
0.003426054
0.003495128
0.003561521
0.003619859
0.003670542
0.003714212
0.003751465
0.003782894
0.003809314
0.003831022
0.003848268
0.003861585
0.003871582
0.003878409
0.003881862
0.003881805
0.00387836
0.003871384
0.003860486
0.003845388
0.003825896
0.0038017
0.003772306
0.003737286
0.00369645
0.003649539
0.003598975
0.003580109
0.003962555
0.003446536
0.003382234
0.003452581
0.003520447
0.003580296
0.003632478
0.0036776
0.00371623
0.003748937
0.003776539
0.003799297
0.003817406
0.003831414
0.003841937
0.003849112
0.003852733
0.003852663
0.003849009
0.003841666
0.003830262
0.003814534
0.003794261
0.003769127
0.003738685
0.003702547
0.003660466
0.003612049
0.003557389
0.003501179
0.003470289
0.003361995
0.003331849
0.003403542
0.00347298
0.003534453
0.003588254
0.003634948
0.003675071
0.003709167
0.003738061
0.003761965
0.003781022
0.003795789
0.003806895
0.003814463
0.003818271
0.003818193
0.003814318
0.003806578
0.003794621
0.003778201
0.003757068
0.003730904
0.003699303
0.003661927
0.003618492
0.003568585
0.00351183
0.003448319
0.003379953
0.00330561
0.00327454
0.003347651
0.003418738
0.00348192
0.003537429
0.00358579
0.0036275
0.003663075
0.003693353
0.003718481
0.003738558
0.003754137
0.003765874
0.003773872
0.003777891
0.003777806
0.003773701
0.003765538
0.003752988
0.003735825
0.003713772
0.0036865
0.003653655
0.003614952
0.003570074
0.003518626
0.003460204
0.003394486
0.00332181
0.003248681
0.003210018
0.003284586
0.003357356
0.003422292
0.003479564
0.003529653
0.003573015
0.003610134
0.003641859
0.003668271
0.003689418
0.003705849
0.003718253
0.00372671
0.003730964
0.003730876
0.003726536
0.003717931
0.003704762
0.003686824
0.003663806
0.003635371
0.003601221
0.003561131
0.003514751
0.003461709
0.003401631
0.003334197
0.003259706
0.003185305
0.003138079
0.003214082
0.003288504
0.00335519
0.003414235
0.003466077
0.003511126
0.003549832
0.00358304
0.003610785
0.003633036
0.00365034
0.003663433
0.00367237
0.003676881
0.003676788
0.003672212
0.003663156
0.003649356
0.00363063
0.003606626
0.003577
0.003541517
0.00350001
0.003452103
0.003397448
0.003335705
0.003266595
0.003190462
0.003114644
0.00305914
0.003136461
0.003212348
0.0032807
0.003341442
0.003395024
0.003441745
0.003482084
0.003516806
0.003545989
0.003569377
0.003587558
0.003601341
0.003610763
0.003615539
0.00361545
0.003610639
0.003601135
0.003586713
0.003567211
0.00354223
0.00351142
0.003474617
0.003431704
0.003382289
0.003326052
0.003262684
0.003191949
0.003114244
0.003037066
0.002980806
0.003059061
0.0031357
0.003205437
0.003267465
0.003322643
0.003370793
0.003412803
0.003449019
0.003480022
0.003504542
0.003523526
0.00353793
0.003547793
0.00355282
0.003552743
0.003547713
0.00353781
0.003522833
0.003502644
0.003476793
0.003444927
0.003406946
0.003362778
0.003312024
0.003254399
0.003189606
0.003117451
0.003038384
0.00296005
)
;

boundaryField
{
    fmaxY
    {
        type            calculated;
        value           nonuniform List<scalar> 
90
(
0.01391826
0.004900536
0.002980806
0.01392587
0.004924452
0.003059061
0.01393393
0.004948947
0.0031357
0.01394133
0.00497133
0.003205437
0.01394793
0.004991262
0.003267465
0.0139538
0.005008996
0.003322643
0.01395894
0.005024491
0.003370793
0.01396343
0.005038026
0.003412803
0.01396731
0.005049705
0.003449019
0.01397063
0.005059707
0.003480022
0.01397327
0.005067633
0.003504542
0.01397531
0.005073772
0.003523526
0.01397686
0.005078422
0.00353793
0.01397792
0.005081607
0.003547793
0.01397846
0.00508324
0.00355282
0.01397847
0.005083243
0.003552743
0.01397795
0.005081657
0.003547713
0.01397692
0.005078502
0.00353781
0.01397534
0.005073717
0.003522833
0.01397321
0.005067252
0.003502644
0.01397047
0.005058971
0.003476793
0.0139671
0.005048763
0.003444927
0.01396308
0.005036591
0.003406946
0.0139584
0.005022424
0.003362778
0.01395301
0.005006142
0.003312024
0.0139469
0.004987653
0.003254399
0.01394003
0.004966861
0.003189606
0.01393238
0.004943714
0.003117451
0.01392409
0.0049185
0.003038384
0.01391652
0.004894653
0.00296005
)
;
    }
    fminX
    {
        type            calculated;
        value           nonuniform List<scalar> 
90
(
0.01391852
0.01392608
0.01393433
0.01394193
0.01394874
0.01395479
0.01396011
0.01396472
0.01396871
0.01397215
0.01397617
0.01398856
0.01398978
0.01403657
0.01404589
0.0140468
0.01404534
0.01403539
0.01398684
0.01397582
0.01397208
0.01396863
0.01396462
0.01395998
0.01395464
0.01394856
0.01394172
0.0139341
0.01392583
0.01391826
0.004901303
0.004925115
0.004950223
0.004973217
0.004993835
0.00501214
0.005028221
0.005042195
0.005054254
0.005064707
0.005077932
0.005134016
0.005114738
0.005272892
0.005297486
0.005299557
0.005295812
0.005269293
0.005104685
0.005074923
0.005064384
0.005054024
0.005041904
0.005027852
0.005011694
0.004993314
0.004972617
0.00494955
0.004924383
0.004900536
0.002983113
0.003061318
0.003140075
0.003211794
0.003276084
0.003333167
0.003383327
0.003426909
0.003464542
0.003496999
0.003538195
0.003801137
0.003631524
0.004204933
0.004263091
0.004267067
0.004257866
0.004193874
0.003600164
0.003526098
0.003495959
0.003463863
0.003426054
0.003382234
0.003331849
0.00327454
0.003210018
0.003138079
0.00305914
0.002980806
)
;
    }
    fmaxX
    {
        type            calculated;
        value           nonuniform List<scalar> 
90
(
0.01391679
0.01392422
0.01393233
0.0139398
0.0139465
0.01395244
0.01395765
0.01396218
0.01396608
0.01396936
0.01397198
0.01397358
0.01397048
0.01394183
0.0138981
0.01388928
0.01388781
0.01388807
0.01389858
0.01395837
0.01396799
0.01396765
0.01397017
0.0139593
0.0139525
0.01394633
0.01393959
0.01393209
0.01392396
0.01391652
0.004895447
0.004918843
0.004943519
0.004966118
0.004986369
0.00500433
0.005020096
0.005033782
0.005045581
0.005055493
0.005063442
0.005068606
0.005060623
0.004961862
0.00483321
0.00481204
0.004808421
0.004808155
0.004834169
0.005029298
0.005052396
0.00504913
0.005054852
0.005023768
0.005004323
0.004985864
0.004965504
0.004942834
0.004918095
0.004894653
0.002962434
0.003039291
0.003116677
0.00318713
0.003250231
0.003306195
0.003355318
0.003397947
0.003434728
0.003465636
0.003490496
0.003507812
0.00349189
0.003131533
0.002748135
0.002704031
0.002695344
0.002690929
0.002745014
0.003415153
0.003459587
0.003441365
0.003446536
0.003361995
0.00330561
0.003248681
0.003185305
0.003114644
0.003037066
0.00296005
)
;
    }
    fminY
    {
        type            calculated;
        value           nonuniform List<scalar> 
90
(
0.01391852
0.004901303
0.002983113
0.01392612
0.004925183
0.003061243
0.01393423
0.004949808
0.003138303
0.01394162
0.004972153
0.003207896
0.01394824
0.004992157
0.003270163
0.0139541
0.005009868
0.003325262
0.01395925
0.005025396
0.003373519
0.01396374
0.005038948
0.003415574
0.01396764
0.005050664
0.003451917
0.01397094
0.005060595
0.003482698
0.0139736
0.0050686
0.003507461
0.01397566
0.005074779
0.00352655
0.01397721
0.005079447
0.003541003
0.01397827
0.005082641
0.003550893
0.01397882
0.005084279
0.003555933
0.01397883
0.005084284
0.003555861
0.01397831
0.005082696
0.003550826
0.01397727
0.005079536
0.003540909
0.0139757
0.005074745
0.003525911
0.01397356
0.005068269
0.003505688
0.01397082
0.005059972
0.00347979
0.01396744
0.005049747
0.003447874
0.01396341
0.005037556
0.003409838
0.01395872
0.00502337
0.003365612
0.01395333
0.005007065
0.00331479
0.01394721
0.00498855
0.003257088
0.01394033
0.004967732
0.00319222
0.01393267
0.00494456
0.003119988
0.01392437
0.004919319
0.003040843
0.01391679
0.004895447
0.002962434
)
;
    }
    fminZ
    {
        type            calculated;
        value           nonuniform List<scalar> 
900
(
0.02608034
0.02608752
0.02609536
0.02610258
0.02610906
0.02611481
0.02611986
0.02612425
0.02612804
0.02613131
0.02613513
0.02614691
0.02614806
0.02619254
0.0262014
0.02620226
0.02620087
0.02619142
0.02614527
0.02613479
0.02613124
0.02612796
0.02612415
0.02611974
0.02611466
0.02610889
0.02610239
0.02609514
0.02608728
0.02608008
0.02608756
0.02609469
0.02610242
0.02610951
0.02611586
0.02612147
0.0261264
0.02613067
0.02613435
0.02613744
0.02614012
0.02614329
0.02614544
0.02615396
0.02615613
0.02615632
0.02615563
0.02615296
0.02614378
0.02614012
0.02613739
0.02613427
0.02613058
0.02612628
0.02612133
0.02611568
0.02610931
0.0261022
0.02609445
0.02608732
0.02609526
0.02610231
0.0261099
0.02611683
0.02612301
0.02612847
0.02613324
0.02613736
0.0261409
0.02614386
0.02614627
0.02614824
0.02614977
0.02615153
0.02615219
0.02615222
0.02615172
0.02615058
0.02614834
0.02614624
0.0261438
0.02614082
0.02613726
0.02613311
0.02612831
0.02612283
0.02611663
0.02610967
0.02610206
0.02609498
0.02610229
0.02610924
0.02611667
0.02612343
0.02612943
0.02613471
0.02613932
0.02614329
0.02614668
0.02614952
0.02615181
0.02615361
0.02615495
0.0261559
0.02615636
0.02615636
0.02615591
0.026155
0.02615359
0.02615177
0.02614946
0.0261466
0.02614319
0.02613919
0.02613455
0.02612924
0.02612321
0.02611643
0.02610898
0.02610201
0.02610858
0.0261154
0.02612267
0.02612924
0.02613507
0.02614018
0.02614462
0.02614844
0.02615169
0.0261544
0.02615659
0.02615829
0.02615956
0.0261604
0.02616082
0.02616082
0.02616039
0.02615955
0.02615827
0.02615655
0.02615434
0.02615161
0.02614834
0.02614449
0.02614002
0.02613488
0.02612903
0.02612242
0.02611513
0.02610828
0.02611415
0.02612084
0.02612793
0.02613433
0.02613999
0.02614493
0.02614921
0.02615288
0.026156
0.02615858
0.02616067
0.02616229
0.02616349
0.02616428
0.02616468
0.02616468
0.02616428
0.02616348
0.02616226
0.02616062
0.02615852
0.02615591
0.02615277
0.02614907
0.02614476
0.02613979
0.02613411
0.02612768
0.02612057
0.02611387
0.02611904
0.02612559
0.02613252
0.02613875
0.02614423
0.02614901
0.02615314
0.02615667
0.02615966
0.02616213
0.02616412
0.02616566
0.0261668
0.02616755
0.02616793
0.02616793
0.02616755
0.02616679
0.02616564
0.02616407
0.02616207
0.02615957
0.02615656
0.026153
0.02614884
0.02614403
0.02613852
0.02613226
0.02612531
0.02611875
0.02612332
0.02612971
0.02613646
0.02614253
0.02614786
0.02615249
0.02615648
0.02615988
0.02616274
0.02616511
0.02616701
0.02616848
0.02616957
0.02617028
0.02617063
0.02617063
0.02617027
0.02616955
0.02616846
0.02616696
0.02616504
0.02616266
0.02615976
0.02615633
0.02615231
0.02614765
0.0261423
0.0261362
0.02612942
0.02612302
0.02612702
0.02613325
0.02613985
0.02614576
0.02615094
0.02615543
0.02615929
0.02616257
0.02616533
0.02616759
0.02616941
0.02617082
0.02617185
0.02617253
0.02617287
0.02617286
0.02617252
0.02617185
0.0261709
0.02616938
0.02616753
0.02616524
0.02616246
0.02615914
0.02615525
0.02615073
0.02614552
0.02613958
0.02613295
0.0261267
0.02613015
0.02613622
0.02614268
0.02614846
0.02615351
0.02615787
0.02616162
0.02616479
0.02616745
0.02616963
0.02617137
0.02617273
0.02617371
0.02617436
0.02617468
0.02617468
0.02617437
0.02617391
0.02617422
0.02617155
0.02616958
0.02616736
0.02616467
0.02616146
0.02615769
0.02615329
0.02614821
0.0261424
0.02613593
0.02612987
0.02613269
0.02613863
0.02614496
0.02615062
0.02615556
0.02615983
0.02616347
0.02616656
0.02616914
0.02617125
0.02617293
0.02617424
0.02617519
0.02617581
0.02617612
0.02617612
0.02617591
0.02617669
0.02618639
0.02617441
0.02617128
0.02616905
0.02616644
0.02616332
0.02615964
0.02615534
0.02615037
0.02614468
0.02613832
0.02613237
0.02613464
0.0261405
0.02614674
0.02615231
0.02615717
0.02616135
0.02616492
0.02616793
0.02617044
0.0261725
0.02617414
0.02617541
0.02617633
0.02617693
0.02617723
0.02617723
0.02617694
0.02617653
0.0261769
0.02617431
0.02617244
0.02617035
0.02616781
0.02616476
0.02616116
0.02615694
0.02615206
0.02614645
0.02614019
0.02613431
0.02613612
0.02614191
0.02614808
0.02615359
0.02615838
0.02616249
0.026166
0.02616896
0.02617143
0.02617344
0.02617505
0.02617629
0.02617719
0.02617778
0.02617807
0.02617807
0.02617777
0.02617719
0.02617637
0.02617501
0.02617337
0.02617133
0.02616884
0.02616584
0.0261623
0.02615815
0.02615333
0.02614779
0.0261416
0.02613578
0.02613713
0.02614288
0.026149
0.02615446
0.0261592
0.02616327
0.02616674
0.02616967
0.0261721
0.02617409
0.02617568
0.0261769
0.02617779
0.02617837
0.02617866
0.02617865
0.02617836
0.02617777
0.02617687
0.02617563
0.02617402
0.026172
0.02616954
0.02616658
0.02616308
0.02615897
0.0261542
0.02614871
0.02614256
0.02613679
0.02613765
0.02614338
0.02614947
0.02615491
0.02615962
0.02616367
0.02616713
0.02617004
0.02617246
0.02617443
0.02617601
0.02617722
0.02617811
0.02617869
0.02617898
0.02617897
0.02617868
0.02617809
0.02617719
0.02617595
0.02617435
0.02617235
0.02616991
0.02616696
0.02616348
0.02615939
0.02615464
0.02614918
0.02614306
0.02613731
0.02613766
0.02614339
0.02614948
0.02615491
0.02615963
0.02616368
0.02616714
0.02617005
0.02617247
0.02617445
0.02617603
0.02617725
0.02617815
0.02617873
0.02617901
0.02617901
0.02617872
0.02617812
0.02617722
0.02617598
0.02617437
0.02617237
0.02616992
0.02616697
0.02616349
0.0261594
0.02615465
0.02614919
0.02614307
0.02613732
0.02613717
0.02614291
0.02614903
0.02615449
0.02615923
0.02616331
0.02616678
0.02616972
0.02617216
0.02617416
0.02617576
0.02617699
0.0261779
0.02617849
0.02617878
0.02617877
0.02617847
0.02617788
0.02617696
0.0261757
0.02617408
0.02617206
0.02616959
0.02616662
0.02616311
0.026159
0.02615423
0.02614874
0.0261426
0.02613682
0.02613618
0.02614196
0.02614812
0.02615363
0.02615842
0.02616254
0.02616605
0.02616903
0.02617151
0.02617354
0.02617516
0.02617642
0.02617735
0.02617795
0.02617824
0.02617824
0.02617793
0.02617732
0.02617639
0.02617511
0.02617346
0.0261714
0.0261689
0.02616589
0.02616234
0.02615819
0.02615337
0.02614783
0.02614165
0.02613584
0.02613468
0.02614051
0.02614674
0.02615231
0.02615716
0.02616134
0.02616491
0.02616794
0.02617047
0.02617254
0.0261742
0.02617549
0.02617644
0.02617706
0.02617736
0.02617736
0.02617705
0.02617642
0.02617546
0.02617415
0.02617246
0.02617037
0.02616781
0.02616475
0.02616114
0.02615693
0.02615205
0.02614645
0.0261402
0.02613434
0.02613265
0.02613855
0.02614485
0.0261505
0.02615543
0.02615969
0.02616333
0.02616643
0.02616901
0.02617114
0.02617285
0.02617417
0.02617515
0.02617578
0.02617609
0.02617609
0.02617576
0.02617512
0.02617413
0.02617279
0.02617106
0.02616891
0.0261663
0.02616317
0.02615949
0.0261552
0.02615024
0.02614456
0.02613824
0.02613231
0.02613004
0.02613602
0.02614243
0.02614818
0.0261532
0.02615756
0.02616129
0.02616446
0.02616713
0.02616932
0.02617108
0.02617245
0.02617343
0.02617402
0.02617433
0.02617432
0.02617399
0.02617332
0.02617232
0.026171
0.02616924
0.02616702
0.02616434
0.02616113
0.02615736
0.02615298
0.02614792
0.02614214
0.02613572
0.02612971
0.02612683
0.02613291
0.02613943
0.0261453
0.02615045
0.02615491
0.02615875
0.02616202
0.02616477
0.02616704
0.02616886
0.02617025
0.02617108
0.02617093
0.02617105
0.02617102
0.02617067
0.02617
0.02616915
0.02616856
0.02616693
0.02616467
0.0261619
0.0261586
0.02615472
0.02615023
0.02614505
0.02613916
0.02613261
0.02612651
0.026123
0.0261292
0.02613585
0.02614185
0.02614713
0.02615172
0.02615568
0.02615906
0.0261619
0.02616426
0.02616613
0.02616738
0.02616674
0.02616001
0.02615863
0.0261584
0.02615804
0.02615753
0.02615816
0.02616412
0.02616394
0.02616178
0.02615893
0.02615552
0.02615153
0.02614691
0.02614161
0.02613557
0.0261289
0.02612269
0.02611855
0.02612486
0.02613165
0.0261378
0.02614321
0.02614794
0.02615203
0.02615552
0.02615847
0.02616092
0.0261628
0.02616333
0.02615605
0.0261161
0.02610806
0.02610705
0.02610667
0.02610691
0.02611418
0.02615332
0.02615974
0.02615828
0.02615539
0.02615187
0.02614776
0.026143
0.02613756
0.02613138
0.02612457
0.02611824
0.02611342
0.02611986
0.0261268
0.0261331
0.02613867
0.02614355
0.02614777
0.02615139
0.02615446
0.02615701
0.02615895
0.02615927
0.02614937
0.02609369
0.026083
0.02608172
0.02608132
0.0260818
0.02609169
0.02614653
0.02615553
0.02615425
0.02615126
0.02614762
0.02614337
0.02613847
0.02613287
0.02612654
0.02611957
0.02611312
0.0261076
0.02611417
0.02612127
0.02612773
0.02613347
0.0261385
0.02614286
0.02614662
0.02614982
0.02615247
0.02615451
0.02615485
0.02614466
0.02608708
0.02607605
0.02607472
0.0260743
0.02607479
0.02608497
0.02614169
0.02615096
0.02614962
0.02614656
0.02614274
0.02613833
0.02613327
0.02612751
0.02612102
0.02611389
0.02610731
0.02610106
0.02610776
0.02611502
0.02612165
0.02612755
0.02613274
0.02613727
0.02614116
0.02614449
0.02614726
0.02614939
0.02614982
0.02613965
0.02608179
0.02607069
0.02606934
0.02606889
0.02606934
0.02607951
0.02613653
0.02614577
0.02614446
0.02614181
0.02613731
0.0261326
0.02612736
0.02612143
0.02611478
0.02610749
0.02610077
0.02609378
0.02610061
0.02610804
0.02611484
0.02612091
0.02612626
0.02613094
0.02613498
0.02613844
0.02614134
0.02614357
0.02614409
0.02613416
0.02607689
0.02606523
0.02606372
0.02606323
0.02606363
0.02607374
0.02613071
0.02614001
0.02613974
0.0261418
0.02613231
0.02612629
0.02612074
0.02611463
0.0261078
0.02610035
0.0260935
0.02608589
0.02609285
0.02610043
0.0261074
0.02611363
0.02611915
0.02612398
0.02612816
0.02613176
0.02613477
0.02613712
0.02613789
0.02612932
0.02607705
0.02606046
0.02605765
0.02605696
0.0260573
0.02606735
0.02612429
0.02613403
0.0261385
0.02616561
0.0261308
0.02611976
0.02611351
0.0261072
0.0261002
0.0260926
0.02608562
0.02607869
0.02608575
0.02609346
0.02610056
0.02610692
0.02611257
0.02611753
0.02612183
0.02612554
0.02612866
0.02613114
0.02613267
0.02612972
0.02610249
0.02606092
0.02605254
0.02605115
0.02605139
0.02606138
0.02611821
0.02612735
0.02612703
0.02612943
0.02611909
0.02611263
0.02610676
0.02610036
0.02609323
0.0260855
0.02607843
)
;
    }
    floor_to_air
    {
        type            calculated;
        value           nonuniform List<scalar> 
900
(
0.004143546
0.004297441
0.004442044
0.00457224
0.004688711
0.004791733
0.004881896
0.004960384
0.005028216
0.005085648
0.005131752
0.005167233
0.005194163
0.005212591
0.005221938
0.00522166
0.005212091
0.005193412
0.005165223
0.0051273
0.005078743
0.005018895
0.004947599
0.004864767
0.004769589
0.004661544
0.004540099
0.004404844
0.004256042
0.004101117
0.004298083
0.004450294
0.00459272
0.004720488
0.004834105
0.004934223
0.005021536
0.005096817
0.005161685
0.005216073
0.005259703
0.005293564
0.005319263
0.005336821
0.005345667
0.005345365
0.005336235
0.005318345
0.005291242
0.005254664
0.005207825
0.005150064
0.005081089
0.005000715
0.004908171
0.004802864
0.004684218
0.004551748
0.004405621
0.004253056
0.004446222
0.004595806
0.004735308
0.004859939
0.0049703
0.005067176
0.005151341
0.005223587
0.005285632
0.005337438
0.005378922
0.005411131
0.005435525
0.005452167
0.00546051
0.005460205
0.005451519
0.005434474
0.005408546
0.005373424
0.005328427
0.005272903
0.00520642
0.005128692
0.005038988
0.004936665
0.004821081
0.004691671
0.004548507
0.004398619
0.004580601
0.004727355
0.004863714
0.004985048
0.005092069
0.005185657
0.005266661
0.005335938
0.005395202
0.005444524
0.00548394
0.005514513
0.005537612
0.005553351
0.005561207
0.005560912
0.005552669
0.005536474
0.005511731
0.005478085
0.00543494
0.005381659
0.005317687
0.005242617
0.005155785
0.005056494
0.004944036
0.00481777
0.004677679
0.004530597
0.004701054
0.004844941
0.004978114
0.005096145
0.005199848
0.005290191
0.005368091
0.005434477
0.005491022
0.005537931
0.005575339
0.005604316
0.005626159
0.005641032
0.005648444
0.005648156
0.005640353
0.005624988
0.005601409
0.005569214
0.00552788
0.005476789
0.005415274
0.005342806
0.0052588
0.005162505
0.00505315
0.004930022
0.004793017
0.004648776
0.004808029
0.004949102
0.005079151
0.005193961
0.00529445
0.005381659
0.005456576
0.005520187
0.005574126
0.005618733
0.005654224
0.005681678
0.005702332
0.005716395
0.005723411
0.00572313
0.005715758
0.005701185
0.005678718
0.005647913
0.005608308
0.005559304
0.005500133
0.005430156
0.005348863
0.005255456
0.005149105
0.005029029
0.004895041
0.004753593
0.004902047
0.00504044
0.005167507
0.005279256
0.005376697
0.005460949
0.005533058
0.005594061
0.005645567
0.005688016
0.005721727
0.005747755
0.005767309
0.005780629
0.005787293
0.005787021
0.005780061
0.005766231
0.005744801
0.005715292
0.005677298
0.005630235
0.005573244
0.005505596
0.005426847
0.005336159
0.005232651
0.005115475
0.004984368
0.0048456
0.004983726
0.005119607
0.005243889
0.005352794
0.005447418
0.005528938
0.00559846
0.005657064
0.005706349
0.005746819
0.005778908
0.00580364
0.005822206
0.005834871
0.005841217
0.005840963
0.00583439
0.005821243
0.005800757
0.005772422
0.00573589
0.00569059
0.00563558
0.005570057
0.005493639
0.005405451
0.005304562
0.005190075
0.005061666
0.004925419
0.005054296
0.005187813
0.00530949
0.005415729
0.005507712
0.005586681
0.005653798
0.005710183
0.00575743
0.005796081
0.005826687
0.005850241
0.005867916
0.005880008
0.005886068
0.005885844
0.005879636
0.005867126
0.00584751
0.005820255
0.005785065
0.005741375
0.005688181
0.005624618
0.005550367
0.00546452
0.005366094
0.005254131
0.005128237
0.004994351
0.005114474
0.005245181
0.005364435
0.005468291
0.005557927
0.005634634
0.005699616
0.00575403
0.005799472
0.005836527
0.005865829
0.005888358
0.005905267
0.005916879
0.005922698
0.00592252
0.005916635
0.005904696
0.005885844
0.00585953
0.005825515
0.005783234
0.00573164
0.005669793
0.005597446
0.005513658
0.005417405
0.005307685
0.005184047
0.005052291
0.005177872
0.005293058
0.005408973
0.005510766
0.005598447
0.005673274
0.005736484
0.005789267
0.00583321
0.005868946
0.005897165
0.005918856
0.005935149
0.00594637
0.005951997
0.005951868
0.005946261
0.005934811
0.005916598
0.005891062
0.005858004
0.00581686
0.005766506
0.005705822
0.005634942
0.00555283
0.005458364
0.005350496
0.005228763
0.005098963
0.005867089
0.005343673
0.005444454
0.005543958
0.005630049
0.005703369
0.005765153
0.005816625
0.005859368
0.005894067
0.005921415
0.005942452
0.005958257
0.005969164
0.005974662
0.005974599
0.005969227
0.005958168
0.005940474
0.00591555
0.005883219
0.005842889
0.005792855
0.005730001
0.005658902
0.005577939
0.005484861
0.005378525
0.005258872
0.005133299
0.005301173
0.00536502
0.005470503
0.00556869
0.005653518
0.005725648
0.005786315
0.005836764
0.005878574
0.005912471
0.005939152
0.005959675
0.005975129
0.005985811
0.005991221
0.005991215
0.005986027
0.005975269
0.005957977
0.005933531
0.005901712
0.005861383
0.005805795
0.005706841
0.005616072
0.005533929
0.005441018
0.005336405
0.005223426
0.005130604
0.006566907
0.005431461
0.005491543
0.00558537
0.005669094
0.005740382
0.005800271
0.005850014
0.005891184
0.005924537
0.005950761
0.005970922
0.005986139
0.00599667
0.006002024
0.006002067
0.005997008
0.00598646
0.005969447
0.005945314
0.00591366
0.005870603
0.005779343
0.005033773
0.004401366
0.004301623
0.004036856
0.003934736
0.003851677
0.004354467
0.006628869
0.005448275
0.005500996
0.005593655
0.005676875
0.005747734
0.005807227
0.005856601
0.00589743
0.005930496
0.005956481
0.005976455
0.005991551
0.006002008
0.006007338
0.006007407
0.006002417
0.005991976
0.005975106
0.005951131
0.005919628
0.005876132
0.005778812
0.004996586
0.004343888
0.004242282
0.003976748
0.003872556
0.003760949
0.003669464
0.006632767
0.005448949
0.00550103
0.005593616
0.005676831
0.005747689
0.00580718
0.005856553
0.005897381
0.00593045
0.00595647
0.005976406
0.005991493
0.006001947
0.006007274
0.00600734
0.006002348
0.005991905
0.005975032
0.005951053
0.00591954
0.005875956
0.005777942
0.004992451
0.004338304
0.004236506
0.003970889
0.003866098
0.003748994
0.00362587
0.006619077
0.005438967
0.005492162
0.00558529
0.00566896
0.005740244
0.005800133
0.005849875
0.005891051
0.00592452
0.00595161
0.005970896
0.005985982
0.005996494
0.00600184
0.006001874
0.005996808
0.005986254
0.005969235
0.005945087
0.005913362
0.00586952
0.00577122
0.004985423
0.004330929
0.004228743
0.003962706
0.003857398
0.003739221
0.003612787
0.006546902
0.005412946
0.005473989
0.005568704
0.005653292
0.005725404
0.005786068
0.005836521
0.005878452
0.005914207
0.005957838
0.005961403
0.005974981
0.005985522
0.005990912
0.005990894
0.005985694
0.005974927
0.005957623
0.005933145
0.00590102
0.005856778
0.005758631
0.004975522
0.004321813
0.004219077
0.003952282
0.003846143
0.003727078
0.003599635
0.005256702
0.005335927
0.005444078
0.005543602
0.005629663
0.005702973
0.005764752
0.005816259
0.005859954
0.005912585
0.006588612
0.005960973
0.005958814
0.005968743
0.005974183
0.005974102
0.005968716
0.005957645
0.005939935
0.005914976
0.005882338
0.005838094
0.005745507
0.004998526
0.0043645
0.004262943
0.00399603
0.003888767
0.003768531
0.00363996
0.005165704
0.005291685
0.005408338
0.005510128
0.005597794
0.005672607
0.005735803
0.005788577
0.005832631
0.005870213
0.005915369
0.005920099
0.005934516
0.005945595
0.005951199
0.005951055
0.005945435
0.005933975
0.005915747
0.005890192
0.005857059
0.00581513
0.005757737
0.005656825
0.005563865
0.005479336
0.005383849
0.005275998
0.005154419
0.005024239
0.00511306
0.005244242
0.005363514
0.005467348
0.005556961
0.005633645
0.005698603
0.005752994
0.005798423
0.005835578
0.00586573
0.005887367
0.005904135
0.005915718
0.00592152
0.005921326
0.005915431
0.005903483
0.005884622
0.005858301
0.005824274
0.005781899
0.005729555
0.005664199
0.005590324
0.005506359
0.00541017
0.005301101
0.005180349
0.005045837
0.005053115
0.005186619
0.005308265
0.005414472
0.005506421
0.005585356
0.005652439
0.005708788
0.005756003
0.00579463
0.005825245
0.005848734
0.00586638
0.005878452
0.005884494
0.005884256
0.005878039
0.005865522
0.005845901
0.005818645
0.005783459
0.00573977
0.005686529
0.005622731
0.005548412
0.005462633
0.005364893
0.005259277
0.005171776
0.005000305
0.00498222
0.005118065
0.005242304
0.005351165
0.005445743
0.005527217
0.005596691
0.005655247
0.005704489
0.005744919
0.005776972
0.005801666
0.005820204
0.005832848
0.005839175
0.005838908
0.005832329
0.005819178
0.005798695
0.005770368
0.005733849
0.005688568
0.00563358
0.005568075
0.005491705
0.005403789
0.00530627
0.0052336
0.006105371
0.004972678
0.004900113
0.005038467
0.005165479
0.005277168
0.005374548
0.005458738
0.005530784
0.005591724
0.005643173
0.00568557
0.005719233
0.005745215
0.005764734
0.005778031
0.005784676
0.005784392
0.005777429
0.0057636
0.005742181
0.00571269
0.005674721
0.00562769
0.005570739
0.005503139
0.005424449
0.005333874
0.005231085
0.005120285
0.005027602
0.004851278
0.004805696
0.004946701
0.005076678
0.005191414
0.005291827
0.005378959
0.005453799
0.005517334
0.005571203
0.005615747
0.005651179
0.00567858
0.005699193
0.00571323
0.005720227
0.005719935
0.005712561
0.005697996
0.005675547
0.00564477
0.005605201
0.005556241
0.005497123
0.005427209
0.005345987
0.005252662
0.005146467
0.005027101
0.00489606
0.00475192
0.004698319
0.004842122
0.004975208
0.00509315
0.005196763
0.005287016
0.005364825
0.005431123
0.005487588
0.005534424
0.005571763
0.005600679
0.005622476
0.00563732
0.005644713
0.005644416
0.005636613
0.005621261
0.005597707
0.005565549
0.005524262
0.005473227
0.005411775
0.005339383
0.00525546
0.005159255
0.005050001
0.004927018
0.004790299
0.004645973
0.004577453
0.004724126
0.004860388
0.004981621
0.005088539
0.005182025
0.005262928
0.005332106
0.005391281
0.005440521
0.005479861
0.005510366
0.005533414
0.005549121
0.005556958
0.005556654
0.005548414
0.005532236
0.005507525
0.005473924
0.005430835
0.00537762
0.005313721
0.005238738
0.005152002
0.005052812
0.004940461
0.004814308
0.004674338
0.004527352
0.004442683
0.004592189
0.004731579
0.004856101
0.004966346
0.005063114
0.005147169
0.005219307
0.005281255
0.005332978
0.005374376
0.005406509
0.005430847
0.005447454
0.005455776
0.005455463
0.005446782
0.005429758
0.005403867
0.005368797
0.005323865
0.005268415
0.005202014
0.005124384
0.005034786
0.004932575
0.004817108
0.004687818
0.004544778
0.004395006
0.004294214
0.004446362
0.004588594
0.004716282
0.004829741
0.004929774
0.005016966
0.005092135
0.005156887
0.005211242
0.005254745
0.00528851
0.005314144
0.005331663
0.005340488
0.005340178
0.005331055
0.005313188
0.005286126
0.005249605
0.005202839
0.00514516
0.005076276
0.004996006
0.004903577
0.004798392
0.004679873
0.004547534
0.004401538
0.004249102
0.00413941
0.004293572
0.004437352
0.00456787
0.004683865
0.004787057
0.00487701
0.004955427
0.005022997
0.005080863
0.005126505
0.00516182
0.005188668
0.005207052
0.005216375
0.005216089
0.005206529
0.005187877
0.005159725
0.005121863
0.005073391
0.005013632
0.004942432
0.004859702
0.004764644
0.004656739
0.004535426
0.004400308
0.004251644
0.00409686
)
;
    }
}


// ************************************************************************* //
