/*--------------------------------*- C++ -*----------------------------------*\
| =========                 |                                                 |
| \\      /  F ield         | OpenFOAM: The Open Source CFD Toolbox           |
|  \\    /   O peration     | Version:  2506                                  |
|   \\  /    A nd           | Website:  www.openfoam.com                      |
|    \\/     M anipulation  |                                                 |
\*---------------------------------------------------------------------------*/
FoamFile
{
    version     2.0;
    format      ascii;
    arch        "LSB;label=32;scalar=64";
    class       volScalarField;
    location    "2000/floor";
    object      T;
}
// * * * * * * * * * * * * * * * * * * * * * * * * * * * * * * * * * * * * * //

dimensions      [0 0 0 1 0 0 0];

internalField   nonuniform List<scalar> 
2700
(
301.2077
301.2088
301.21
301.2112
301.2122
301.2131
301.2139
301.2146
301.2151
301.2156
301.216
301.2164
301.2166
301.2168
301.2168
301.2168
301.2168
301.2166
301.2164
301.216
301.2156
301.2151
301.2145
301.2137
301.2129
301.212
301.2109
301.2097
301.2085
301.2074
301.2088
301.2099
301.2111
301.2122
301.2132
301.2141
301.2149
301.2155
301.2161
301.2166
301.217
301.2173
301.2175
301.2176
301.2177
301.2177
301.2176
301.2175
301.2172
301.2169
301.2165
301.216
301.2154
301.2147
301.2139
301.213
301.2119
301.2108
301.2096
301.2085
301.2101
301.2111
301.2123
301.2134
301.2144
301.2152
301.216
301.2166
301.2171
301.2176
301.218
301.2183
301.2185
301.2186
301.2187
301.2187
301.2186
301.2185
301.2182
301.2179
301.2175
301.2171
301.2165
301.2158
301.215
301.2141
301.2131
301.212
301.2108
301.2097
301.2112
301.2123
301.2134
301.2145
301.2154
301.2163
301.217
301.2176
301.2181
301.2185
301.2189
301.2192
301.2194
301.2195
301.2196
301.2196
301.2195
301.2194
301.2191
301.2188
301.2185
301.218
301.2174
301.2168
301.216
301.2152
301.2142
301.2131
301.2119
301.2108
301.2123
301.2133
301.2144
301.2155
301.2164
301.2172
301.2179
301.2184
301.2189
301.2194
301.2197
301.2199
301.2201
301.2203
301.2203
301.2203
301.2203
301.2201
301.2199
301.2196
301.2193
301.2188
301.2183
301.2177
301.2169
301.2161
301.2151
301.2141
301.2129
301.2119
301.2132
301.2142
301.2153
301.2163
301.2172
301.218
301.2186
301.2192
301.2197
301.2201
301.2204
301.2206
301.2208
301.2209
301.221
301.221
301.2209
301.2208
301.2206
301.2203
301.22
301.2196
301.219
301.2184
301.2177
301.2169
301.216
301.2149
301.2138
301.2128
301.214
301.215
301.2161
301.2171
301.2179
301.2187
301.2193
301.2198
301.2203
301.2207
301.221
301.2212
301.2214
301.2215
301.2215
301.2215
301.2215
301.2214
301.2212
301.2209
301.2206
301.2202
301.2197
301.2191
301.2184
301.2176
301.2167
301.2157
301.2146
301.2136
301.2147
301.2157
301.2168
301.2177
301.2185
301.2193
301.2199
301.2204
301.2208
301.2212
301.2215
301.2217
301.2219
301.222
301.222
301.222
301.222
301.2219
301.2217
301.2214
301.2211
301.2207
301.2202
301.2197
301.219
301.2182
301.2173
301.2163
301.2152
301.2143
301.2153
301.2163
301.2173
301.2183
301.2191
301.2198
301.2204
301.2209
301.2213
301.2216
301.2219
301.2221
301.2223
301.2224
301.2224
301.2224
301.2224
301.2223
301.2221
301.2218
301.2215
301.2212
301.2207
301.2201
301.2195
301.2187
301.2179
301.2169
301.2158
301.2149
301.2159
301.2168
301.2178
301.2187
301.2195
301.2202
301.2208
301.2212
301.2216
301.222
301.2222
301.2224
301.2226
301.2227
301.2227
301.2227
301.2227
301.2226
301.2224
301.2222
301.2219
301.2215
301.2211
301.2205
301.2199
301.2192
301.2183
301.2174
301.2163
301.2154
301.2167
301.2173
301.2182
301.2191
301.2199
301.2205
301.2211
301.2215
301.2219
301.2223
301.2225
301.2227
301.2228
301.2229
301.223
301.223
301.2229
301.2228
301.2227
301.2225
301.2222
301.2218
301.2214
301.2208
301.2202
301.2195
301.2186
301.2177
301.2167
301.2158
301.2196
301.218
301.2185
301.2194
301.2201
301.2208
301.2213
301.2218
301.2222
301.2225
301.2227
301.2229
301.223
301.2231
301.2232
301.2232
301.2231
301.2231
301.2229
301.2227
301.2224
301.222
301.2216
301.2209
301.2202
301.2194
301.2186
301.2177
301.2167
301.216
301.2191
301.2183
301.2188
301.2196
301.2203
301.221
301.2215
301.222
301.2223
301.2226
301.2229
301.2231
301.2232
301.2233
301.2233
301.2233
301.2233
301.2232
301.2231
301.2228
301.2226
301.2222
301.2214
301.2197
301.2183
301.2175
301.2167
301.2158
301.2151
301.2151
301.2252
301.2197
301.2191
301.2198
301.2205
301.2211
301.2216
301.2221
301.2224
301.2227
301.223
301.2232
301.2233
301.2234
301.2234
301.2234
301.2234
301.2233
301.2232
301.2229
301.2226
301.2221
301.2203
301.2152
301.2106
301.2092
301.2081
301.2074
301.2073
301.2094
301.2268
301.2202
301.2193
301.2198
301.2206
301.2212
301.2217
301.2221
301.2225
301.2228
301.223
301.2232
301.2233
301.2234
301.2235
301.2235
301.2234
301.2233
301.2232
301.223
301.2227
301.2221
301.2201
301.2138
301.2086
301.2071
301.206
301.2052
301.2044
301.2044
301.227
301.2202
301.2193
301.2198
301.2206
301.2212
301.2217
301.2221
301.2225
301.2228
301.223
301.2232
301.2233
301.2234
301.2235
301.2235
301.2234
301.2233
301.2232
301.223
301.2227
301.2221
301.22
301.2136
301.2083
301.2068
301.2057
301.2048
301.2038
301.2031
301.2267
301.2201
301.2192
301.2198
301.2205
301.2211
301.2216
301.2221
301.2224
301.2227
301.223
301.2232
301.2233
301.2234
301.2234
301.2234
301.2234
301.2233
301.2231
301.2229
301.2226
301.222
301.2199
301.2136
301.2083
301.2068
301.2056
301.2047
301.2037
301.2028
301.225
301.2196
301.219
301.2196
301.2203
301.221
301.2215
301.222
301.2223
301.2227
301.2234
301.2231
301.2232
301.2233
301.2233
301.2233
301.2233
301.2232
301.223
301.2228
301.2225
301.2219
301.2199
301.2137
301.2084
301.2069
301.2058
301.2049
301.2039
301.203
301.2184
301.2179
301.2186
301.2194
301.2201
301.2208
301.2213
301.2218
301.2222
301.223
301.2257
301.2234
301.2231
301.2231
301.2232
301.2232
301.2231
301.223
301.2229
301.2227
301.2224
301.2218
301.22
301.2148
301.2103
301.2089
301.2078
301.2068
301.2058
301.2049
301.2165
301.2173
301.2182
301.2191
301.2199
301.2205
301.2211
301.2215
301.2219
301.2223
301.223
301.2228
301.2228
301.2229
301.223
301.223
301.2229
301.2228
301.2227
301.2225
301.2222
301.2217
301.221
301.2192
301.2179
301.217
301.2162
301.2152
301.2142
301.2133
301.2159
301.2168
301.2178
301.2187
301.2195
301.2202
301.2207
301.2212
301.2216
301.222
301.2223
301.2224
301.2226
301.2227
301.2227
301.2227
301.2227
301.2226
301.2224
301.2222
301.2219
301.2215
301.221
301.2203
301.2196
301.2188
301.218
301.2171
301.2161
301.2151
301.2153
301.2163
301.2173
301.2183
301.2191
301.2198
301.2203
301.2208
301.2213
301.2216
301.2219
301.2221
301.2222
301.2223
301.2224
301.2224
301.2223
301.2222
301.2221
301.2218
301.2215
301.2211
301.2207
301.2201
301.2194
301.2187
301.2179
301.2172
301.217
301.2152
301.2147
301.2157
301.2167
301.2177
301.2185
301.2192
301.2199
301.2204
301.2208
301.2212
301.2214
301.2217
301.2218
301.2219
301.222
301.222
301.2219
301.2218
301.2217
301.2214
301.2211
301.2207
301.2202
301.2196
301.219
301.2182
301.2175
301.2175
301.2202
301.2156
301.214
301.215
301.2161
301.2171
301.2179
301.2186
301.2193
301.2198
301.2203
301.2206
301.2209
301.2212
301.2213
301.2215
301.2215
301.2215
301.2215
301.2213
301.2212
301.2209
301.2206
301.2202
301.2197
301.2191
301.2184
301.2176
301.2167
301.216
301.2158
301.2139
301.2132
301.2142
301.2153
301.2163
301.2172
301.2179
301.2186
301.2192
301.2196
301.22
301.2203
301.2206
301.2208
301.2209
301.221
301.221
301.2209
301.2208
301.2206
301.2203
301.22
301.2195
301.219
301.2184
301.2177
301.2169
301.216
301.2149
301.2139
301.2128
301.2122
301.2133
301.2144
301.2154
301.2164
301.2171
301.2178
301.2184
301.2189
301.2193
301.2197
301.2199
301.2201
301.2202
301.2203
301.2203
301.2202
301.2201
301.2199
301.2196
301.2193
301.2188
301.2183
301.2176
301.2169
301.2161
301.2151
301.214
301.2129
301.2118
301.2112
301.2122
301.2134
301.2145
301.2154
301.2162
301.2169
301.2175
301.2181
301.2185
301.2188
301.2191
301.2193
301.2195
301.2195
301.2195
301.2195
301.2193
301.2191
301.2188
301.2184
301.218
301.2174
301.2168
301.216
301.2151
301.2141
301.213
301.2119
301.2108
301.21
301.2111
301.2123
301.2134
301.2143
301.2152
301.2159
301.2166
301.2171
301.2176
301.2179
301.2182
301.2184
301.2186
301.2186
301.2186
301.2186
301.2184
301.2182
301.2179
301.2175
301.217
301.2164
301.2158
301.215
301.2141
301.2131
301.2119
301.2107
301.2097
301.2088
301.2099
301.2111
301.2122
301.2132
301.2141
301.2148
301.2155
301.216
301.2165
301.2169
301.2172
301.2174
301.2176
301.2177
301.2177
301.2176
301.2174
301.2172
301.2169
301.2165
301.216
301.2154
301.2147
301.2139
301.2129
301.2119
301.2108
301.2095
301.2084
301.2077
301.2088
301.21
301.2111
301.2121
301.213
301.2138
301.2145
301.2151
301.2156
301.216
301.2163
301.2165
301.2167
301.2168
301.2168
301.2167
301.2165
301.2163
301.216
301.2156
301.215
301.2144
301.2137
301.2129
301.2119
301.2109
301.2097
301.2084
301.2073
300.5672
300.5698
300.5726
300.5752
300.5775
300.5795
300.5813
300.5829
300.5842
300.5853
300.5862
300.5869
300.5875
300.5878
300.588
300.588
300.5878
300.5875
300.5869
300.5861
300.5852
300.584
300.5826
300.5809
300.5791
300.5769
300.5745
300.5718
300.569
300.5664
300.5698
300.5724
300.5751
300.5777
300.5799
300.5819
300.5836
300.5851
300.5864
300.5875
300.5884
300.5891
300.5896
300.5899
300.5901
300.5901
300.5899
300.5895
300.589
300.5883
300.5873
300.5862
300.5848
300.5832
300.5814
300.5793
300.5769
300.5743
300.5715
300.5689
300.5727
300.5752
300.5779
300.5804
300.5826
300.5845
300.5862
300.5876
300.5888
300.5899
300.5907
300.5913
300.5918
300.5922
300.5923
300.5923
300.5921
300.5918
300.5913
300.5906
300.5897
300.5886
300.5873
300.5857
300.5839
300.5819
300.5796
300.577
300.5743
300.5717
300.5753
300.5778
300.5805
300.5829
300.585
300.5869
300.5885
300.5898
300.591
300.592
300.5928
300.5934
300.5939
300.5942
300.5943
300.5943
300.5942
300.5938
300.5933
300.5927
300.5918
300.5907
300.5895
300.588
300.5863
300.5843
300.582
300.5795
300.5768
300.5743
300.5777
300.5801
300.5827
300.5851
300.5871
300.5889
300.5905
300.5918
300.5929
300.5939
300.5946
300.5952
300.5956
300.5959
300.5961
300.5961
300.5959
300.5956
300.5951
300.5945
300.5937
300.5926
300.5914
300.59
300.5883
300.5864
300.5842
300.5818
300.5791
300.5767
300.5799
300.5822
300.5847
300.587
300.589
300.5908
300.5922
300.5935
300.5946
300.5955
300.5962
300.5967
300.5971
300.5974
300.5976
300.5975
300.5974
300.5971
300.5967
300.596
300.5953
300.5943
300.5931
300.5917
300.5901
300.5882
300.5861
300.5837
300.5811
300.5788
300.5817
300.584
300.5865
300.5887
300.5907
300.5923
300.5938
300.595
300.596
300.5969
300.5975
300.598
300.5984
300.5987
300.5988
300.5988
300.5987
300.5984
300.598
300.5974
300.5966
300.5957
300.5946
300.5932
300.5916
300.5898
300.5878
300.5855
300.5829
300.5806
300.5833
300.5856
300.588
300.5902
300.5921
300.5937
300.5951
300.5962
300.5972
300.598
300.5987
300.5992
300.5995
300.5998
300.5999
300.5999
300.5998
300.5995
300.5991
300.5985
300.5978
300.5969
300.5958
300.5945
300.593
300.5912
300.5892
300.5869
300.5844
300.5822
300.5847
300.5869
300.5893
300.5914
300.5933
300.5948
300.5962
300.5973
300.5982
300.599
300.5996
300.6001
300.6004
300.6007
300.6008
300.6008
300.6007
300.6004
300.6
300.5995
300.5988
300.5979
300.5968
300.5956
300.5941
300.5924
300.5904
300.5882
300.5858
300.5835
300.586
300.5881
300.5904
300.5925
300.5943
300.5958
300.5971
300.5982
300.5991
300.5998
300.6004
300.6008
300.6012
300.6014
300.6015
300.6015
300.6014
300.6012
300.6008
300.6003
300.5996
300.5987
300.5977
300.5965
300.595
300.5934
300.5914
300.5893
300.5869
300.5847
300.5882
300.5892
300.5913
300.5933
300.5951
300.5966
300.5978
300.5989
300.5997
300.6005
300.601
300.6015
300.6018
300.602
300.6021
300.6021
300.602
300.6018
300.6014
300.6009
300.6002
300.5994
300.5984
300.5972
300.5957
300.5941
300.5922
300.5901
300.5877
300.5856
300.598
300.5911
300.5921
300.594
300.5957
300.5972
300.5984
300.5994
300.6003
300.601
300.6015
300.6019
300.6022
300.6025
300.6026
300.6026
300.6025
300.6022
300.6019
300.6014
300.6007
300.5999
300.5988
300.5974
300.5958
300.5941
300.5923
300.5902
300.5879
300.586
300.5932
300.5913
300.5926
300.5945
300.5962
300.5976
300.5988
300.5998
300.6007
300.6013
300.6019
300.6023
300.6026
300.6028
300.6029
300.6029
300.6028
300.6026
300.6022
300.6017
300.6011
300.6002
300.5986
300.5954
300.5922
300.5903
300.5884
300.5863
300.5845
300.5839
300.6086
300.5944
300.5933
300.5948
300.5965
300.5979
300.5991
300.6001
300.6009
300.6016
300.6021
300.6025
300.6028
300.603
300.6031
300.6031
300.603
300.6028
300.6025
300.602
300.6013
300.6002
300.5969
300.5871
300.5752
300.5719
300.5677
300.5658
300.565
300.5681
300.6119
300.5953
300.5936
300.595
300.5966
300.598
300.5992
300.6002
300.601
300.6017
300.6022
300.6026
300.6029
300.6031
300.6032
300.6032
300.6031
300.6029
300.6026
300.6021
300.6014
300.6002
300.5964
300.5849
300.5714
300.5678
300.5634
300.5613
300.5595
300.5589
300.6123
300.5954
300.5936
300.595
300.5966
300.598
300.5992
300.6002
300.601
300.6017
300.6022
300.6026
300.6029
300.6031
300.6032
300.6032
300.6031
300.6029
300.6026
300.6021
300.6014
300.6002
300.5963
300.5845
300.5708
300.5672
300.5628
300.5607
300.5584
300.5566
300.6117
300.5951
300.5934
300.5948
300.5965
300.5979
300.5991
300.6001
300.6009
300.6016
300.6022
300.6025
300.6028
300.603
300.6031
300.6031
300.603
300.6028
300.6025
300.602
300.6013
300.6001
300.5962
300.5843
300.5707
300.5671
300.5627
300.5605
300.5582
300.5561
300.6081
300.594
300.593
300.5945
300.5962
300.5976
300.5988
300.5998
300.6007
300.6016
300.6033
300.6025
300.6026
300.6028
300.6029
300.6029
300.6028
300.6026
300.6022
300.6017
300.601
300.5998
300.596
300.5844
300.5709
300.5673
300.5629
300.5607
300.5584
300.5563
300.5913
300.5905
300.5921
300.594
300.5957
300.5972
300.5984
300.5994
300.6004
300.6024
300.6109
300.6034
300.6024
300.6025
300.6026
300.6026
300.6024
300.6022
300.6019
300.6014
300.6007
300.5995
300.5962
300.5864
300.5745
300.5711
300.5669
300.5646
300.5623
300.5601
300.5873
300.5891
300.5913
300.5933
300.5951
300.5965
300.5978
300.5989
300.5998
300.6007
300.6025
300.6017
300.6018
300.602
300.6021
300.6021
300.602
300.6018
300.6014
300.6009
300.6002
300.5993
300.5977
300.5944
300.5912
300.5892
300.5872
300.5851
300.5827
300.5805
300.5859
300.5881
300.5904
300.5925
300.5942
300.5958
300.5971
300.5981
300.5991
300.5998
300.6005
300.6008
300.6012
300.6014
300.6015
300.6015
300.6014
300.6011
300.6008
300.6002
300.5996
300.5987
300.5976
300.596
300.5944
300.5927
300.5908
300.5887
300.5865
300.5841
300.5847
300.5869
300.5893
300.5914
300.5932
300.5948
300.5961
300.5973
300.5982
300.599
300.5996
300.6001
300.6004
300.6006
300.6008
300.6008
300.6006
300.6004
300.6
300.5994
300.5987
300.5979
300.5968
300.5955
300.594
300.5923
300.5904
300.5887
300.5882
300.5841
300.5833
300.5856
300.588
300.5901
300.592
300.5936
300.595
300.5962
300.5972
300.598
300.5986
300.5991
300.5995
300.5997
300.5999
300.5999
300.5997
300.5995
300.5991
300.5985
300.5978
300.5969
300.5958
300.5945
300.5929
300.5912
300.5895
300.5894
300.596
300.5849
300.5817
300.584
300.5865
300.5887
300.5906
300.5923
300.5937
300.5949
300.596
300.5968
300.5975
300.598
300.5984
300.5986
300.5988
300.5988
300.5986
300.5984
300.5979
300.5973
300.5966
300.5956
300.5945
300.5932
300.5916
300.5898
300.5878
300.586
300.5854
300.5812
300.5798
300.5822
300.5847
300.587
300.589
300.5907
300.5922
300.5935
300.5945
300.5954
300.5961
300.5967
300.5971
300.5974
300.5975
300.5975
300.5973
300.597
300.5966
300.596
300.5952
300.5942
300.593
300.5917
300.59
300.5882
300.5861
300.5838
300.5814
300.5788
300.5777
300.5801
300.5827
300.585
300.5871
300.5889
300.5904
300.5917
300.5929
300.5938
300.5945
300.5951
300.5955
300.5958
300.596
300.596
300.5958
300.5955
300.595
300.5944
300.5936
300.5926
300.5913
300.5899
300.5882
300.5863
300.5841
300.5817
300.5791
300.5766
300.5753
300.5777
300.5804
300.5828
300.5849
300.5868
300.5884
300.5898
300.5909
300.5919
300.5927
300.5933
300.5938
300.5941
300.5942
300.5942
300.5941
300.5937
300.5933
300.5926
300.5917
300.5907
300.5894
300.5879
300.5862
300.5842
300.582
300.5795
300.5767
300.5743
300.5726
300.5751
300.5778
300.5803
300.5825
300.5844
300.5861
300.5875
300.5888
300.5898
300.5906
300.5913
300.5917
300.5921
300.5922
300.5922
300.5921
300.5917
300.5912
300.5905
300.5896
300.5885
300.5872
300.5856
300.5838
300.5818
300.5795
300.577
300.5742
300.5717
300.5697
300.5723
300.5751
300.5776
300.5798
300.5818
300.5836
300.5851
300.5863
300.5874
300.5883
300.589
300.5895
300.5898
300.59
300.59
300.5898
300.5894
300.5889
300.5882
300.5872
300.5861
300.5847
300.5831
300.5813
300.5792
300.5769
300.5742
300.5714
300.5688
300.5671
300.5697
300.5725
300.5751
300.5774
300.5794
300.5812
300.5828
300.5841
300.5852
300.5861
300.5868
300.5874
300.5877
300.5879
300.5879
300.5877
300.5873
300.5868
300.586
300.5851
300.5839
300.5825
300.5808
300.579
300.5768
300.5744
300.5718
300.5689
300.5663
300.344
300.3502
300.3567
300.3626
300.3679
300.3725
300.3766
300.3801
300.3832
300.3857
300.3878
300.3894
300.3906
300.3914
300.3918
300.3918
300.3914
300.3905
300.3892
300.3875
300.3853
300.3826
300.3793
300.3756
300.3712
300.3663
300.3608
300.3547
300.348
300.3417
300.3503
300.3565
300.3628
300.3686
300.3738
300.3783
300.3823
300.3857
300.3886
300.391
300.393
300.3945
300.3957
300.3965
300.3969
300.3968
300.3964
300.3956
300.3943
300.3927
300.3905
300.3879
300.3848
300.3811
300.3769
300.3721
300.3667
300.3607
300.3541
300.3479
300.357
300.363
300.3692
300.3749
300.3799
300.3843
300.3881
300.3914
300.3942
300.3965
300.3984
300.3998
300.4009
300.4017
300.402
300.402
300.4016
300.4008
300.3996
300.398
300.396
300.3934
300.3904
300.3869
300.3828
300.3781
300.3729
300.367
300.3606
300.3544
300.3631
300.369
300.3751
300.3806
300.3854
300.3897
300.3933
300.3965
300.3991
300.4014
300.4032
300.4045
300.4056
300.4063
300.4066
300.4066
300.4062
300.4055
300.4043
300.4028
300.4008
300.3984
300.3955
300.392
300.3881
300.3836
300.3785
300.3727
300.3664
300.3604
300.3686
300.3743
300.3803
300.3856
300.3903
300.3944
300.398
300.401
300.4035
300.4056
300.4073
300.4086
300.4096
300.4103
300.4106
300.4106
300.4102
300.4095
300.4084
300.4069
300.405
300.4027
300.3999
300.3966
300.3928
300.3884
300.3834
300.3778
300.3717
300.3658
300.3734
300.3791
300.3849
300.3901
300.3946
300.3986
300.402
300.4049
300.4073
300.4093
300.4109
300.4122
300.4131
300.4137
300.414
300.414
300.4136
300.413
300.4119
300.4105
300.4087
300.4065
300.4038
300.4006
300.3969
300.3926
300.3878
300.3823
300.3763
300.3706
300.3777
300.3832
300.3889
300.394
300.3984
300.4022
300.4055
300.4082
300.4106
300.4125
300.414
300.4152
300.4161
300.4167
300.4169
300.4169
300.4166
300.4159
300.415
300.4136
300.4119
300.4097
300.4071
300.404
300.4004
300.3963
300.3916
300.3863
300.3804
300.3747
300.3814
300.3868
300.3924
300.3973
300.4016
300.4053
300.4085
300.4111
300.4134
300.4152
300.4166
300.4177
300.4186
300.4191
300.4194
300.4194
300.4191
300.4185
300.4175
300.4162
300.4145
300.4125
300.41
300.407
300.4035
300.3995
300.3949
300.3897
300.3839
300.3784
300.3846
300.3899
300.3954
300.4002
300.4044
300.4079
300.411
300.4136
300.4157
300.4174
300.4188
300.4199
300.4207
300.4212
300.4215
300.4214
300.4211
300.4206
300.4196
300.4184
300.4168
300.4148
300.4123
300.4095
300.4061
300.4022
300.3977
300.3926
300.3869
300.3815
300.3876
300.3926
300.3979
300.4026
300.4067
300.4101
300.4131
300.4156
300.4176
300.4193
300.4206
300.4216
300.4224
300.4229
300.4231
300.4231
300.4228
300.4223
300.4214
300.4202
300.4186
300.4167
300.4143
300.4115
300.4082
300.4044
300.4
300.395
300.3895
300.3841
300.3929
300.3951
300.3999
300.4045
300.4085
300.4119
300.4148
300.4172
300.4192
300.4208
300.4221
300.423
300.4238
300.4243
300.4245
300.4245
300.4242
300.4237
300.4228
300.4216
300.4201
300.4182
300.4159
300.4131
300.4099
300.4061
300.4018
300.3969
300.3915
300.3862
300.4269
300.3996
300.4017
300.4061
300.41
300.4133
300.4161
300.4184
300.4204
300.4219
300.4232
300.4241
300.4248
300.4253
300.4255
300.4255
300.4252
300.4247
300.4239
300.4227
300.4213
300.4194
300.417
300.4139
300.4103
300.4066
300.4024
300.3975
300.3922
300.3874
300.4026
300.3993
300.4029
300.4072
300.411
300.4143
300.4171
300.4193
300.4212
300.4228
300.424
300.4249
300.4256
300.4261
300.4263
300.4263
300.426
300.4255
300.4247
300.4236
300.4221
300.4201
300.417
300.4112
300.4045
300.4003
300.3955
300.3908
300.3861
300.3832
300.4445
300.4053
300.4042
300.408
300.4117
300.415
300.4177
300.42
300.4218
300.4233
300.4245
300.4254
300.4261
300.4266
300.4268
300.4268
300.4265
300.426
300.4252
300.4241
300.4226
300.4203
300.4146
300.3984
300.3728
300.3652
300.3437
300.3387
300.3357
300.3382
300.4508
300.4069
300.4048
300.4084
300.4121
300.4153
300.418
300.4203
300.4221
300.4236
300.4248
300.4257
300.4264
300.4268
300.427
300.427
300.4268
300.4263
300.4255
300.4244
300.4229
300.4204
300.4141
300.395
300.3663
300.3582
300.3361
300.3308
300.3262
300.3233
300.4514
300.407
300.4048
300.4084
300.4121
300.4153
300.418
300.4203
300.4221
300.4236
300.4248
300.4257
300.4264
300.4268
300.427
300.427
300.4268
300.4263
300.4255
300.4244
300.4229
300.4204
300.4139
300.3945
300.3654
300.3573
300.3352
300.3298
300.3246
300.3198
300.4504
300.4064
300.4044
300.408
300.4117
300.415
300.4177
300.4199
300.4218
300.4234
300.4248
300.4255
300.4261
300.4266
300.4268
300.4268
300.4265
300.426
300.4252
300.4241
300.4226
300.4201
300.4136
300.3942
300.3651
300.3569
300.3348
300.3294
300.324
300.3189
300.4434
300.4044
300.4034
300.4072
300.411
300.4143
300.417
300.4193
300.4213
300.4233
300.4272
300.4254
300.4256
300.4261
300.4263
300.4263
300.426
300.4255
300.4247
300.4235
300.422
300.4196
300.4131
300.3941
300.3653
300.3571
300.335
300.3295
300.3241
300.319
300.398
300.3977
300.4017
300.406
300.4099
300.4133
300.4161
300.4184
300.4206
300.4251
300.4451
300.4273
300.4251
300.4253
300.4255
300.4255
300.4252
300.4247
300.4239
300.4227
300.4212
300.4188
300.4131
300.3968
300.3711
300.3634
300.3418
300.3364
300.3309
300.3257
300.3902
300.3948
300.3999
300.4045
300.4085
300.4119
300.4147
300.4171
300.4192
300.4213
300.4252
300.4235
300.4238
300.4242
300.4245
300.4244
300.4242
300.4236
300.4228
300.4216
300.4201
300.418
300.4149
300.4089
300.4022
300.3978
300.3929
300.3879
300.3825
300.3772
300.3874
300.3925
300.3978
300.4026
300.4066
300.4101
300.413
300.4155
300.4176
300.4193
300.4208
300.4216
300.4223
300.4229
300.4231
300.4231
300.4228
300.4222
300.4213
300.4201
300.4186
300.4166
300.4141
300.4109
300.4072
300.4034
300.399
300.3941
300.3889
300.3832
300.3846
300.3899
300.3953
300.4001
300.4043
300.4079
300.4109
300.4135
300.4156
300.4174
300.4188
300.4198
300.4206
300.4211
300.4214
300.4214
300.4211
300.4205
300.4196
300.4183
300.4167
300.4147
300.4123
300.4093
300.4059
300.402
300.3977
300.3934
300.3912
300.3825
300.3814
300.3868
300.3923
300.3973
300.4015
300.4052
300.4084
300.4111
300.4133
300.4151
300.4166
300.4177
300.4185
300.4191
300.4193
300.4193
300.419
300.4184
300.4174
300.4161
300.4145
300.4124
300.4099
300.4069
300.4034
300.3994
300.3953
300.394
300.4067
300.3832
300.3776
300.3831
300.3888
300.3939
300.3983
300.4021
300.4054
300.4082
300.4105
300.4124
300.4139
300.4151
300.416
300.4166
300.4168
300.4168
300.4165
300.4158
300.4148
300.4135
300.4118
300.4096
300.407
300.4039
300.4003
300.3962
300.3916
300.3872
300.3847
300.3758
300.3733
300.379
300.3848
300.39
300.3945
300.3985
300.4019
300.4048
300.4072
300.4092
300.4108
300.412
300.413
300.4136
300.4139
300.4139
300.4135
300.4128
300.4118
300.4104
300.4086
300.4064
300.4037
300.4005
300.3968
300.3925
300.3877
300.3824
300.3767
300.3706
300.3685
300.3742
300.3802
300.3855
300.3902
300.3943
300.3978
300.4008
300.4034
300.4055
300.4072
300.4085
300.4095
300.4101
300.4104
300.4104
300.4101
300.4093
300.4083
300.4068
300.4049
300.4026
300.3998
300.3965
300.3926
300.3883
300.3833
300.3777
300.3716
300.3657
300.363
300.3688
300.3749
300.3804
300.3853
300.3895
300.3932
300.3963
300.399
300.4012
300.403
300.4044
300.4054
300.4061
300.4064
300.4064
300.406
300.4053
300.4041
300.4026
300.4006
300.3982
300.3953
300.3919
300.3879
300.3834
300.3783
300.3726
300.3663
300.3603
300.3568
300.3628
300.3691
300.3747
300.3797
300.3841
300.3879
300.3912
300.394
300.3963
300.3982
300.3996
300.4007
300.4015
300.4018
300.4018
300.4014
300.4006
300.3994
300.3978
300.3958
300.3932
300.3902
300.3867
300.3826
300.378
300.3727
300.3668
300.3604
300.3543
300.3502
300.3563
300.3627
300.3684
300.3736
300.3781
300.3821
300.3855
300.3884
300.3909
300.3928
300.3943
300.3955
300.3963
300.3967
300.3966
300.3962
300.3954
300.3941
300.3925
300.3903
300.3877
300.3846
300.3809
300.3767
300.3719
300.3665
300.3605
300.354
300.3478
300.3439
300.3501
300.3565
300.3624
300.3677
300.3724
300.3764
300.3799
300.383
300.3855
300.3876
300.3892
300.3904
300.3912
300.3916
300.3916
300.3911
300.3903
300.389
300.3873
300.3851
300.3823
300.3791
300.3754
300.371
300.3661
300.3606
300.3545
300.3479
300.3416
)
;

boundaryField
{
    fmaxY
    {
        type            zeroGradient;
    }
    fminX
    {
        type            zeroGradient;
    }
    fmaxX
    {
        type            zeroGradient;
    }
    fminY
    {
        type            zeroGradient;
    }
    fminZ
    {
        type            externalWallHeatFluxTemperature;
        mode            coefficient;
        kappaMethod     solidThermo;
        kappa           none;
        h               constant 1000000;
        Ta              uniform 313;
        thicknessLayers List<scalar> 2(1 2);
        kappaLayers     List<scalar> 2(100 200);
        qr              none;
        refValue        uniform 313;
        refGradient     uniform 0;
        valueFraction   nonuniform List<scalar> 
900
(
0.04950261
0.04950261
0.04950261
0.04950261
0.04950261
0.04950261
0.04950261
0.04950261
0.04950261
0.04950261
0.04950261
0.04950261
0.04950261
0.04950261
0.04950261
0.04950261
0.04950261
0.04950261
0.04950261
0.04950261
0.04950261
0.04950261
0.04950261
0.04950261
0.04950261
0.04950261
0.04950261
0.04950261
0.04950261
0.04950261
0.04950261
0.04950261
0.04950261
0.04950261
0.04950261
0.04950261
0.04950261
0.04950261
0.04950261
0.04950261
0.04950261
0.04950261
0.04950261
0.04950261
0.04950261
0.04950261
0.04950261
0.04950261
0.04950261
0.04950261
0.04950261
0.04950261
0.04950261
0.04950261
0.04950261
0.04950261
0.04950261
0.04950261
0.04950261
0.04950261
0.04950261
0.04950261
0.04950261
0.04950261
0.04950261
0.04950261
0.04950261
0.04950261
0.04950261
0.04950261
0.04950261
0.04950261
0.04950261
0.04950261
0.04950261
0.04950261
0.04950261
0.04950261
0.04950261
0.04950261
0.04950261
0.04950261
0.04950261
0.04950261
0.04950261
0.04950261
0.04950261
0.04950261
0.04950261
0.04950261
0.04950261
0.04950261
0.04950261
0.04950261
0.04950261
0.04950261
0.04950261
0.04950261
0.04950261
0.04950261
0.04950261
0.04950261
0.04950261
0.04950261
0.04950261
0.04950261
0.04950261
0.04950261
0.04950261
0.04950261
0.04950261
0.04950261
0.04950261
0.04950261
0.04950261
0.04950261
0.04950261
0.04950261
0.04950261
0.04950261
0.04950261
0.04950261
0.04950261
0.04950261
0.04950261
0.04950261
0.04950261
0.04950261
0.04950261
0.04950261
0.04950261
0.04950261
0.04950261
0.04950261
0.04950261
0.04950261
0.04950261
0.04950261
0.04950261
0.04950261
0.04950261
0.04950261
0.04950261
0.04950261
0.04950261
0.04950261
0.04950261
0.04950261
0.04950261
0.04950261
0.04950261
0.04950261
0.04950261
0.04950261
0.04950261
0.04950261
0.04950261
0.04950261
0.04950261
0.04950261
0.04950261
0.04950261
0.04950261
0.04950261
0.04950261
0.04950261
0.04950261
0.04950261
0.04950261
0.04950261
0.04950261
0.04950261
0.04950261
0.04950261
0.04950261
0.04950261
0.04950261
0.04950261
0.04950261
0.04950261
0.04950261
0.04950261
0.04950261
0.04950261
0.04950261
0.04950261
0.04950261
0.04950261
0.04950261
0.04950261
0.04950261
0.04950261
0.04950261
0.04950261
0.04950261
0.04950261
0.04950261
0.04950261
0.04950261
0.04950261
0.04950261
0.04950261
0.04950261
0.04950261
0.04950261
0.04950261
0.04950261
0.04950261
0.04950261
0.04950261
0.04950261
0.04950261
0.04950261
0.04950261
0.04950261
0.04950261
0.04950261
0.04950261
0.04950261
0.04950261
0.04950261
0.04950261
0.04950261
0.04950261
0.04950261
0.04950261
0.04950261
0.04950261
0.04950261
0.04950261
0.04950261
0.04950261
0.04950261
0.04950261
0.04950261
0.04950261
0.04950261
0.04950261
0.04950261
0.04950261
0.04950261
0.04950261
0.04950261
0.04950261
0.04950261
0.04950261
0.04950261
0.04950261
0.04950261
0.04950261
0.04950261
0.04950261
0.04950261
0.04950261
0.04950261
0.04950261
0.04950261
0.04950261
0.04950261
0.04950261
0.04950261
0.04950261
0.04950261
0.04950261
0.04950261
0.04950261
0.04950261
0.04950261
0.04950261
0.04950261
0.04950261
0.04950261
0.04950261
0.04950261
0.04950261
0.04950261
0.04950261
0.04950261
0.04950261
0.04950261
0.04950261
0.04950261
0.04950261
0.04950261
0.04950261
0.04950261
0.04950261
0.04950261
0.04950261
0.04950261
0.04950261
0.04950261
0.04950261
0.04950261
0.04950261
0.04950261
0.04950261
0.04950261
0.04950261
0.04950261
0.04950261
0.04950261
0.04950261
0.04950261
0.04950261
0.04950261
0.04950261
0.04950261
0.04950261
0.04950261
0.04950261
0.04950261
0.04950261
0.04950261
0.04950261
0.04950261
0.04950261
0.04950261
0.04950261
0.04950261
0.04950261
0.04950261
0.04950261
0.04950261
0.04950261
0.04950261
0.04950261
0.04950261
0.04950261
0.04950261
0.04950261
0.04950261
0.04950261
0.04950261
0.04950261
0.04950261
0.04950261
0.04950261
0.04950261
0.04950261
0.04950261
0.04950261
0.04950261
0.04950261
0.04950261
0.04950261
0.04950261
0.04950261
0.04950261
0.04950261
0.04950261
0.04950261
0.04950261
0.04950261
0.04950261
0.04950261
0.04950261
0.04950261
0.04950261
0.04950261
0.04950261
0.04950261
0.04950261
0.04950261
0.04950261
0.04950261
0.04950261
0.04950261
0.04950261
0.04950261
0.04950261
0.04950261
0.04950261
0.04950261
0.04950261
0.04950261
0.04950261
0.04950261
0.04950261
0.04950261
0.04950261
0.04950261
0.04950261
0.04950261
0.04950261
0.04950261
0.04950261
0.04950261
0.04950261
0.04950261
0.04950261
0.04950261
0.04950261
0.04950261
0.04950261
0.04950261
0.04950261
0.04950261
0.04950261
0.04950261
0.04950261
0.04950261
0.04950261
0.04950261
0.04950261
0.04950261
0.04950261
0.04950261
0.04950261
0.04950261
0.04950261
0.04950261
0.04950261
0.04950261
0.04950261
0.04950261
0.04950261
0.04950261
0.04950261
0.04950261
0.04950261
0.04950261
0.04950261
0.04950261
0.04950261
0.04950261
0.04950261
0.04950261
0.04950261
0.04950261
0.04950261
0.04950261
0.04950261
0.04950261
0.04950261
0.04950261
0.04950261
0.04950261
0.04950261
0.04950261
0.04950261
0.04950261
0.04950261
0.04950261
0.04950261
0.04950261
0.04950261
0.04950261
0.04950261
0.04950261
0.04950261
0.04950261
0.04950261
0.04950261
0.04950261
0.04950261
0.04950261
0.04950261
0.04950261
0.04950261
0.04950261
0.04950261
0.04950261
0.04950261
0.04950261
0.04950261
0.04950261
0.04950261
0.04950261
0.04950261
0.04950261
0.04950261
0.04950261
0.04950261
0.04950261
0.04950261
0.04950261
0.04950261
0.04950261
0.04950261
0.04950261
0.04950261
0.04950261
0.04950261
0.04950261
0.04950261
0.04950261
0.04950261
0.04950261
0.04950261
0.04950261
0.04950261
0.04950261
0.04950261
0.04950261
0.04950261
0.04950261
0.04950261
0.04950261
0.04950261
0.04950261
0.04950261
0.04950261
0.04950261
0.04950261
0.04950261
0.04950261
0.04950261
0.04950261
0.04950261
0.04950261
0.04950261
0.04950261
0.04950261
0.04950261
0.04950261
0.04950261
0.04950261
0.04950261
0.04950261
0.04950261
0.04950261
0.04950261
0.04950261
0.04950261
0.04950261
0.04950261
0.04950261
0.04950261
0.04950261
0.04950261
0.04950261
0.04950261
0.04950261
0.04950261
0.04950261
0.04950261
0.04950261
0.04950261
0.04950261
0.04950261
0.04950261
0.04950261
0.04950261
0.04950261
0.04950261
0.04950261
0.04950261
0.04950261
0.04950261
0.04950261
0.04950261
0.04950261
0.04950261
0.04950261
0.04950261
0.04950261
0.04950261
0.04950261
0.04950261
0.04950261
0.04950261
0.04950261
0.04950261
0.04950261
0.04950261
0.04950261
0.04950261
0.04950261
0.04950261
0.04950261
0.04950261
0.04950261
0.04950261
0.04950261
0.04950261
0.04950261
0.04950261
0.04950261
0.04950261
0.04950261
0.04950261
0.04950261
0.04950261
0.04950261
0.04950261
0.04950261
0.04950261
0.04950261
0.04950261
0.04950261
0.04950261
0.04950261
0.04950261
0.04950261
0.04950261
0.04950261
0.04950261
0.04950261
0.04950261
0.04950261
0.04950261
0.04950261
0.04950261
0.04950261
0.04950261
0.04950261
0.04950261
0.04950261
0.04950261
0.04950261
0.04950261
0.04950261
0.04950261
0.04950261
0.04950261
0.04950261
0.04950261
0.04950261
0.04950261
0.04950261
0.04950261
0.04950261
0.04950261
0.04950261
0.04950261
0.04950261
0.04950261
0.04950261
0.04950261
0.04950261
0.04950261
0.04950261
0.04950261
0.04950261
0.04950261
0.04950261
0.04950261
0.04950261
0.04950261
0.04950261
0.04950261
0.04950261
0.04950261
0.04950261
0.04950261
0.04950261
0.04950261
0.04950261
0.04950261
0.04950261
0.04950261
0.04950261
0.04950261
0.04950261
0.04950261
0.04950261
0.04950261
0.04950261
0.04950261
0.04950261
0.04950261
0.04950261
0.04950261
0.04950261
0.04950261
0.04950261
0.04950261
0.04950261
0.04950261
0.04950261
0.04950261
0.04950261
0.04950261
0.04950261
0.04950261
0.04950261
0.04950261
0.04950261
0.04950261
0.04950261
0.04950261
0.04950261
0.04950261
0.04950261
0.04950261
0.04950261
0.04950261
0.04950261
0.04950261
0.04950261
0.04950261
0.04950261
0.04950261
0.04950261
0.04950261
0.04950261
0.04950261
0.04950261
0.04950261
0.04950261
0.04950261
0.04950261
0.04950261
0.04950261
0.04950261
0.04950261
0.04950261
0.04950261
0.04950261
0.04950261
0.04950261
0.04950261
0.04950261
0.04950261
0.04950261
0.04950261
0.04950261
0.04950261
0.04950261
0.04950261
0.04950261
0.04950261
0.04950261
0.04950261
0.04950261
0.04950261
0.04950261
0.04950261
0.04950261
0.04950261
0.04950261
0.04950261
0.04950261
0.04950261
0.04950261
0.04950261
0.04950261
0.04950261
0.04950261
0.04950261
0.04950261
0.04950261
0.04950261
0.04950261
0.04950261
0.04950261
0.04950261
0.04950261
0.04950261
0.04950261
0.04950261
0.04950261
0.04950261
0.04950261
0.04950261
0.04950261
0.04950261
0.04950261
0.04950261
0.04950261
0.04950261
0.04950261
0.04950261
0.04950261
0.04950261
0.04950261
0.04950261
0.04950261
0.04950261
0.04950261
0.04950261
0.04950261
0.04950261
0.04950261
0.04950261
0.04950261
0.04950261
0.04950261
0.04950261
0.04950261
0.04950261
0.04950261
0.04950261
0.04950261
0.04950261
0.04950261
0.04950261
0.04950261
0.04950261
0.04950261
0.04950261
0.04950261
0.04950261
0.04950261
0.04950261
0.04950261
0.04950261
0.04950261
0.04950261
0.04950261
0.04950261
0.04950261
0.04950261
0.04950261
0.04950261
0.04950261
0.04950261
0.04950261
0.04950261
0.04950261
0.04950261
0.04950261
0.04950261
0.04950261
0.04950261
0.04950261
0.04950261
0.04950261
0.04950261
0.04950261
0.04950261
0.04950261
0.04950261
0.04950261
0.04950261
0.04950261
0.04950261
0.04950261
0.04950261
0.04950261
0.04950261
0.04950261
0.04950261
0.04950261
0.04950261
0.04950261
0.04950261
0.04950261
0.04950261
0.04950261
0.04950261
0.04950261
0.04950261
0.04950261
0.04950261
0.04950261
0.04950261
0.04950261
0.04950261
0.04950261
0.04950261
0.04950261
0.04950261
0.04950261
0.04950261
0.04950261
0.04950261
0.04950261
0.04950261
0.04950261
0.04950261
0.04950261
0.04950261
0.04950261
0.04950261
0.04950261
0.04950261
0.04950261
0.04950261
0.04950261
0.04950261
0.04950261
0.04950261
0.04950261
0.04950261
0.04950261
0.04950261
0.04950261
0.04950261
0.04950261
0.04950261
0.04950261
0.04950261
0.04950261
0.04950261
0.04950261
0.04950261
0.04950261
0.04950261
0.04950261
0.04950261
0.04950261
0.04950261
0.04950261
0.04950261
0.04950261
0.04950261
0.04950261
0.04950261
)
;
        value           nonuniform List<scalar> 
900
(
301.7915
301.7925
301.7937
301.7948
301.7958
301.7967
301.7975
301.7981
301.7987
301.7992
301.8
301.8027
301.8022
301.8081
301.8096
301.8098
301.8095
301.8079
301.8016
301.7998
301.7992
301.7987
301.7981
301.7974
301.7967
301.7958
301.7948
301.7937
301.7925
301.7914
301.7925
301.7935
301.7947
301.7958
301.7968
301.7976
301.7984
301.7991
301.7996
301.8001
301.8005
301.8012
301.8015
301.8029
301.8033
301.8034
301.8032
301.8027
301.8012
301.8005
301.8001
301.7996
301.799
301.7984
301.7976
301.7967
301.7958
301.7947
301.7935
301.7925
301.7937
301.7947
301.7958
301.7969
301.7979
301.7987
301.7994
301.8001
301.8006
301.8011
301.8014
301.8018
301.802
301.8023
301.8024
301.8024
301.8024
301.8022
301.8018
301.8014
301.8011
301.8006
301.8
301.7994
301.7987
301.7978
301.7969
301.7958
301.7947
301.7936
301.7947
301.7957
301.7969
301.7979
301.7988
301.7996
301.8004
301.801
301.8015
301.8019
301.8023
301.8026
301.8028
301.8029
301.803
301.803
301.8029
301.8028
301.8026
301.8023
301.8019
301.8015
301.801
301.8003
301.7996
301.7988
301.7979
301.7968
301.7957
301.7947
301.7957
301.7967
301.7978
301.7988
301.7997
301.8005
301.8012
301.8018
301.8023
301.8027
301.803
301.8033
301.8035
301.8036
301.8037
301.8037
301.8036
301.8035
301.8033
301.803
301.8027
301.8022
301.8017
301.8012
301.8005
301.7997
301.7988
301.7978
301.7967
301.7957
301.7966
301.7975
301.7986
301.7996
301.8005
301.8012
301.8019
301.8024
301.8029
301.8033
301.8036
301.8039
301.8041
301.8042
301.8043
301.8043
301.8042
301.8041
301.8039
301.8036
301.8033
301.8029
301.8024
301.8019
301.8012
301.8004
301.7996
301.7986
301.7975
301.7965
301.7973
301.7983
301.7993
301.8003
301.8011
301.8018
301.8025
301.803
301.8035
301.8039
301.8042
301.8044
301.8046
301.8047
301.8048
301.8048
301.8047
301.8046
301.8044
301.8042
301.8039
301.8035
301.803
301.8025
301.8018
301.8011
301.8002
301.7993
301.7982
301.7973
301.798
301.7989
301.7999
301.8008
301.8017
301.8024
301.803
301.8035
301.804
301.8043
301.8046
301.8048
301.805
301.8051
301.8052
301.8052
301.8051
301.805
301.8048
301.8046
301.8043
301.8039
301.8035
301.803
301.8023
301.8016
301.8008
301.7999
301.7988
301.7979
301.7985
301.7994
301.8004
301.8013
301.8021
301.8028
301.8034
301.8039
301.8044
301.8047
301.805
301.8052
301.8054
301.8055
301.8055
301.8055
301.8055
301.8054
301.8052
301.805
301.8047
301.8043
301.8039
301.8034
301.8028
301.8021
301.8013
301.8004
301.7994
301.7985
301.799
301.7999
301.8009
301.8017
301.8025
301.8032
301.8038
301.8043
301.8047
301.805
301.8053
301.8055
301.8056
301.8057
301.8058
301.8058
301.8057
301.8057
301.806
301.8054
301.805
301.8047
301.8042
301.8038
301.8032
301.8025
301.8017
301.8008
301.7998
301.799
301.7994
301.8002
301.8012
301.8021
301.8028
301.8035
301.8041
301.8045
301.8049
301.8053
301.8055
301.8057
301.8059
301.806
301.806
301.806
301.806
301.8063
301.8085
301.806
301.8053
301.8049
301.8045
301.804
301.8035
301.8028
301.802
301.8012
301.8002
301.7993
301.7997
301.8005
301.8015
301.8023
301.8031
301.8037
301.8043
301.8047
301.8051
301.8054
301.8057
301.8059
301.806
301.8061
301.8062
301.8062
301.8061
301.8061
301.8064
301.8058
301.8054
301.8051
301.8047
301.8043
301.8037
301.8031
301.8023
301.8014
301.8005
301.7996
301.7999
301.8008
301.8017
301.8025
301.8033
301.8039
301.8044
301.8049
301.8053
301.8056
301.8058
301.806
301.8062
301.8063
301.8063
301.8063
301.8063
301.8062
301.8061
301.8058
301.8056
301.8053
301.8049
301.8044
301.8039
301.8032
301.8025
301.8016
301.8007
301.7999
301.8001
301.8009
301.8018
301.8027
301.8034
301.804
301.8046
301.805
301.8054
301.8057
301.8059
301.8061
301.8063
301.8064
301.8064
301.8064
301.8064
301.8063
301.8061
301.8059
301.8057
301.8054
301.805
301.8045
301.804
301.8034
301.8026
301.8018
301.8009
301.8
301.8001
301.801
301.8019
301.8027
301.8035
301.8041
301.8046
301.8051
301.8054
301.8057
301.806
301.8062
301.8063
301.8064
301.8064
301.8064
301.8064
301.8063
301.8062
301.806
301.8057
301.8054
301.805
301.8046
301.8041
301.8034
301.8027
301.8019
301.8009
301.8001
301.8001
301.801
301.8019
301.8027
301.8035
301.8041
301.8046
301.8051
301.8054
301.8057
301.806
301.8062
301.8063
301.8064
301.8064
301.8064
301.8064
301.8063
301.8062
301.806
301.8057
301.8054
301.805
301.8046
301.8041
301.8034
301.8027
301.8019
301.8009
301.8001
301.8001
301.8009
301.8018
301.8027
301.8034
301.804
301.8046
301.805
301.8054
301.8057
301.8059
301.8061
301.8063
301.8064
301.8064
301.8064
301.8064
301.8063
301.8061
301.8059
301.8057
301.8054
301.805
301.8045
301.804
301.8034
301.8026
301.8018
301.8009
301.8
301.7999
301.8007
301.8017
301.8025
301.8033
301.8039
301.8044
301.8049
301.8053
301.8056
301.8058
301.806
301.8062
301.8063
301.8063
301.8063
301.8063
301.8062
301.806
301.8058
301.8056
301.8053
301.8049
301.8044
301.8039
301.8032
301.8025
301.8016
301.8007
301.7999
301.7997
301.8005
301.8015
301.8023
301.8031
301.8037
301.8043
301.8047
301.8051
301.8054
301.8057
301.8059
301.806
301.8061
301.8062
301.8062
301.8061
301.806
301.8059
301.8057
301.8054
301.8051
301.8047
301.8042
301.8037
301.803
301.8023
301.8014
301.8005
301.7996
301.7994
301.8002
301.8012
301.802
301.8028
301.8035
301.804
301.8045
301.8049
301.8052
301.8055
301.8057
301.8058
301.8059
301.806
301.806
301.8059
301.8058
301.8057
301.8055
301.8052
301.8049
301.8045
301.804
301.8034
301.8028
301.802
301.8011
301.8002
301.7993
301.799
301.7998
301.8008
301.8017
301.8025
301.8031
301.8037
301.8042
301.8046
301.8049
301.8052
301.8054
301.8056
301.8057
301.8057
301.8057
301.8056
301.8055
301.8054
301.8052
301.8049
301.8046
301.8042
301.8037
301.8031
301.8024
301.8017
301.8008
301.7998
301.7989
301.7985
301.7994
301.8003
301.8012
301.802
301.8027
301.8033
301.8038
301.8042
301.8046
301.8049
301.8051
301.8052
301.8051
301.8051
301.8051
301.8051
301.805
301.8049
301.8048
301.8046
301.8042
301.8038
301.8033
301.8027
301.802
301.8012
301.8003
301.7993
301.7984
301.7979
301.7988
301.7998
301.8007
301.8015
301.8022
301.8028
301.8034
301.8038
301.8042
301.8044
301.8046
301.8045
301.8035
301.8032
301.8031
301.8031
301.803
301.8032
301.804
301.8041
301.8038
301.8033
301.8028
301.8022
301.8015
301.8007
301.7998
301.7987
301.7978
301.7972
301.7981
301.7991
301.8001
301.8009
301.8016
301.8023
301.8028
301.8033
301.8036
301.8039
301.804
301.8028
301.7985
301.7973
301.7971
301.797
301.7971
301.7982
301.8024
301.8034
301.8032
301.8028
301.8023
301.8016
301.8009
301.8001
301.7991
301.7981
301.7972
301.7964
301.7973
301.7984
301.7994
301.8002
301.801
301.8016
301.8022
301.8027
301.803
301.8033
301.8033
301.8015
301.7942
301.7923
301.792
301.792
301.7921
301.7939
301.8011
301.8027
301.8026
301.8022
301.8016
301.8009
301.8002
301.7993
301.7984
301.7973
301.7964
301.7955
301.7965
301.7976
301.7985
301.7994
301.8002
301.8009
301.8014
301.8019
301.8023
301.8026
301.8026
301.8008
301.7929
301.7909
301.7906
301.7906
301.7907
301.7926
301.8003
301.802
301.8019
301.8014
301.8009
301.8002
301.7994
301.7985
301.7975
301.7964
301.7955
301.7945
301.7955
301.7966
301.7976
301.7985
301.7993
301.8
301.8006
301.8011
301.8015
301.8019
301.8018
301.8
301.7919
301.7899
301.7896
301.7895
301.7897
301.7915
301.7995
301.8012
301.8011
301.8007
301.8
301.7993
301.7985
301.7976
301.7966
301.7954
301.7945
301.7934
301.7944
301.7955
301.7966
301.7975
301.7983
301.799
301.7997
301.8002
301.8006
301.801
301.801
301.7991
301.7911
301.789
301.7887
301.7886
301.7888
301.7906
301.7986
301.8003
301.8005
301.8008
301.7993
301.7983
301.7975
301.7965
301.7955
301.7944
301.7934
301.7922
301.7932
301.7944
301.7954
301.7964
301.7972
301.798
301.7986
301.7992
301.7996
301.8
301.8
301.7984
301.7911
301.7883
301.7878
301.7877
301.7878
301.7896
301.7976
301.7995
301.8003
301.8033
301.7991
301.7974
301.7964
301.7954
301.7943
301.7932
301.7922
301.7911
301.7922
301.7933
301.7944
301.7954
301.7963
301.797
301.7977
301.7983
301.7987
301.7991
301.7993
301.7984
301.793
301.7883
301.7871
301.7868
301.7869
301.7888
301.7967
301.7985
301.7986
301.799
301.7974
301.7963
301.7954
301.7944
301.7933
301.7921
301.7911
)
;
    }
    floor_to_air
    {
        type            compressible::turbulentTemperatureRadCoupledMixed;
        refValue        nonuniform List<scalar> 
900
(
300.1163
300.1169
300.1178
300.1188
300.1199
300.121
300.1221
300.1232
300.1243
300.1254
300.1264
300.1273
300.128
300.1286
300.129
300.1291
300.1291
300.1289
300.1285
300.128
300.1272
300.1264
300.1255
300.1245
300.1235
300.1225
300.1215
300.1206
300.1197
300.119
300.1169
300.1176
300.1186
300.1196
300.1206
300.1217
300.1229
300.124
300.1252
300.1263
300.1273
300.1282
300.129
300.1296
300.13
300.1302
300.1302
300.1299
300.1295
300.1289
300.1282
300.1273
300.1264
300.1254
300.1243
300.1233
300.1223
300.1213
300.1204
300.1197
300.1178
300.1185
300.1195
300.1205
300.1216
300.1228
300.1239
300.1251
300.1263
300.1275
300.1286
300.1295
300.1304
300.131
300.1314
300.1316
300.1316
300.1313
300.1309
300.1302
300.1294
300.1285
300.1275
300.1265
300.1254
300.1243
300.1233
300.1223
300.1213
300.1206
300.1188
300.1195
300.1205
300.1215
300.1227
300.1239
300.1251
300.1264
300.1277
300.1289
300.1301
300.1311
300.132
300.1327
300.1331
300.1334
300.1333
300.133
300.1325
300.1318
300.1309
300.1299
300.1288
300.1277
300.1266
300.1254
300.1243
300.1233
300.1224
300.1216
300.1198
300.1206
300.1215
300.1226
300.1238
300.1251
300.1264
300.1278
300.1292
300.1305
300.1318
300.1329
300.1339
300.1347
300.1352
300.1354
300.1353
300.135
300.1344
300.1336
300.1326
300.1315
300.1303
300.1291
300.1278
300.1266
300.1255
300.1244
300.1234
300.1226
300.1208
300.1216
300.1226
300.1238
300.125
300.1264
300.1278
300.1293
300.1308
300.1323
300.1337
300.135
300.1361
300.1369
300.1375
300.1377
300.1376
300.1372
300.1365
300.1356
300.1345
300.1332
300.1319
300.1305
300.1292
300.1279
300.1267
300.1256
300.1245
300.1237
300.1219
300.1227
300.1238
300.125
300.1263
300.1277
300.1292
300.1309
300.1326
300.1342
300.1358
300.1373
300.1385
300.1395
300.1401
300.1404
300.1403
300.1398
300.1389
300.1378
300.1365
300.1351
300.1336
300.1321
300.1307
300.1293
300.1279
300.1267
300.1257
300.1248
300.1229
300.1238
300.1249
300.1261
300.1275
300.1291
300.1308
300.1325
300.1344
300.1363
300.1381
300.1398
300.1412
300.1423
300.1431
300.1434
300.1432
300.1426
300.1416
300.1403
300.1388
300.1371
300.1354
300.1338
300.1321
300.1306
300.1292
300.1279
300.1268
300.1259
300.1239
300.1248
300.126
300.1273
300.1288
300.1305
300.1323
300.1343
300.1364
300.1385
300.1406
300.1425
300.1442
300.1455
300.1464
300.1467
300.1465
300.1457
300.1445
300.1429
300.1411
300.1392
300.1373
300.1354
300.1336
300.132
300.1304
300.129
300.1278
300.1269
300.1249
300.1258
300.127
300.1284
300.13
300.1318
300.1338
300.136
300.1383
300.1407
300.1431
300.1453
300.1472
300.1488
300.1497
300.1501
300.1498
300.1489
300.1475
300.1457
300.1436
300.1414
300.1392
300.1371
300.1351
300.1332
300.1316
300.1301
300.1288
300.1279
300.126
300.1267
300.1279
300.1294
300.1311
300.133
300.1352
300.1376
300.1402
300.1429
300.1455
300.148
300.1502
300.152
300.1531
300.1535
300.1532
300.1521
300.1504
300.1483
300.1459
300.1434
300.141
300.1386
300.1364
300.1344
300.1326
300.131
300.1296
300.1286
300.128
300.1276
300.1287
300.1303
300.132
300.1341
300.1364
300.1391
300.1419
300.1448
300.1478
300.1506
300.153
300.155
300.1562
300.1567
300.1563
300.1551
300.1532
300.1508
300.1481
300.1453
300.1425
300.1399
300.1375
300.1353
300.1333
300.1316
300.1302
300.1291
300.1276
300.1282
300.1294
300.1309
300.1328
300.135
300.1375
300.1403
300.1433
300.1465
300.1497
300.1527
300.1554
300.1576
300.159
300.1595
300.159
300.1576
300.1555
300.1529
300.1499
300.1468
300.1438
300.1407
300.1379
300.1354
300.1333
300.1314
300.1299
300.1289
300.1297
300.1289
300.1299
300.1314
300.1334
300.1356
300.1382
300.1412
300.1443
300.1477
300.1511
300.1543
300.1572
300.1595
300.161
300.1616
300.161
300.1595
300.1572
300.1544
300.1512
300.1479
300.1445
300.1408
300.1368
300.1339
300.1307
300.1286
300.1271
300.1263
300.1302
300.1292
300.1301
300.1317
300.1336
300.1359
300.1385
300.1416
300.1449
300.1483
300.1518
300.1551
300.1581
300.1605
300.1621
300.1627
300.1622
300.1605
300.1581
300.1552
300.1519
300.1484
300.1448
300.1409
300.1366
300.1335
300.1302
300.128
300.1264
300.1254
300.1303
300.1292
300.1301
300.1317
300.1336
300.1359
300.1385
300.1416
300.1449
300.1483
300.1518
300.1551
300.1581
300.1605
300.1621
300.1627
300.1621
300.1605
300.1581
300.1552
300.1518
300.1484
300.1448
300.1408
300.1365
300.1333
300.13
300.1278
300.1262
300.1251
300.13
300.1289
300.1299
300.1314
300.1334
300.1356
300.1382
300.1412
300.1443
300.1477
300.1511
300.1543
300.1572
300.1595
300.161
300.1616
300.161
300.1595
300.1572
300.1543
300.1511
300.1478
300.1443
300.1403
300.1361
300.133
300.1297
300.1275
300.1259
300.1249
300.1293
300.1284
300.1294
300.1309
300.1328
300.135
300.1374
300.1403
300.1433
300.1466
300.1499
300.1528
300.1554
300.1576
300.159
300.1595
300.159
300.1576
300.1555
300.1528
300.1498
300.1467
300.1434
300.1396
300.1355
300.1326
300.1294
300.1273
300.1257
300.1246
300.1268
300.1275
300.1287
300.1302
300.132
300.1341
300.1364
300.1391
300.142
300.1451
300.149
300.1509
300.1531
300.155
300.1562
300.1567
300.1563
300.1551
300.1532
300.1507
300.148
300.1451
300.1422
300.1388
300.1351
300.1324
300.1294
300.1274
300.1259
300.1249
300.1258
300.1266
300.1279
300.1293
300.131
300.133
300.1352
300.1376
300.1402
300.1429
300.1457
300.1481
300.1503
300.152
300.1531
300.1535
300.1532
300.1521
300.1504
300.1483
300.1459
300.1433
300.1408
300.1381
300.1356
300.1334
300.1314
300.1298
300.1284
300.1274
300.1248
300.1257
300.1269
300.1283
300.1299
300.1317
300.1337
300.1359
300.1383
300.1407
300.1431
300.1453
300.1472
300.1487
300.1497
300.1501
300.1498
300.1489
300.1474
300.1456
300.1435
300.1413
300.1391
300.1369
300.1348
300.1329
300.1312
300.1296
300.1284
300.1274
300.1239
300.1247
300.1259
300.1272
300.1287
300.1304
300.1322
300.1342
300.1363
300.1385
300.1405
300.1425
300.1442
300.1455
300.1463
300.1467
300.1464
300.1457
300.1444
300.1429
300.1411
300.1392
300.1372
300.1353
300.1335
300.1318
300.1302
300.1289
300.1278
300.1268
300.1229
300.1237
300.1248
300.1261
300.1275
300.129
300.1307
300.1325
300.1344
300.1363
300.1381
300.1397
300.1412
300.1423
300.143
300.1433
300.1432
300.1425
300.1415
300.1402
300.1387
300.1371
300.1354
300.1337
300.132
300.1305
300.1291
300.1279
300.1275
300.1262
300.1218
300.1226
300.1237
300.1249
300.1262
300.1276
300.1292
300.1308
300.1325
300.1342
300.1358
300.1372
300.1385
300.1394
300.1401
300.1403
300.1402
300.1397
300.1389
300.1378
300.1365
300.135
300.1335
300.132
300.1306
300.1292
300.1279
300.1267
300.1258
300.1249
300.1207
300.1215
300.1225
300.1237
300.1249
300.1263
300.1277
300.1292
300.1307
300.1322
300.1336
300.1349
300.136
300.1369
300.1374
300.1377
300.1376
300.1372
300.1365
300.1355
300.1344
300.1331
300.1318
300.1305
300.1291
300.1278
300.1266
300.1255
300.1245
300.1237
300.1197
300.1205
300.1214
300.1225
300.1237
300.125
300.1263
300.1277
300.1291
300.1304
300.1317
300.1329
300.1338
300.1346
300.1351
300.1353
300.1353
300.1349
300.1343
300.1335
300.1325
300.1314
300.1302
300.129
300.1278
300.1266
300.1254
300.1243
300.1234
300.1226
300.1187
300.1194
300.1204
300.1214
300.1226
300.1238
300.125
300.1263
300.1276
300.1289
300.13
300.1311
300.1319
300.1326
300.1331
300.1333
300.1333
300.133
300.1324
300.1317
300.1308
300.1298
300.1288
300.1276
300.1265
300.1254
300.1243
300.1232
300.1223
300.1215
300.1177
300.1184
300.1194
300.1204
300.1215
300.1227
300.1238
300.1251
300.1263
300.1274
300.1285
300.1295
300.1303
300.1309
300.1314
300.1316
300.1315
300.1313
300.1308
300.1302
300.1294
300.1284
300.1274
300.1264
300.1253
300.1242
300.1232
300.1222
300.1213
300.1205
300.1168
300.1175
300.1184
300.1194
300.1205
300.1216
300.1228
300.124
300.1251
300.1262
300.1272
300.1281
300.1289
300.1295
300.1299
300.1301
300.1301
300.1299
300.1295
300.1289
300.1281
300.1272
300.1263
300.1253
300.1243
300.1232
300.1222
300.1213
300.1204
300.1197
300.1161
300.1168
300.1177
300.1187
300.1197
300.1208
300.122
300.1231
300.1242
300.1253
300.1263
300.1272
300.1279
300.1285
300.1289
300.1291
300.1291
300.1289
300.1285
300.1279
300.1272
300.1264
300.1254
300.1245
300.1235
300.1225
300.1215
300.1205
300.1197
300.119
)
;
        refGradient     nonuniform List<scalar> 
900
(
0.4803249
0.5230812
0.5617944
0.5965914
0.6275949
0.6549431
0.6787983
0.6993353
0.7170592
0.7318918
0.7437192
0.7528371
0.7597474
0.764425
0.7667013
0.7664136
0.7636634
0.7585187
0.7508751
0.7406888
0.7276787
0.7116454
0.6925645
0.6704289
0.6449838
0.6160786
0.5835722
0.5473395
0.5072681
0.4632387
0.5243901
0.5663857
0.6042807
0.6382251
0.6683649
0.6948613
0.7178952
0.7376557
0.7546544
0.7688355
0.7801217
0.7888142
0.7953824
0.7998149
0.8019489
0.8016568
0.799037
0.7941215
0.7867929
0.7769946
0.7644793
0.7490499
0.7306398
0.7092129
0.6845252
0.6564118
0.6247128
0.589281
0.5499811
0.5066709
0.5644738
0.6056566
0.6426872
0.6757381
0.7049781
0.7305909
0.7527757
0.7717353
0.787989
0.8014991
0.8122274
0.82048
0.8266933
0.8308751
0.83287
0.8325775
0.8300808
0.8253995
0.8183968
0.8090007
0.7969954
0.7821867
0.7644665
0.7437707
0.7198673
0.6925774
0.6617226
0.6271338
0.5886533
0.5461168
0.6006964
0.641037
0.6771793
0.7093177
0.7376429
0.7623602
0.7836866
0.8018434
0.8173417
0.8301768
0.8403427
0.8481484
0.8540039
0.8579347
0.859792
0.8595003
0.8571239
0.8526766
0.8460018
0.8370134
0.8255215
0.8113357
0.7943119
0.7743502
0.7512399
0.7247856
0.6947907
0.6610653
0.6234301
0.5816989
0.6331709
0.672663
0.707916
0.7391449
0.7665614
0.7903912
0.8108686
0.8282355
0.8429861
0.8551565
0.8647667
0.8721291
0.8776317
0.8813167
0.8830447
0.8827493
0.8804899
0.8762704
0.8699179
0.8613327
0.8503458
0.8367715
0.8204334
0.8011938
0.7788671
0.7532409
0.724101
0.6912379
0.6544512
0.613534
0.6620228
0.700683
0.7350677
0.7654114
0.7919458
0.8149155
0.8345724
0.851175
0.8652027
0.8767317
0.8858047
0.8927368
0.8978983
0.9013472
0.9029547
0.9026515
0.9005055
0.8965027
0.8904602
0.8822643
0.8717632
0.858776
0.843097
0.8245536
0.8029832
0.7781589
0.7498494
0.7178263
0.6818698
0.6417528
0.6873952
0.7252586
0.7588149
0.7883165
0.814013
0.8361676
0.8550482
0.8709268
0.8842743
0.8951947
0.903762
0.9102829
0.9151221
0.9183477
0.9198432
0.9195301
0.917491
0.9136919
0.9079405
0.9001112
0.8900674
0.8776323
0.8625712
0.8446837
0.8238272
0.7997616
0.7722407
0.7410179
0.7058549
0.6665063
0.7094392
0.7465561
0.7793384
0.8080581
0.8329795
0.8543796
0.8725415
0.88775
0.9004714
0.9108272
0.9189264
0.9250663
0.9296083
0.9326302
0.9340183
0.9336952
0.9317551
0.9281433
0.9226589
0.9151659
0.9055425
0.8936144
0.8791203
0.8618366
0.8416385
0.8182735
0.7914812
0.7610019
0.7265825
0.6879565
0.728496
0.7649114
0.7969688
0.8249516
0.8491414
0.8698311
0.8873196
0.9019018
0.9140414
0.92387
0.9315327
0.9373177
0.9415835
0.9444198
0.9457052
0.9453732
0.9435251
0.9400887
0.9348534
0.9276746
0.918444
0.9069867
0.8930207
0.8763021
0.8567235
0.8340219
0.8079211
0.7781447
0.7444221
0.7064756
0.7445294
0.7803199
0.8117266
0.8390511
0.8625889
0.882646
0.8995321
0.9135526
0.9251711
0.9345299
0.941801
0.9472691
0.9512882
0.953961
0.9551519
0.9548129
0.953045
0.9497663
0.944753
0.9378536
0.9289735
0.9179362
0.9044443
0.888232
0.8692063
0.8470934
0.8216072
0.7924588
0.7593634
0.7220281
0.7574198
0.7927782
0.8236568
0.8504359
0.8734312
0.8929601
0.9093438
0.9228957
0.9340762
0.9430405
0.9499789
0.9551788
0.9589909
0.9615238
0.962635
0.9622902
0.9605868
0.957441
0.9526148
0.9459515
0.937365
0.9266771
0.9135774
0.8977848
0.8792169
0.8575923
0.8326154
0.8039858
0.7714071
0.7345738
1.178892
0.8024309
0.8329693
0.859319
0.8818802
0.9009846
0.9169613
0.9301333
0.9409581
0.9496075
0.9562701
0.9612531
0.9648992
0.9673161
0.9683637
0.9680164
0.9663668
0.963328
0.9586526
0.9521775
0.9438233
0.9334178
0.9206365
0.9051954
0.8870046
0.8657726
0.8412023
0.8129845
0.7808102
0.7443593
0.7749576
0.8097838
0.8399327
0.8659331
0.8881481
0.9069152
0.9225705
0.9354432
0.9459877
0.9543889
0.9608352
0.9656483
0.9691686
0.9714926
0.9724887
0.9721375
0.9705288
0.9675741
0.9630208
0.9566955
0.9485253
0.938347
0.9258433
0.9107922
0.8930095
0.8721048
0.8478704
0.819982
0.7881148
0.7518897
1.190834
0.8144683
0.8445531
0.8703239
0.8922966
0.9108281
0.9262587
0.9389231
0.9492736
0.9575041
0.9638004
0.9684925
0.9719235
0.9741814
0.9751407
0.9747874
0.973207
0.9703109
0.9658442
0.9596254
0.9515871
0.9415818
0.9293703
0.9151347
0.8990252
0.8784509
0.439892
0.4122388
0.3805251
0.3441152
1.193211
0.8168927
0.8468799
0.8725236
0.8943702
0.9127805
0.9280962
0.9406517
0.9508983
0.9590381
0.965257
0.9698847
0.9732691
0.9754933
0.976434
0.9760794
0.9745135
0.9716478
0.9672258
0.9610615
0.953092
0.9431751
0.9310854
0.9170734
0.9011878
0.8807441
0.4423177
0.4148016
0.3832995
0.3474394
1.193182
0.8168797
0.846871
0.8725155
0.8943624
0.9127724
0.9280878
0.940643
0.9508892
0.9590287
0.965247
0.969875
0.9732591
0.9754832
0.9764236
0.9760687
0.9745026
0.9716367
0.9672145
0.9610497
0.9530802
0.9431636
0.9310777
0.9170809
0.9012048
0.8807626
0.4423369
0.4148242
0.3833461
0.3475806
1.190588
0.8144056
0.8445248
0.8702995
0.8922725
0.9108039
0.9262343
0.9388984
0.9492483
0.957477
0.963766
0.968464
0.9718951
0.9741523
0.9751108
0.9747568
0.9731757
0.9702792
0.965812
0.959592
0.9515537
0.9415525
0.9293734
0.9152758
0.8992915
0.8787342
0.440188
0.41255
0.3809475
0.3450621
1.185679
0.8095465
0.839875
0.8658922
0.8881079
0.9068744
0.922529
0.9354009
0.945944
0.9543311
0.9606755
0.9655891
0.9691217
0.9714454
0.9724404
0.9720881
0.9704783
0.967523
0.9629688
0.9566419
0.9484724
0.9383119
0.9259541
0.9116536
0.8954547
0.8746772
0.4359012
0.4080275
0.376189
0.3400732
0.76737
0.8024337
0.8329144
0.8592614
0.8818214
0.9009245
0.9168999
0.9300704
0.9408872
0.9494273
0.9544179
0.9610714
0.9648252
0.9672479
0.9682948
0.967946
0.9662951
0.9632554
0.9585783
0.9521012
0.9437474
0.9333595
0.9207241
0.9060337
0.8894271
0.8683227
0.4292111
0.4010055
0.3688367
0.3324014
0.7574108
0.7926932
0.8235627
0.8503391
0.8733319
0.8928584
0.9092396
0.922789
0.9339664
0.9429154
0.949751
0.9550508
0.9588754
0.961408
0.9625181
0.9621722
0.960468
0.9573213
0.9524935
0.9458285
0.9372414
0.9265576
0.9134905
0.8978371
0.8793959
0.85779
0.8328264
0.8042
0.7716239
0.7347964
0.7444025
0.7801849
0.8115871
0.8389074
0.8624412
0.8824943
0.8993764
0.9133932
0.9250083
0.9343633
0.9416256
0.9470976
0.9511159
0.9537872
0.9549767
0.9546367
0.9528681
0.9495891
0.9445751
0.9376753
0.928795
0.9177588
0.9042719
0.8880779
0.8690648
0.8469566
0.8214741
0.7923265
0.7592218
0.7219051
0.7283223
0.7647319
0.7967835
0.8247605
0.8489445
0.8696285
0.8871113
0.901688
0.9138228
0.9236471
0.9313058
0.9370879
0.9413515
0.9441863
0.9454703
0.9451373
0.943289
0.9398523
0.934617
0.9274386
0.9182088
0.9067535
0.8927903
0.8760763
0.8565024
0.8338052
0.8077058
0.777904
0.7440395
0.7062433
0.7092152
0.7463245
0.7790992
0.8078111
0.8327246
0.8541169
0.8722712
0.8874723
0.9001872
0.9105374
0.9186315
0.9247672
0.9293061
0.9323262
0.9337128
0.9333889
0.9314491
0.9278376
0.9223543
0.9148628
0.9052417
0.8933166
0.8788264
0.8615477
0.8413555
0.8179958
0.791194
0.7605571
0.7245667
0.6875094
0.6871091
0.7249624
0.7585086
0.7879998
0.8136861
0.8358304
0.8547009
0.8705698
0.8839087
0.8948217
0.9033823
0.9098975
0.9147326
0.917956
0.91945
0.9191363
0.9170978
0.9132998
0.9075507
0.8997245
0.8896847
0.8772546
0.8621994
0.844319
0.8234705
0.7994134
0.7718982
0.740654
0.7053532
0.666159
0.6616751
0.7003228
0.7346949
0.765026
0.7915477
0.8145048
0.8341493
0.8507401
0.8647573
0.8762771
0.8853419
0.892267
0.8974235
0.9008697
0.9024757
0.9021722
0.900027
0.8960261
0.889987
0.8817959
0.8713004
0.85832
0.8426487
0.8241144
0.8025543
0.777741
0.7494426
0.717428
0.6814699
0.6413791
0.6327628
0.6722403
0.7074785
0.7386924
0.7660941
0.7899092
0.8103721
0.8277251
0.8424635
0.8546231
0.8642237
0.8715779
0.8770748
0.8807566
0.8824832
0.8821876
0.8799293
0.8757125
0.8693646
0.8607854
0.8498058
0.83624
0.8199113
0.8006828
0.7783682
0.7527551
0.7236289
0.6907795
0.6540063
0.6131049
0.6002302
0.640554
0.6766794
0.7088008
0.7371091
0.7618096
0.7831198
0.8012609
0.8167456
0.8295685
0.8397235
0.84752
0.8533691
0.8572964
0.8591521
0.8588604
0.8564854
0.8520416
0.8453722
0.8363911
0.8249079
0.8107322
0.7937193
0.7737705
0.7506742
0.7242348
0.6942555
0.6605461
0.6229272
0.5812127
0.5639519
0.605116
0.6421278
0.6751598
0.7043811
0.7299755
0.7521424
0.7710848
0.7873236
0.8008203
0.8115367
0.8197792
0.8259855
0.8301634
0.8321567
0.8318643
0.8293693
0.8246921
0.8176957
0.8083078
0.7963126
0.7815154
0.7638074
0.7431261
0.7192384
0.6919651
0.6611275
0.6265565
0.5880942
0.5455761
0.5238155
0.5657905
0.6036652
0.637589
0.6677085
0.694185
0.7171996
0.7369418
0.7539244
0.7680911
0.7793645
0.7880463
0.7946071
0.7990353
0.8011676
0.8008755
0.7982579
0.793347
0.7860254
0.7762362
0.7637321
0.7483154
0.7299188
0.7085075
0.6838369
0.6557416
0.6240615
0.588649
0.5493688
0.5060787
0.4797009
0.5224348
0.5611264
0.5959013
0.6268834
0.6542101
0.6780449
0.6985626
0.7162696
0.7310867
0.7429008
0.7520076
0.75891
0.7635831
0.7658575
0.7655699
0.7628222
0.7576826
0.7500466
0.7398701
0.7268721
0.7108524
0.6917862
0.6696673
0.6442404
0.6153547
0.5828684
0.5466564
0.5066062
0.4625983
)
;
        valueFraction   nonuniform List<scalar> 
900
(
0.008048515
0.008021488
0.007997557
0.007979096
0.00796419
0.00795165
0.007940797
0.007931226
0.007922738
0.007915295
0.007909102
0.007904325
0.007901196
0.007899952
0.00790079
0.007903836
0.007909117
0.007916567
0.007926027
0.007937274
0.007950055
0.00796412
0.00797927
0.007995398
0.00801254
0.00803094
0.008051143
0.008074269
0.00810234
0.008133003
0.008020849
0.00797789
0.007945054
0.007922186
0.007905055
0.007891352
0.007879816
0.00786975
0.007860822
0.007852975
0.007846396
0.007841234
0.007837745
0.007836197
0.007836809
0.007839721
0.007844966
0.007852468
0.007862051
0.007873468
0.007886444
0.007900722
0.007916118
0.007932589
0.007950318
0.007969861
0.00799236
0.00802005
0.008057163
0.008103616
0.007996484
0.007944435
0.007903381
0.007874966
0.007854248
0.007838137
0.007824822
0.007813284
0.007803017
0.007793899
0.00778613
0.007779878
0.007775451
0.007773172
0.007773314
0.007776047
0.007781412
0.007789313
0.007799534
0.007811776
0.007825713
0.007841059
0.007857639
0.007875483
0.007894945
0.0079169
0.007943006
0.007976206
0.008021355
0.008076662
0.007977343
0.007920721
0.007873994
0.007840712
0.007816147
0.007796993
0.00778114
0.007767328
0.007754907
0.007743711
0.007733985
0.007725952
0.00772001
0.00771658
0.007716019
0.007718551
0.007724229
0.007732924
0.007744354
0.007758128
0.00777383
0.007791102
0.007809748
0.007829835
0.007851836
0.007876824
0.007906699
0.007944575
0.007995158
0.0080549
0.007961459
0.007902509
0.00785206
0.007814836
0.007786513
0.007763925
0.007744904
0.00772807
0.007712674
0.007698558
0.007686044
0.007675454
0.007667333
0.007662252
0.007660702
0.00766299
0.007669192
0.007679132
0.007692419
0.007708517
0.007726857
0.007746959
0.007768546
0.007791667
0.007816832
0.007845176
0.007878631
0.007920219
0.007974341
0.008036329
0.007947675
0.007887516
0.007834566
0.007794183
0.007762342
0.007736098
0.007713387
0.007692835
0.007673646
0.007655747
0.007639559
0.007625558
0.007614496
0.007607175
0.00760428
0.007606253
0.007613205
0.007624895
0.00764077
0.007660073
0.007682004
0.007705876
0.007731264
0.007758128
0.007786935
0.007818789
0.007855556
0.007900115
0.007956628
0.008019773
0.007935361
0.007874516
0.007819748
0.00777674
0.007741621
0.007711603
0.007684772
0.007659853
0.007636064
0.007613537
0.007592767
0.00757444
0.007559593
0.007549342
0.007544663
0.007546195
0.007554121
0.007568113
0.007587386
0.007610865
0.007637405
0.007666017
0.007696045
0.007727293
0.00776013
0.007795595
0.007835478
0.00788255
0.00794083
0.008004627
0.007924167
0.007862859
0.007806627
0.007761313
0.007723089
0.007689239
0.007657948
0.007628086
0.00759896
0.007571065
0.007544848
0.007521263
0.007501718
0.007487738
0.007480679
0.007481563
0.007490701
0.007507605
0.007531125
0.007559793
0.007591991
0.007626305
0.007661765
0.007697971
0.007735178
0.007774363
0.00781727
0.007866615
0.007926354
0.007990594
0.007913944
0.007852256
0.007794743
0.007747306
0.0077061
0.007668405
0.007632438
0.007597177
0.007562248
0.007528372
0.0074958
0.007465741
0.007440224
0.007421484
0.007411555
0.007411691
0.007422271
0.007442694
0.007471489
0.007506512
0.007545496
0.007586403
0.007627995
0.00766965
0.007711513
0.007754528
0.007800431
0.007851933
0.007912989
0.007977604
0.007904693
0.007842655
0.007783968
0.007734542
0.007690473
0.007648989
0.007608288
0.007567394
0.007526512
0.007485926
0.007445999
0.007408568
0.007376166
0.007351848
0.007338399
0.007337743
0.007350385
0.007375244
0.007410061
0.00745198
0.007498288
0.007546622
0.007594957
0.007642422
0.007689128
0.007736028
0.007784892
0.007838473
0.007900773
0.007965755
0.007896473
0.00783415
0.007774391
0.007723125
0.007676366
0.007631263
0.007585974
0.007539529
0.007492611
0.007444981
0.00739703
0.007350996
0.007310463
0.007281038
0.007265862
0.007264648
0.007277917
0.007305855
0.007347928
0.007398034
0.007452412
0.007508271
0.007563479
0.007616904
0.007668458
0.007719167
0.007770882
0.007826435
0.007889909
0.00795526
0.007888133
0.007826894
0.007766232
0.007713337
0.007664169
0.007615787
0.007566293
0.007514714
0.007462057
0.007407202
0.007350823
0.007295795
0.007252661
0.007221062
0.007203082
0.007201117
0.007215874
0.00724602
0.007289001
0.007346806
0.007409676
0.00747324
0.007535147
0.007594156
0.007650276
0.007704512
0.007758831
0.00781617
0.007880707
0.007946415
0.007884046
0.007821255
0.007759783
0.007705548
0.00765439
0.007603275
0.007550242
0.007494336
0.00743651
0.007375059
0.007310908
0.007253203
0.007205678
0.007169341
0.007148287
0.007145501
0.007161864
0.007195793
0.007243601
0.007302113
0.007372934
0.007443658
0.007511617
0.007575597
0.007635636
0.007692863
0.007749373
0.007808203
0.007873626
0.007939622
0.007878584
0.007817237
0.007755308
0.007700128
0.007647546
0.007594457
0.007538844
0.007479738
0.007417975
0.007351443
0.007282121
0.007222861
0.007170853
0.007130653
0.007107092
0.007103564
0.007121128
0.007158071
0.007210057
0.007271541
0.007345447
0.007421979
0.007494686
0.007562683
0.007626334
0.007685802
0.007744668
0.007804598
0.007870654
0.007936743
0.007876608
0.007815255
0.007753055
0.007697379
0.007644053
0.007589929
0.007532917
0.007472128
0.007408187
0.007338843
0.0072682
0.007206662
0.007152106
0.007109742
0.007084741
0.007080735
0.007098903
0.007137515
0.007191755
0.007255326
0.007330329
0.007410409
0.007485763
0.007555833
0.007621089
0.007681715
0.007741424
0.007801932
0.007868387
0.007934859
0.007876713
0.007815371
0.007753171
0.007697491
0.007644156
0.007590023
0.007532999
0.007472198
0.007408245
0.007338888
0.007268234
0.007206687
0.007152121
0.007109752
0.007084748
0.007080742
0.007098914
0.007137533
0.007191781
0.007255364
0.007330377
0.007410461
0.007485825
0.007555912
0.007621184
0.007681819
0.00774154
0.007802062
0.007868544
0.007935084
0.007878811
0.007817571
0.007755656
0.007700463
0.007647857
0.007594739
0.007539092
0.007479951
0.007418151
0.00735158
0.007282223
0.007222937
0.007170905
0.007130688
0.007107119
0.007103591
0.007121164
0.007158124
0.007210133
0.007271645
0.007345578
0.007422134
0.007494881
0.007562979
0.007626729
0.007686237
0.007745146
0.007805122
0.007871282
0.007937708
0.007882897
0.007821748
0.007760363
0.007706109
0.007654913
0.00760375
0.007550663
0.007494698
0.00743681
0.007375288
0.007311022
0.007253334
0.007205778
0.007169415
0.007148346
0.007145559
0.007161934
0.007195888
0.007243729
0.007302283
0.007373145
0.007443916
0.007511991
0.007576403
0.007637305
0.007694666
0.007752014
0.00781093
0.007876457
0.00794265
0.007890374
0.007827796
0.007767075
0.007714135
0.00766491
0.007616461
0.007566893
0.007515233
0.007462489
0.007407493
0.007350213
0.007295934
0.007252824
0.007221193
0.007203191
0.007201223
0.007215993
0.007246168
0.00728919
0.007347045
0.007409965
0.007473587
0.007535622
0.007595074
0.007652073
0.007706457
0.007761626
0.00781906
0.007883698
0.007949559
0.00789766
0.007835285
0.007775488
0.007724166
0.007677332
0.007632144
0.007586761
0.007540217
0.007493194
0.007445457
0.007397357
0.007351295
0.007310705
0.007281242
0.007266039
0.007264817
0.007278098
0.007306064
0.007348184
0.007398344
0.007452778
0.007508695
0.007563977
0.00761754
0.007669233
0.007720023
0.007771817
0.007827442
0.007890989
0.007956426
0.0079061
0.007844053
0.007785325
0.00773583
0.007691671
0.007650081
0.007609267
0.007568254
0.007527253
0.007486549
0.007446509
0.007408987
0.007376508
0.007352133
0.007338648
0.007337981
0.007350633
0.007375523
0.007410386
0.00745236
0.007498725
0.007547121
0.007595527
0.007643072
0.007689859
0.007736835
0.007785771
0.007839418
0.007901775
0.007966821
0.007915619
0.007853924
0.007796365
0.007748847
0.007707534
0.007669713
0.007633611
0.007598212
0.007563144
0.007529135
0.007496442
0.007466275
0.007440669
0.007421861
0.007411888
0.007412006
0.007422591
0.007443039
0.007471876
0.007506953
0.007546001
0.007586976
0.007628645
0.007670381
0.007712328
0.007755425
0.007801403
0.007852956
0.007913993
0.007978726
0.007926114
0.0078648
0.007808516
0.007763108
0.007724759
0.007690763
0.007659315
0.007629293
0.007600007
0.007571962
0.007545608
0.007521904
0.007502259
0.007488202
0.00748109
0.007481947
0.007491084
0.007508009
0.007531568
0.00756029
0.007592555
0.007626946
0.007662492
0.00769879
0.007736091
0.007775366
0.007818347
0.007867677
0.007926656
0.007991727
0.007937579
0.007876728
0.007821901
0.007778786
0.007743523
0.007713339
0.007686327
0.007661224
0.007637255
0.007614559
0.007593635
0.007575175
0.007560217
0.007549878
0.007545139
0.007546637
0.007554555
0.007568563
0.007587874
0.007611409
0.007638021
0.00766672
0.007696844
0.007728196
0.007761138
0.007796703
0.007836676
0.007883809
0.00794207
0.00800598
0.007950153
0.007889988
0.007836972
0.007796469
0.007764466
0.007738033
0.00771512
0.007694362
0.00767497
0.007656882
0.007640524
0.007626375
0.00761519
0.007607772
0.007604808
0.00760674
0.00761368
0.007625383
0.007641296
0.007660659
0.007682668
0.007706635
0.00773213
0.007759108
0.00778803
0.007819995
0.007856862
0.007901504
0.007958075
0.008021271
0.007964176
0.007905219
0.007854697
0.007817339
0.007788838
0.007766041
0.007746796
0.007729736
0.007714118
0.007699794
0.007687094
0.007676343
0.007668086
0.0076629
0.007661273
0.007663516
0.007669701
0.007679654
0.007692979
0.00770914
0.007727566
0.007747769
0.007769472
0.007792716
0.007818006
0.007846471
0.007880034
0.007921714
0.007975906
0.008037943
0.007980267
0.007923635
0.007876828
0.0078434
0.00781864
0.00779926
0.007783166
0.007769109
0.00775645
0.007745032
0.007735107
0.007726901
0.007720815
0.007717272
0.007716629
0.00771911
0.007724769
0.007733476
0.007744946
0.007758787
0.007774577
0.007791958
0.007810727
0.007830945
0.007853079
0.007878194
0.007908186
0.007946161
0.007996819
0.00805661
0.007999568
0.007947506
0.007906362
0.007877789
0.007856863
0.007840513
0.007826944
0.007815149
0.007804633
0.007795283
0.007787306
0.007780873
0.007776295
0.007773898
0.007773954
0.007776634
0.007781979
0.007789892
0.007800154
0.007812465
0.007826496
0.007841955
0.007858663
0.007876644
0.007896245
0.007918334
0.007944562
0.007977865
0.008023092
0.00807845
0.008024035
0.007981052
0.007948116
0.007925081
0.007907734
0.007893785
0.007881988
0.00787166
0.007862478
0.007854393
0.007847602
0.007842256
0.007838615
0.007836945
0.00783747
0.007840329
0.007845555
0.007853069
0.007862695
0.007874184
0.007887256
0.00790165
0.007917179
0.007933791
0.007951664
0.007971344
0.007993969
0.008021764
0.008058956
0.008105461
0.008051738
0.00802467
0.008000629
0.007981996
0.007966872
0.007954086
0.007942972
0.007933139
0.007924397
0.007916718
0.007910314
0.007905355
0.007902074
0.007900711
0.007901464
0.007904457
0.007909721
0.007917184
0.007926689
0.00793801
0.007950889
0.007965073
0.007980358
0.00799663
0.008013917
0.008032457
0.008052787
0.008076018
0.008104168
0.008134879
)
;
        source          uniform 0;
        value           nonuniform List<scalar> 
900
(
300.3812
300.3909
300.4005
300.4092
300.417
300.4239
300.4299
300.4352
300.4396
300.4434
300.4464
300.4488
300.4506
300.4518
300.4524
300.4523
300.4516
300.4504
300.4484
300.4459
300.4426
300.4386
300.4338
300.4282
300.4218
300.4146
300.4064
300.3973
300.3874
300.3775
300.3911
300.4006
300.4101
300.4186
300.4263
300.433
300.4388
300.4438
300.4481
300.4518
300.4547
300.4569
300.4586
300.4597
300.4603
300.4602
300.4596
300.4584
300.4565
300.4541
300.4509
300.447
300.4424
300.4369
300.4307
300.4236
300.4156
300.4067
300.397
300.3872
300.401
300.4104
300.4196
300.428
300.4354
300.4418
300.4475
300.4523
300.4564
300.4599
300.4626
300.4648
300.4664
300.4675
300.468
300.468
300.4673
300.4662
300.4644
300.462
300.459
300.4552
300.4508
300.4455
300.4395
300.4326
300.4248
300.4161
300.4065
300.397
300.41
300.4192
300.4283
300.4364
300.4436
300.4498
300.4553
300.4599
300.4638
300.4671
300.4697
300.4718
300.4733
300.4743
300.4748
300.4748
300.4742
300.4731
300.4714
300.4691
300.4662
300.4626
300.4583
300.4532
300.4474
300.4407
300.4331
300.4246
300.4153
300.4058
300.4182
300.4272
300.436
300.4439
300.4509
300.4569
300.4621
300.4665
300.4703
300.4734
300.4759
300.4778
300.4793
300.4802
300.4807
300.4807
300.4801
300.479
300.4774
300.4753
300.4725
300.469
300.4649
300.46
300.4543
300.4478
300.4405
300.4322
300.423
300.4138
300.4254
300.4342
300.4428
300.4505
300.4572
300.4631
300.4681
300.4723
300.4759
300.4789
300.4813
300.4831
300.4844
300.4854
300.4858
300.4857
300.4852
300.4842
300.4827
300.4806
300.4779
300.4746
300.4706
300.4659
300.4604
300.4541
300.447
300.4389
300.4299
300.4209
300.4317
300.4404
300.4488
300.4563
300.4628
300.4684
300.4733
300.4773
300.4808
300.4836
300.4858
300.4876
300.4888
300.4897
300.4901
300.4901
300.4896
300.4886
300.4871
300.4851
300.4826
300.4794
300.4755
300.471
300.4657
300.4596
300.4526
300.4447
300.436
300.4271
300.4373
300.4457
300.454
300.4612
300.4676
300.473
300.4777
300.4816
300.4849
300.4876
300.4897
300.4914
300.4926
300.4934
300.4938
300.4937
300.4933
300.4923
300.4909
300.489
300.4865
300.4835
300.4798
300.4753
300.4702
300.4643
300.4575
300.4498
300.4412
300.4324
300.442
300.4503
300.4584
300.4655
300.4717
300.477
300.4814
300.4852
300.4884
300.4909
300.493
300.4945
300.4957
300.4965
300.4968
300.4968
300.4963
300.4955
300.4941
300.4922
300.4899
300.4869
300.4833
300.479
300.474
300.4682
300.4616
300.4541
300.4457
300.4371
300.4463
300.4542
300.4621
300.4691
300.4751
300.4802
300.4846
300.4882
300.4912
300.4937
300.4956
300.4971
300.4982
300.499
300.4993
300.4993
300.4989
300.498
300.4967
300.4949
300.4926
300.4897
300.4862
300.4821
300.4772
300.4715
300.4651
300.4577
300.4494
300.441
300.4526
300.4578
300.4651
300.4719
300.4778
300.4828
300.4871
300.4906
300.4935
300.4959
300.4978
300.4992
300.5003
300.501
300.5013
300.5013
300.5009
300.5001
300.4988
300.497
300.4948
300.492
300.4886
300.4845
300.4797
300.4741
300.4678
300.4605
300.4524
300.4441
300.5211
300.463
300.4677
300.4742
300.48
300.4849
300.489
300.4924
300.4953
300.4976
300.4994
300.5008
300.5019
300.5026
300.5029
300.5029
300.5024
300.5017
300.5004
300.4987
300.4965
300.4937
300.4903
300.4858
300.4808
300.4753
300.469
300.4619
300.454
300.4461
300.4637
300.4634
300.4694
300.4759
300.4815
300.4864
300.4904
300.4938
300.4966
300.4989
300.5006
300.502
300.503
300.5037
300.504
300.504
300.5036
300.5028
300.5016
300.4999
300.4977
300.4949
300.4908
300.4836
300.4756
300.4696
300.4628
300.4558
300.4485
300.4426
300.5397
300.4697
300.4711
300.477
300.4826
300.4874
300.4914
300.4947
300.4975
300.4997
300.5014
300.5028
300.5038
300.5045
300.5048
300.5047
300.5043
300.5036
300.5024
300.5007
300.4985
300.4953
300.4887
300.4713
300.4444
300.4352
300.3777
300.3704
300.3648
300.3642
300.5461
300.4714
300.4719
300.4776
300.4831
300.4879
300.4919
300.4952
300.4979
300.5001
300.5018
300.5032
300.5041
300.5048
300.5051
300.5051
300.5047
300.504
300.5028
300.5011
300.4989
300.4956
300.4882
300.4682
300.4382
300.4284
300.3703
300.3628
300.3556
300.3498
300.5467
300.4716
300.4719
300.4776
300.4831
300.4879
300.4919
300.4952
300.4979
300.5001
300.5018
300.5032
300.5041
300.5048
300.5051
300.5051
300.5047
300.5039
300.5028
300.5011
300.4989
300.4956
300.4881
300.4676
300.4374
300.4275
300.3694
300.3618
300.354
300.3463
300.5454
300.4708
300.4713
300.477
300.4826
300.4874
300.4914
300.4947
300.4975
300.4997
300.5017
300.5028
300.5038
300.5044
300.5048
300.5047
300.5043
300.5036
300.5024
300.5007
300.4985
300.4952
300.4877
300.4671
300.4369
300.427
300.3689
300.3612
300.3533
300.3452
300.5382
300.4684
300.47
300.4759
300.4815
300.4864
300.4904
300.4938
300.4966
300.4994
300.5038
300.5025
300.503
300.5037
300.504
300.504
300.5036
300.5028
300.5016
300.4999
300.4977
300.4943
300.4869
300.4667
300.4367
300.4269
300.3687
300.3609
300.353
300.3448
300.4585
300.4611
300.4676
300.4742
300.4799
300.4848
300.489
300.4924
300.4955
300.5008
300.5211
300.504
300.5021
300.5026
300.5029
300.5028
300.5024
300.5016
300.5004
300.4987
300.4964
300.4932
300.4864
300.4689
300.442
300.4326
300.3749
300.3671
300.3591
300.3509
300.45
300.4575
300.4651
300.4719
300.4778
300.4828
300.487
300.4906
300.4935
300.4964
300.5009
300.4997
300.5003
300.501
300.5013
300.5013
300.5008
300.5
300.4988
300.497
300.4947
300.4918
300.4875
300.4803
300.4721
300.4659
300.4589
300.4517
300.4435
300.4352
300.446
300.4542
300.4621
300.469
300.475
300.4802
300.4845
300.4881
300.4912
300.4937
300.4958
300.4971
300.4982
300.4989
300.4993
300.4992
300.4988
300.4979
300.4966
300.4948
300.4925
300.4896
300.486
300.4814
300.4762
300.4705
300.464
300.4567
300.4489
300.4401
300.442
300.4503
300.4583
300.4654
300.4716
300.4769
300.4814
300.4851
300.4883
300.4909
300.4929
300.4945
300.4956
300.4964
300.4968
300.4967
300.4963
300.4954
300.494
300.4922
300.4898
300.4868
300.4832
300.4789
300.4739
300.4681
300.4616
300.4549
300.4499
300.4381
300.4372
300.4456
300.4539
300.4612
300.4675
300.473
300.4776
300.4815
300.4848
300.4875
300.4896
300.4913
300.4925
300.4933
300.4937
300.4936
300.4932
300.4922
300.4908
300.4889
300.4864
300.4834
300.4796
300.4752
300.4701
300.4642
300.4579
300.454
300.4637
300.4372
300.4316
300.4403
300.4487
300.4562
300.4627
300.4683
300.4731
300.4772
300.4807
300.4835
300.4857
300.4874
300.4887
300.4896
300.49
300.4899
300.4894
300.4885
300.487
300.485
300.4824
300.4793
300.4754
300.4709
300.4656
300.4595
300.4526
300.4456
300.4402
300.4281
300.4253
300.4341
300.4427
300.4504
300.4571
300.4629
300.4679
300.4722
300.4758
300.4788
300.4811
300.4829
300.4843
300.4852
300.4856
300.4856
300.4851
300.484
300.4825
300.4804
300.4777
300.4744
300.4704
300.4657
300.4603
300.454
300.4468
300.4389
300.4303
300.4209
300.418
300.427
300.4358
300.4437
300.4507
300.4567
300.4619
300.4664
300.4701
300.4733
300.4757
300.4777
300.4791
300.4801
300.4805
300.4805
300.4799
300.4789
300.4772
300.4751
300.4723
300.4688
300.4647
300.4598
300.4542
300.4477
300.4403
300.4321
300.4229
300.4137
300.4099
300.4191
300.4281
300.4362
300.4434
300.4496
300.4551
300.4597
300.4636
300.4669
300.4695
300.4715
300.4731
300.4741
300.4746
300.4745
300.474
300.4728
300.4712
300.4689
300.466
300.4624
300.4581
300.453
300.4472
300.4405
300.4329
300.4244
300.4151
300.4057
300.4008
300.4102
300.4194
300.4278
300.4352
300.4416
300.4473
300.4521
300.4562
300.4597
300.4624
300.4645
300.4661
300.4672
300.4678
300.4677
300.4671
300.4659
300.4642
300.4618
300.4587
300.455
300.4505
300.4453
300.4393
300.4324
300.4246
300.4159
300.4064
300.3968
300.3909
300.4004
300.4099
300.4184
300.426
300.4327
300.4386
300.4436
300.4479
300.4515
300.4544
300.4566
300.4583
300.4595
300.46
300.46
300.4593
300.4581
300.4563
300.4538
300.4506
300.4467
300.4421
300.4367
300.4305
300.4234
300.4154
300.4065
300.3968
300.387
300.381
300.3906
300.4003
300.409
300.4168
300.4237
300.4297
300.4349
300.4394
300.4432
300.4462
300.4485
300.4503
300.4515
300.4521
300.452
300.4514
300.4501
300.4482
300.4456
300.4423
300.4383
300.4335
300.428
300.4216
300.4143
300.4061
300.3971
300.3871
300.3772
)
;
        qrNbr           qr;
        logInterval     -1;
        writePrecision  7;
        updateHeader    1;
        writeToFile     0;
        useUserTime     1;
        kappaMethod     solidThermo;
        kappa           none;
    }
}


// ************************************************************************* //
