/*--------------------------------*- C++ -*----------------------------------*\
| =========                 |                                                 |
| \\      /  F ield         | OpenFOAM: The Open Source CFD Toolbox           |
|  \\    /   O peration     | Version:  2506                                  |
|   \\  /    A nd           | Website:  www.openfoam.com                      |
|    \\/     M anipulation  |                                                 |
\*---------------------------------------------------------------------------*/
FoamFile
{
    version     2.0;
    format      ascii;
    arch        "LSB;label=32;scalar=64";
    class       volScalarField;
    location    "2000/solid";
    object      T;
}
// * * * * * * * * * * * * * * * * * * * * * * * * * * * * * * * * * * * * * //

dimensions      [0 0 0 1 0 0 0];

internalField   nonuniform List<scalar> 
2304
(
310.0086
310.1507
310.209
310.219
310.2002
310.1218
310.1531
310.3068
310.3658
310.3757
310.3573
310.2778
310.2106
310.365
310.4246
310.4347
310.4163
310.3364
310.2207
310.3749
310.4347
310.4448
310.4264
310.3465
310.2024
310.3568
310.4164
310.4264
310.408
310.328
310.124
310.2768
310.3356
310.3454
310.327
310.2477
310.082
310.2009
310.2033
310.3467
310.2295
310.2794
310.376
310.426
310.2875
310.2975
310.4341
310.444
310.2974
310.2869
310.4439
310.4337
310.2788
310.2295
310.4257
310.3765
310.201
310.0787
310.3475
310.2011
310.2318
310.3758
310.2809
310.4251
310.4052
310.4555
310.4547
310.5053
310.4636
310.4735
310.5134
310.5234
310.4734
310.4633
310.5234
310.5133
310.4553
310.406
310.5053
310.4559
310.3769
310.23
310.4267
310.2799
310.2889
310.433
310.299
310.4429
310.4626
310.5133
310.4725
310.5231
310.5214
310.5314
310.5313
310.5414
310.5314
310.5214
310.5413
310.5313
310.5134
310.464
310.5233
310.4739
310.4347
310.2881
310.4447
310.2983
310.299
310.4429
310.2889
310.433
310.4725
310.5231
310.4626
310.5132
310.5313
310.5414
310.5214
310.5314
310.5413
310.5313
310.5313
310.5213
310.5233
310.4739
310.5133
310.4639
310.4447
310.2983
310.4347
310.288
310.2808
310.425
310.2316
310.3756
310.4546
310.5052
310.405
310.4553
310.5134
310.5233
310.4634
310.4733
310.5233
310.5132
310.4732
310.4631
310.5052
310.4558
310.4551
310.4058
310.4266
310.2797
310.3766
310.2297
310.203
310.3465
310.0813
310.2003
310.3757
310.4257
310.2289
310.2788
310.4338
310.4437
310.2869
310.2969
310.4436
310.4334
310.2968
310.2863
310.4254
310.3762
310.2782
310.2289
310.3472
310.2007
310.2003
310.078
310.1218
310.1243
310.2475
310.2008
310.2771
310.3276
310.2191
310.3358
310.3458
310.2084
310.3457
310.3354
310.1507
310.3273
310.2775
310.0046
310.2481
310.1212
310.277
310.2025
310.3268
310.3576
310.3568
310.4081
310.3758
310.4164
310.4266
310.3655
310.4265
310.4163
310.3074
310.4081
310.3579
310.1504
310.3282
310.2006
310.3348
310.2207
310.3448
310.4163
310.3749
310.4263
310.4348
310.4347
310.4449
310.4245
310.4449
310.4346
310.3661
310.4264
310.3763
310.2089
310.3465
310.2191
310.3448
310.2105
310.3348
310.4263
310.3649
310.4162
310.4449
310.4246
310.4347
310.4346
310.4347
310.4244
310.3763
310.4163
310.3661
310.2191
310.3363
310.2087
310.3267
310.1529
310.2768
310.408
310.3066
310.3574
310.4265
310.3656
310.3756
310.4162
310.3755
310.3653
310.3578
310.3571
310.3072
310.2004
310.2776
310.1501
310.2472
310.0079
310.1212
310.3273
310.1501
310.2002
310.3455
310.2084
310.2184
310.3351
310.2183
310.2078
310.2772
310.1995
310.15
310.1208
310.1211
310.0039
310.2043
310.1075
310.1516
310.1525
310.3398
310.2612
310.2832
310.3178
310.3813
310.3195
310.3248
310.376
310.3842
310.3294
310.3277
310.3858
310.3558
310.3107
310.2991
310.3673
310.2518
310.2325
310.1957
310.2892
310.3395
310.2621
310.3178
310.2838
310.4794
310.4351
310.4574
310.4571
310.5208
310.4935
310.4987
310.5155
310.5237
310.5032
310.5016
310.5253
310.4958
310.4851
310.4736
310.5072
310.3903
310.4066
310.3682
310.4287
310.3803
310.3195
310.375
310.3248
310.5201
310.4925
310.5149
310.4978
310.5617
310.5511
310.5564
310.5563
310.5647
310.561
310.5594
310.5662
310.5368
310.543
310.5315
310.5482
310.4315
310.4645
310.4262
310.4698
310.3835
310.3295
310.385
310.328
310.5232
310.5024
310.5247
310.5009
310.5648
310.561
310.5663
310.5595
310.5678
310.5709
310.5693
310.5694
310.5399
310.5529
310.5414
310.5514
310.4347
310.4745
310.4362
310.473
310.3554
310.3113
310.3669
310.2997
310.4954
310.4845
310.5069
310.473
310.5368
310.5431
310.5484
310.5315
310.5398
310.5529
310.5513
310.5413
310.5118
310.5349
310.5234
310.5233
310.4063
310.4564
310.418
310.4448
310.2511
310.2331
310.2886
310.1962
310.3887
310.4054
310.4276
310.3666
310.4301
310.4637
310.469
310.4248
310.433
310.4734
310.4718
310.4346
310.4047
310.4552
310.4437
310.4162
310.3
310.3768
310.3385
310.338
310.0437
310.0452
310.0841
310.1727
310.1932
310.2152
310.2144
310.2515
310.2569
310.2173
310.2614
310.2597
310.1886
310.2428
310.2312
310.0851
310.1643
310.1271
310.1941
310.1748
310.2158
310.3292
310.3289
310.3515
310.3712
310.3882
310.3936
310.3742
310.3982
310.3966
310.3457
310.3798
310.3682
310.2396
310.3001
310.2618
310.2515
310.216
310.2569
310.3876
310.3703
310.3929
310.4301
310.43
310.4354
310.4332
310.4401
310.4385
310.4047
310.4217
310.41
310.298
310.3417
310.3034
310.2616
310.2192
310.2601
310.3976
310.3734
310.3961
310.4402
310.4332
310.4386
310.4433
310.4433
310.4418
310.4148
310.4249
310.4133
310.3082
310.3449
310.3066
310.2434
310.1908
310.2318
310.3794
310.3451
310.3677
310.4218
310.4046
310.41
310.4249
310.4146
310.413
310.3964
310.3962
310.3846
310.2897
310.3163
310.278
310.1649
310.0874
310.1278
310.2991
310.2386
310.2607
310.3409
310.297
310.3024
310.3438
310.3069
310.3053
310.3154
310.2884
310.2768
310.2098
310.2095
310.1719
310.2512
310.2322
310.1954
310.2887
310.2514
310.2334
310.1966
310.2889
310.2994
310.3761
310.3376
310.3375
310.216
310.1169
310.1227
310.1242
310.1591
310.1604
310.1769
310.263
310.2378
310.1648
310.26
310.2016
310.3
310.2232
310.2635
310.2398
310.1671
310.2608
310.2035
310.3006
310.2239
310.3117
310.3875
310.3088
310.3089
310.3494
310.3494
310.2714
310.3561
310.3113
310.2995
310.3679
310.3891
310.4057
310.367
310.4279
310.4053
310.4559
310.417
310.4442
310.3507
310.2665
310.2514
310.2888
310.2884
310.3288
310.3106
310.3669
310.3164
310.2677
310.3385
310.3046
310.3785
310.3268
310.4004
310.4168
310.3378
310.398
310.3785
310.4389
310.3597
310.4166
310.4667
310.3876
310.4143
310.4282
310.4551
310.376
310.3845
310.3295
310.3281
310.386
310.4304
310.4639
310.4251
310.4692
310.4336
310.4738
310.435
310.4724
310.3919
310.3245
310.2929
310.3466
310.3299
310.3866
310.3519
310.3951
310.3345
310.2961
310.3565
310.3331
310.3965
310.3551
310.4416
310.4748
310.3957
310.4394
310.4363
310.4801
310.401
310.4447
310.4846
310.4056
310.4425
310.4461
310.4832
310.4042
310.3809
310.3189
310.3243
310.3754
310.4333
310.4737
310.4349
310.4721
310.43
310.4635
310.4246
310.4688
310.3948
310.3344
310.2958
310.3564
310.3327
310.3964
310.3548
310.3915
310.3239
310.2924
310.3461
310.3294
310.3861
310.3515
310.4444
310.4845
310.4055
310.4423
310.446
310.4829
310.4039
310.4411
310.4744
310.3952
310.439
310.4358
310.4797
310.4006
310.3397
310.2613
310.283
310.318
310.4051
310.4555
310.4166
310.444
310.3891
310.4062
310.3673
310.428
310.3665
310.3158
310.2672
310.338
310.3042
310.378
310.3265
310.3506
310.2666
310.2512
310.289
310.2882
310.329
310.3105
310.4164
310.4664
310.3872
310.4142
310.4278
310.455
310.3758
310.4005
310.4174
310.3382
310.3983
310.3789
310.4391
310.3598
310.2047
310.1063
310.1515
310.1519
310.3004
310.3771
310.3383
310.3388
310.2523
310.2339
310.1966
310.2903
310.2633
310.2381
310.1646
310.2603
310.2017
310.3005
310.2233
310.2158
310.1146
310.1214
310.1211
310.1584
310.1585
310.176
310.3124
310.3885
310.3093
310.3096
310.3501
310.3505
310.2718
310.2637
310.2389
310.1645
310.2607
310.2022
310.3012
310.2234
310.3884
310.4054
310.3666
310.4273
310.3555
310.3114
310.2998
310.367
310.4044
310.4548
310.4434
310.4159
310.3507
310.2683
310.2894
310.2534
310.3291
310.2899
310.311
310.3999
310.4166
310.3378
310.3976
310.3783
310.4384
310.3594
310.3666
310.3174
310.2694
310.3384
310.3058
310.3781
310.327
310.4159
310.4657
310.4136
310.3868
310.4543
310.4273
310.3754
310.4957
310.4854
310.4737
310.5074
310.4955
310.4846
310.4731
310.5069
310.5118
310.535
310.5235
310.5233
310.4901
310.446
310.4274
310.4272
310.4682
310.4679
310.4494
310.5064
310.4961
310.4438
310.4775
310.4845
310.5181
310.4658
310.5061
310.4953
310.4432
310.477
310.4839
310.5176
310.4655
310.5225
310.5457
310.4937
310.4935
310.5342
310.534
310.482
310.5239
310.5033
310.5019
310.5254
310.5369
310.5431
310.5316
310.5485
310.5401
310.5531
310.5415
310.5516
310.5315
310.5042
310.4689
310.4857
310.5095
310.5262
310.491
310.5346
310.514
310.472
310.4956
310.5126
310.536
310.4942
310.5476
310.5538
310.5019
310.5188
310.5423
310.5591
310.5072
310.5507
310.5637
310.5118
310.522
310.5522
310.5622
310.5104
310.5205
310.4931
310.4984
310.5152
310.5399
310.553
310.5414
310.5514
310.5366
310.5429
310.5313
310.5482
310.5344
310.5139
310.4718
310.4955
310.5124
310.5359
310.494
310.5312
310.5039
310.4686
310.4854
310.5091
310.5259
310.4907
310.5505
310.5636
310.5118
310.5218
310.5521
310.5621
310.5102
310.5473
310.5536
310.5017
310.5186
310.5421
310.5589
310.507
310.4798
310.4358
310.4576
310.4579
310.5119
310.535
310.5234
310.5235
310.496
310.4857
310.4741
310.5075
310.5066
310.4959
310.4438
310.4774
310.4845
310.518
310.466
310.4906
310.4469
310.4278
310.4281
310.4686
310.4689
310.45
310.5227
310.5457
310.4937
310.4938
310.5341
310.5343
310.4822
310.5068
310.4966
310.4443
310.4778
310.485
310.5183
310.4662
310.3415
310.263
310.3195
310.2851
310.4065
310.4565
310.4449
310.4181
310.3578
310.3132
310.3014
310.3695
310.4016
310.4178
310.3388
310.3989
310.3797
310.4398
310.3607
310.3521
310.2678
310.2897
310.2519
310.3302
310.2897
310.3116
310.4177
310.4675
310.4151
310.3885
310.4559
310.4293
310.3769
310.3682
310.3177
310.2682
310.3394
310.306
310.3798
310.3278
310.4291
310.4628
310.4239
310.468
310.3835
310.3295
310.328
310.385
310.4323
310.4726
310.4712
310.4338
310.3913
310.3254
310.3464
310.2943
310.386
310.3307
310.3517
310.4404
310.4736
310.3948
310.4382
310.4352
310.4789
310.4
310.3945
310.3354
310.2975
310.3563
310.3339
310.396
310.3548
310.4436
310.4835
310.4414
310.4047
310.482
310.445
310.4032
310.5365
310.543
310.5313
310.5482
310.5232
310.5024
310.5009
310.5247
310.5396
310.5529
310.5514
310.5411
310.5307
310.5032
310.485
310.4679
310.5255
310.5084
310.4902
310.5471
310.5536
310.5015
310.5185
310.5419
310.5588
310.5067
310.5338
310.513
310.471
310.4948
310.5116
310.5353
310.4934
310.5502
310.5634
310.5217
310.5113
310.562
310.5517
310.5099
310.5648
310.561
310.5596
310.5663
310.5648
310.561
310.5595
310.5663
310.568
310.5709
310.5695
310.5695
310.5723
310.5617
310.5268
310.5267
310.567
310.5669
310.5321
310.5754
310.5716
310.53
310.5367
310.5702
310.5769
310.5353
310.5754
310.5715
310.5299
310.5367
310.5701
310.5769
310.5352
310.5786
310.5815
310.5399
310.5399
310.58
310.58
310.5384
310.5615
310.5509
310.5562
310.5562
310.5679
310.5709
310.5694
310.5693
310.5646
310.5608
310.5593
310.5661
310.5753
310.5716
310.5299
310.5367
310.57
310.5768
310.5351
310.5721
310.5616
310.5266
310.5266
310.5668
310.5668
310.5319
310.5784
310.5814
310.5399
310.5398
310.58
310.5799
310.5383
310.5753
310.5715
310.5298
310.5366
310.57
310.5767
310.5351
310.5208
310.4937
310.5155
310.499
310.54
310.5529
310.5514
310.5414
310.524
310.5037
310.5022
310.5254
310.5475
310.5537
310.5019
310.5187
310.5423
310.5589
310.5072
310.5316
310.5046
310.4858
310.4693
310.5263
310.5098
310.4911
310.5507
310.5636
310.5218
310.5118
310.5621
310.5522
310.5104
310.5347
310.5145
310.4725
310.4958
310.513
310.5362
310.4943
310.383
310.3214
310.3776
310.3268
310.4347
310.4745
310.473
310.4362
310.3863
310.3317
310.3301
310.3878
310.4426
310.4755
310.3966
310.4401
310.4373
310.4808
310.4019
310.3933
310.3259
310.3475
310.2935
310.3879
310.3313
310.3529
310.4458
310.4854
310.4432
310.4066
310.484
310.4473
310.4051
310.3965
310.3361
310.2968
310.3576
310.3346
310.398
310.3561
310.4323
310.4726
310.4338
310.4711
310.3803
310.3194
310.3248
310.3749
310.4291
310.4627
310.468
310.4238
310.3945
310.3354
310.3563
310.2975
310.396
310.3339
310.3548
310.4435
310.4834
310.4046
310.4414
310.445
310.482
310.4032
310.3913
310.3253
310.2942
310.3463
310.3307
310.386
310.3516
310.4404
310.4736
310.4382
310.3947
310.4788
310.4351
310.4
310.5396
310.5528
310.5411
310.5514
310.52
310.4925
310.4977
310.5148
310.5364
310.5429
310.5482
310.5312
310.5338
310.513
310.4948
310.471
310.5353
310.5115
310.4934
310.5502
310.5634
310.5113
310.5217
310.5517
310.5619
310.5099
310.5307
310.5032
310.4678
310.4849
310.5084
310.5254
310.4902
310.5471
310.5535
310.5185
310.5014
310.5588
310.5418
310.5067
310.568
310.5709
310.5695
310.5694
310.5616
310.551
310.5563
310.5564
310.5648
310.561
310.5663
310.5595
310.5754
310.5715
310.5367
310.5298
310.5769
310.57
310.5352
310.5786
310.5815
310.5399
310.5399
310.58
310.58
310.5384
310.5722
310.5616
310.5267
310.5267
310.5669
310.567
310.532
310.5754
310.5716
310.5367
310.5299
310.5768
310.5701
310.5352
310.5646
310.5608
310.5661
310.5593
310.5646
310.5609
310.5662
310.5594
310.5614
310.5508
310.5561
310.5561
310.5784
310.5814
310.5398
310.5398
310.5799
310.58
310.5383
310.5752
310.5715
310.5366
310.5298
310.5767
310.57
310.5351
310.5753
310.5715
310.5366
310.5298
310.5768
310.57
310.5351
310.5721
310.5615
310.5266
310.5266
310.5668
310.5668
310.5319
310.5239
310.5036
310.5254
310.5021
310.5367
310.5429
310.5482
310.5314
310.5207
310.4936
310.4989
310.5154
310.5507
310.5635
310.5118
310.5218
310.5521
310.5621
310.5103
310.5347
310.5145
310.4958
310.4724
310.5362
310.513
310.4943
310.5475
310.5536
310.5186
310.5018
310.5589
310.5422
310.5071
310.5315
310.5045
310.4692
310.4858
310.5098
310.5263
310.4911
310.3862
310.3316
310.3878
310.3301
310.4315
310.4644
310.4698
310.4261
310.3829
310.3213
310.3267
310.3775
310.4458
310.4854
310.4066
310.4432
310.4473
310.4839
310.4051
310.3965
310.3361
310.3576
310.2968
310.398
310.3345
310.3561
310.4426
310.4754
310.44
310.3965
310.4807
310.4372
310.4018
310.3932
310.3258
310.2934
310.3474
310.3312
310.3878
310.3528
310.4043
310.4547
310.4158
310.4432
310.3393
310.2619
310.2836
310.3176
310.3883
310.4052
310.4272
310.3664
310.3665
310.3173
310.3383
310.2693
310.378
310.3057
310.3268
310.4157
310.4657
310.3867
310.4135
310.4272
310.4542
310.3753
310.3506
310.268
310.2532
310.2892
310.2897
310.3289
310.3109
310.3998
310.4164
310.3975
310.3376
310.4382
310.3781
310.3593
310.5117
310.535
310.5232
310.5234
310.4792
310.4349
310.4569
310.4572
310.4956
310.4852
310.5073
310.4735
310.506
310.4952
310.477
310.4431
310.5175
310.4838
310.4654
310.5224
310.5456
310.4934
310.4936
310.5339
310.5341
310.4819
310.49
310.4459
310.427
310.4272
310.4678
310.468
310.4493
310.5063
310.4959
310.4774
310.4436
310.518
310.4843
310.4657
310.54
310.553
310.5515
310.5414
310.5206
310.4933
310.5154
310.4986
310.5238
310.5031
310.5252
310.5017
310.5475
310.5537
310.5187
310.5018
310.559
310.5422
310.5071
310.5506
310.5636
310.5219
310.5117
310.5622
310.552
310.5103
310.5313
310.504
310.4855
310.4687
310.526
310.5093
310.4908
310.5345
310.5138
310.4954
310.4718
310.5359
310.5124
310.494
310.5365
310.5428
310.5481
310.5312
310.5235
310.503
310.5251
310.5014
310.5203
310.4928
310.515
310.4982
310.5504
310.5635
310.5217
310.5116
310.562
310.552
310.5101
310.5472
310.5535
310.5185
310.5016
310.5588
310.542
310.5069
310.5342
310.5137
310.4954
310.4716
310.5358
310.5122
310.4938
310.531
310.5036
310.4853
310.4684
310.5258
310.5089
310.4906
310.4958
310.4856
310.5074
310.474
310.4956
310.4849
310.507
310.4734
310.4796
310.4356
310.4578
310.4574
310.5226
310.5456
310.4938
310.4936
310.5342
310.534
310.4821
310.5067
310.4965
310.4777
310.4442
310.5182
310.4849
310.4661
310.5064
310.4957
310.4773
310.4436
310.5178
310.4843
310.4658
310.4905
310.4466
310.4279
310.4276
310.4687
310.4684
310.4498
310.3576
310.313
310.3693
310.3012
310.3901
310.4064
310.4285
310.368
310.3413
310.2627
310.2848
310.3192
310.4176
310.4674
310.3884
310.415
310.4292
310.4558
310.3767
310.368
310.3175
310.3393
310.268
310.3797
310.3058
310.3276
310.4014
310.4176
310.3987
310.3385
310.4396
310.3794
310.3605
310.3518
310.2675
310.2517
310.2894
310.2895
310.3299
310.3113
310.2991
310.3759
310.3373
310.3373
310.2039
310.107
310.152
310.1511
310.2507
310.2318
310.2883
310.1949
310.2631
310.2395
310.2606
310.1667
310.3003
310.2031
310.2235
310.3114
310.3873
310.3086
310.3084
310.3492
310.3491
310.271
310.2155
310.1162
310.1237
310.122
310.1599
310.1585
310.1764
310.2625
310.2373
310.2596
310.1642
310.2996
310.2011
310.2227
310.405
310.4556
310.4439
310.4167
310.3395
310.2607
310.3174
310.2827
310.3558
310.3108
310.3675
310.299
310.4001
310.4166
310.3978
310.3374
310.4386
310.3781
310.3594
310.4163
310.4665
310.4141
310.3873
310.4549
310.4279
310.3756
310.3503
310.266
310.2883
310.2508
310.3284
310.2879
310.3102
310.3664
310.3159
310.338
310.267
310.3781
310.3041
310.3264
310.4333
310.4735
310.4721
310.4347
310.381
310.319
310.3756
310.3244
310.3841
310.329
310.3856
310.3276
310.4412
310.4745
310.4391
310.3954
310.4798
310.436
310.4007
310.4444
310.4844
310.4423
310.4052
310.483
310.4458
310.4038
310.3915
310.324
310.3461
310.2923
310.3862
310.3294
310.3515
310.3947
310.334
310.356
310.2955
310.3961
310.3326
310.3546
310.4296
310.4632
310.4685
310.4243
310.3838
310.3289
310.3854
310.3272
310.3804
310.3184
310.375
310.3239
310.4441
310.4843
310.442
310.4051
310.4827
310.4457
310.4035
310.4408
310.4741
310.4388
310.3949
310.4794
310.4355
310.4002
310.3943
310.3339
310.3559
310.2951
310.396
310.3322
310.3543
310.391
310.3234
310.3456
310.2918
310.3856
310.3289
310.351
310.3887
310.4059
310.4277
310.367
310.3553
310.3102
310.3669
310.2986
310.3393
310.2607
310.3176
310.2825
310.416
310.4662
310.414
310.3869
310.4547
310.4275
310.3754
310.4001
310.4171
310.398
310.3378
310.4388
310.3785
310.3594
310.3661
310.3153
310.3375
310.2666
310.3776
310.3037
310.326
310.3502
310.266
310.2884
310.2505
310.3286
310.2876
310.31
310.2519
310.2335
310.2899
310.1961
310.2513
310.232
310.2888
310.1952
310.2042
310.1057
310.1513
310.1509
310.312
310.3882
310.3093
310.3089
310.3502
310.3497
310.2713
310.2632
310.2385
310.2604
310.164
310.3008
310.2017
310.2229
310.2628
310.2375
310.2598
310.1639
310.3
310.2011
310.2227
310.2152
310.114
310.1205
310.1207
310.1579
310.1578
310.1754
310.0855
310.1642
310.1274
310.0878
310.1652
310.1282
310.2096
310.2098
310.1723
310.1891
310.2433
310.2316
310.2389
310.2993
310.2611
310.2892
310.3158
310.2774
310.2177
310.2615
310.2601
310.2974
310.3412
310.3027
310.3074
310.3444
310.3059
310.2139
310.2509
310.2564
310.3072
310.3441
310.3056
310.2969
310.3408
310.3023
310.1724
310.1933
310.2151
310.2887
310.3157
310.2772
310.2392
310.2995
310.261
310.042
310.0413
310.0825
310.2099
310.2101
310.1723
310.0843
310.1643
310.127
310.239
310.299
310.2609
310.1909
310.2435
310.2319
310.3152
310.2886
310.277
310.3457
310.3799
310.3681
310.3452
310.3795
310.3678
310.3964
310.3962
310.3845
310.3744
310.3983
310.3968
310.4047
310.4219
310.4101
310.4148
310.4251
310.4133
310.3709
310.388
310.3933
310.4147
310.4249
310.4131
310.4045
310.4216
310.4099
310.3295
310.3298
310.3519
310.3963
310.3964
310.3847
310.3462
310.3801
310.3684
310.1936
310.1725
310.2157
310.3164
310.2898
310.2781
310.1888
310.2437
310.232
310.2966
310.3401
310.3019
310.2192
310.2616
310.2601
310.3433
310.3066
310.3051
310.4043
310.4216
310.4097
310.3735
310.3976
310.3961
310.4248
310.4144
310.4129
310.4333
310.4402
310.4387
310.4332
310.4402
310.4387
310.4434
310.4434
310.4419
310.4299
310.4299
310.4353
310.4434
310.4433
310.4418
310.4331
310.44
310.4385
310.3883
310.3715
310.3937
310.4249
310.4148
310.4133
310.3748
310.3985
310.397
310.252
310.2143
310.2574
310.345
310.3082
310.3067
310.2176
310.2622
310.2607
310.3066
310.3433
310.3051
310.2159
310.2515
310.2568
310.3401
310.2966
310.3019
310.4143
310.4248
310.4128
310.3702
310.3875
310.3929
310.4216
310.4043
310.4096
310.4434
310.4434
310.4419
310.43
310.43
310.4354
310.4401
310.4333
310.4387
310.44
310.4331
310.4385
310.4401
310.4331
310.4385
310.4299
310.4298
310.4352
310.3984
310.3747
310.3969
310.4217
310.4046
310.41
310.3715
310.3883
310.3937
310.2622
310.2176
310.2606
310.3417
310.2979
310.3034
310.2142
310.2519
310.2573
310.2885
310.3151
310.2769
310.1747
310.1939
310.2157
310.2988
310.2388
310.2607
310.3961
310.3963
310.3844
310.3288
310.329
310.3513
310.3798
310.3456
310.3679
310.425
310.4147
310.4132
310.3881
310.371
310.3935
310.3981
310.3742
310.3967
310.4216
310.4044
310.4098
310.3981
310.374
310.3965
310.3878
310.3707
310.3932
310.38
310.3461
310.3683
310.3796
310.3455
310.368
310.3296
310.3293
310.3517
310.2436
310.1886
310.2318
310.2999
310.2394
310.2616
310.1722
310.1933
310.2155
310.2095
310.2092
310.1719
310.0447
310.043
310.0835
310.1637
310.0848
310.1269
310.3156
310.2888
310.2771
310.1927
310.172
310.2147
310.2428
310.1884
310.2311
310.3441
310.307
310.3056
310.251
310.2138
310.2564
310.261
310.217
310.2596
310.3405
310.2965
310.3019
310.2609
310.2166
310.2592
310.2504
310.2133
310.2559
310.2992
310.2388
310.2606
310.2423
310.1879
310.2307
310.1928
310.1717
310.2145
310.164
310.0838
310.1265
310.1637
310.0844
310.1266
310.0407
310.0413
310.082
)
;

boundaryField
{
    solid_to_air
    {
        type            compressible::turbulentTemperatureRadCoupledMixed;
        refValue        nonuniform List<scalar> 
1536
(
300.9627
300.961
300.9626
300.9629
300.9611
300.9601
300.933
300.8348
300.8031
300.7985
300.801
300.8274
300.9371
300.8089
300.792
300.7925
300.7905
300.8009
300.9383
300.8051
300.7921
300.794
300.7913
300.7976
300.9365
300.812
300.7924
300.7921
300.7908
300.804
300.9343
300.8514
300.8155
300.809
300.8135
300.8447
301.5368
301.5192
300.5961
300.6245
300.6224
300.6408
300.6472
300.6451
300.6521
300.6387
300.6429
300.6217
300.6083
301.5269
300.6224
300.6146
300.9208
300.9602
300.9676
300.9551
300.9013
300.6298
300.6376
300.6385
300.9587
301.0029
301.0119
300.9986
300.9392
300.6466
300.6413
300.6431
300.9656
301.0108
301.0202
301.0067
300.9461
300.6508
300.6347
300.6339
300.9526
300.9965
301.0053
300.992
300.9329
300.6435
300.6182
300.5997
300.898
300.9361
300.9433
300.9311
300.8793
300.625
301.5368
300.6244
300.6407
300.645
300.6386
300.6216
301.9434
300.6995
300.7026
300.7153
300.718
300.7219
300.7219
300.7186
300.716
300.7039
300.7001
301.8929
301.9065
300.6909
300.9637
300.9345
300.8715
300.9627
300.8514
300.8205
300.9631
300.8156
300.8096
300.9616
300.8091
300.8112
300.9584
300.8135
300.8314
300.9958
300.8447
300.9945
301.9422
300.7126
300.6942
300.706
300.8553
300.9366
300.8302
300.8069
300.8121
300.7939
300.7989
300.7925
300.7921
300.7995
300.7921
300.7911
300.8151
300.7908
300.7958
300.991
300.804
300.99
300.7162
300.7294
300.7085
300.712
300.8259
300.9384
300.8207
300.793
300.8051
300.7924
300.7924
300.7921
300.7938
300.7911
300.794
300.7922
300.7937
300.7913
300.7918
300.9895
300.7976
300.9893
300.7322
300.7361
300.712
300.7085
300.8207
300.9371
300.8259
300.7924
300.8089
300.7928
300.7939
300.7919
300.7923
300.7923
300.7924
300.7911
300.7918
300.7905
300.7937
300.9894
300.8009
300.9895
300.7361
300.7322
300.7059
300.694
300.8301
300.9329
300.8553
300.7938
300.8347
300.8067
300.7921
300.803
300.7987
300.7911
300.7984
300.7995
300.7958
300.801
300.8151
300.9901
300.8273
300.991
300.7294
300.7162
300.6907
301.9063
300.8713
300.9625
300.9635
301.9432
300.6992
300.8203
300.961
300.9626
300.7024
300.7151
300.8094
300.9625
300.963
300.7178
300.7217
300.8111
300.9628
300.9615
300.7217
300.7184
300.8313
300.9612
300.9583
300.7158
300.7037
300.9946
300.9601
300.9958
300.7125
300.6999
301.9419
301.8927
300.6204
300.6071
300.6184
300.5999
300.8766
300.6379
300.6427
300.8983
300.9306
300.6451
300.6522
300.9364
300.9438
300.6416
300.6476
300.9435
300.9376
300.6261
300.6233
300.9314
300.9009
301.5036
300.5978
300.8795
300.6251
300.6173
300.898
300.6348
300.634
300.9288
300.9543
300.9528
300.9904
300.9679
300.9967
301.0058
300.9615
301.0055
300.9987
300.9236
300.9922
300.9565
300.633
300.933
300.6436
300.6536
300.9347
300.6413
300.6432
300.9414
300.9967
300.9657
301.0045
301.0122
301.0109
301.0205
301.0053
301.0203
301.0134
300.9628
301.0068
300.9699
300.6584
300.9462
300.6508
300.6633
300.9414
300.6375
300.6384
300.9346
301.0046
300.9586
300.9966
301.0205
301.0028
301.0121
301.0134
301.0119
301.0051
300.9699
300.9986
300.9627
300.6633
300.9392
300.6466
300.6584
300.9287
300.6223
300.6145
300.8977
300.9904
300.9205
300.954
301.0057
300.9599
300.9677
300.9987
300.9674
300.9613
300.9564
300.9549
300.9234
300.6535
300.9011
300.6297
300.6329
300.8763
301.5191
300.596
300.6202
300.6069
300.9303
300.6222
300.6377
300.6425
300.9436
300.647
300.6449
300.6521
300.9374
300.6519
300.6414
300.6475
300.9007
300.6427
300.626
300.6232
300.6172
300.6082
301.5267
301.5033
300.5977
300.9414
300.9955
300.9703
301.7517
301.7299
300.9643
300.9431
300.8947
300.9619
300.9019
300.8267
300.8305
300.8765
300.963
300.8793
300.8384
300.84
300.8729
300.9626
300.8729
300.8413
300.841
300.8805
300.9601
300.8776
300.837
300.8343
300.9045
300.9663
300.8972
300.8256
300.8385
301.7628
300.9792
300.9
300.9048
300.9345
300.8109
300.8145
300.8111
300.8211
300.8237
300.7949
300.8007
300.7964
300.7934
300.7984
300.7935
300.7959
300.8034
300.7944
300.8323
300.8436
300.816
300.8473
300.8512
300.8877
300.8896
300.9379
300.8222
300.8237
300.7981
300.7995
300.8068
300.792
300.7918
300.7918
300.7927
300.7921
300.793
300.7899
300.7901
300.7906
300.8124
300.8149
300.799
300.859
300.8605
300.8864
300.8859
300.9382
300.8249
300.8245
300.7973
300.797
300.8056
300.7922
300.7925
300.7919
300.7933
300.7937
300.7935
300.79
300.7901
300.7909
300.811
300.8104
300.798
300.8618
300.8613
300.8956
300.8925
300.9352
300.8203
300.8175
300.8052
300.8017
300.8166
300.7925
300.7919
300.7935
300.7918
300.7918
300.792
300.7924
300.7908
300.7917
300.8243
300.8189
300.8086
300.8572
300.8544
300.9171
300.9114
300.9412
300.8091
300.8238
300.857
300.8372
300.8695
300.8314
300.8123
300.835
300.8274
300.809
300.8273
300.8372
300.817
300.8332
300.8747
300.8596
300.8635
300.8454
300.8597
301.7514
300.9641
300.8265
300.8303
300.8383
300.8398
300.8412
300.8408
300.8369
300.8342
300.8255
300.8384
300.9231
300.6357
300.735
300.6287
300.7286
300.9319
300.631
300.6296
300.9206
300.9548
300.6499
300.643
300.9516
300.9569
300.6515
300.6446
300.9574
300.9411
300.6382
300.6353
300.9469
300.8867
300.6037
300.6307
300.9045
300.9335
300.9226
300.6229
300.6271
300.9517
300.9361
300.9354
300.9821
300.9647
300.9773
300.9847
300.967
300.9854
300.9638
300.9473
300.9723
300.8892
300.8765
300.9156
300.9555
300.9526
300.641
300.6395
300.9808
300.9764
300.9628
301.0132
301.0084
301.0077
301.0163
301.0113
301.017
300.9939
300.9893
301.0035
300.914
300.9105
300.9432
300.9572
300.9579
300.6425
300.6407
300.9827
300.9838
300.9646
301.0152
301.0164
301.0097
301.0184
301.0197
301.0191
300.996
300.9971
301.0056
300.9159
300.9167
300.9452
300.9411
300.9471
300.6292
300.6312
300.9612
300.97
300.9445
300.9919
301.0019
300.9869
300.9946
301.0047
300.9953
300.9736
300.9829
300.9823
300.8979
300.9047
300.9252
300.8874
300.9043
300.5965
300.6285
300.8871
300.9126
300.8743
300.9119
300.9404
300.9082
300.914
300.9427
300.9145
300.897
300.9238
300.9034
300.8368
300.8561
300.8565
300.8252
300.8411
302.0209
300.8852
300.9509
300.7472
300.7179
300.7692
300.8367
300.8338
300.7492
300.7073
300.7532
300.7603
300.7117
300.7572
300.8414
300.8409
300.7625
300.72
300.7643
300.7659
300.7213
300.7653
300.8388
300.8402
300.7658
300.7214
300.7654
300.7629
300.7204
300.7645
300.8276
300.8312
300.7607
300.7127
300.7578
300.7501
300.7085
300.7541
301.7272
300.9521
300.7473
300.7147
300.7647
301.9821
300.8662
300.9293
300.8092
300.824
301.9917
300.8654
300.9257
300.7343
300.7073
300.7538
300.919
300.9705
300.9115
300.9171
300.9413
300.9115
300.8978
300.8859
300.8888
300.8882
300.9619
300.8836
300.857
300.8695
300.8372
300.8473
300.8406
300.8272
300.8744
300.963
300.8734
300.8315
300.8351
300.8124
300.8292
300.828
300.8105
300.8736
300.9623
300.8751
300.8275
300.8274
300.809
300.8284
300.8303
300.8097
300.8846
300.9595
300.8898
300.8373
300.8333
300.8171
300.8433
300.8517
300.8226
300.9328
300.9941
301.0252
300.8747
300.8635
300.8596
300.9023
301.0008
300.8913
300.8454
300.8598
302.0356
300.8929
300.9654
300.7666
300.7296
300.7871
300.8204
300.8176
300.7366
300.6986
300.7405
300.7471
300.7028
300.7442
300.8667
300.8762
300.8438
300.8956
300.9353
300.8926
300.8592
300.8357
300.8539
300.8037
300.8124
300.7992
300.8053
300.8167
300.8018
300.7991
300.7956
300.7965
300.7941
300.7994
300.7938
300.7926
300.7935
300.7919
300.7922
300.7921
300.7919
300.7934
300.7986
300.7937
300.7918
300.792
300.7918
300.7916
300.7915
300.7914
300.7988
300.8075
300.805
300.7924
300.7917
300.7908
300.7943
300.7993
300.7919
300.8713
300.8796
300.9908
300.8242
300.8086
300.8189
300.8647
300.9899
300.8601
300.8572
300.8544
300.769
300.7212
300.7733
300.7806
300.7257
300.7773
300.825
300.8245
300.7492
300.7104
300.7508
300.7522
300.7115
300.7518
300.8465
300.8494
300.8231
300.8864
300.9382
300.8859
300.8447
300.8215
300.8439
300.794
300.7949
300.7924
300.7973
300.8056
300.797
300.7936
300.7923
300.7934
300.7924
300.792
300.7929
300.7923
300.7919
300.7925
300.7929
300.7934
300.7931
300.7922
300.7916
300.7914
300.7933
300.7935
300.7937
300.7927
300.7918
300.7931
300.79
300.7906
300.7925
300.79
300.7909
300.7901
300.7898
300.792
300.7898
300.8539
300.8563
300.9895
300.811
300.798
300.8103
300.8525
300.9893
300.8519
300.8618
300.8613
300.7828
300.7342
300.7846
300.7861
300.7355
300.7856
300.8221
300.8236
300.7522
300.7114
300.7517
300.7491
300.7103
300.7508
300.8447
300.8439
300.8214
300.8876
300.9378
300.8895
300.8465
300.8231
300.8494
300.7936
300.7934
300.7923
300.798
300.8067
300.7995
300.794
300.7924
300.7949
300.7929
300.7931
300.7934
300.7919
300.7917
300.7917
300.7924
300.7928
300.7919
300.7927
300.793
300.7919
300.7927
300.7929
300.7921
300.7921
300.7914
300.7916
300.7898
300.7898
300.792
300.7899
300.7906
300.7901
300.79
300.7925
300.7906
300.8525
300.8519
300.9893
300.8124
300.7989
300.8149
300.854
300.9894
300.8563
300.859
300.8605
300.7861
300.7355
300.7856
300.7828
300.7342
300.7846
300.8107
300.8143
300.747
300.7026
300.744
300.7365
300.6985
300.7403
300.8592
300.8538
300.8357
300.9
300.9343
300.9048
300.8668
300.8438
300.8763
300.799
300.7964
300.7956
300.811
300.8236
300.8211
300.8036
300.7991
300.8124
300.7922
300.7918
300.7921
300.7948
300.7963
300.8007
300.7941
300.7937
300.7994
300.7916
300.7913
300.7916
300.7934
300.7935
300.7983
300.7934
300.7937
300.7986
300.7943
300.7919
300.7993
300.7959
300.7944
300.8034
300.7988
300.805
300.8075
300.8647
300.8601
300.99
300.8322
300.8159
300.8436
300.8713
300.9908
300.8796
300.8472
300.8511
300.7805
300.7257
300.7773
300.769
300.7211
300.7732
301.7298
300.9429
300.7341
300.7071
300.7536
301.9916
300.8652
300.9256
300.8977
300.8886
300.8858
300.9413
300.9701
300.9953
300.9189
300.9114
300.9704
300.825
300.8409
302.0205
300.885
300.9507
300.747
300.7177
300.769
300.8472
300.8271
300.8404
300.8947
300.9019
300.9618
300.8882
300.8835
300.9617
300.8365
300.8335
300.749
300.7071
300.753
300.7601
300.7115
300.7569
300.8292
300.8104
300.8279
300.8764
300.8792
300.9629
300.8745
300.8734
300.9629
300.8412
300.8407
300.7623
300.7198
300.7641
300.7657
300.721
300.7651
300.8284
300.8096
300.8302
300.8729
300.8728
300.9625
300.8737
300.8751
300.9622
300.8386
300.84
300.7657
300.7213
300.7653
300.7628
300.7202
300.7643
300.8432
300.8225
300.8516
300.8805
300.8776
300.96
300.8846
300.8898
300.9594
300.8275
300.8311
300.7606
300.7125
300.7577
300.7499
300.7083
300.7539
300.9021
300.8912
301.0008
300.9044
300.8971
300.9662
300.9327
301.0251
300.9941
301.7625
301.727
300.9791
300.9519
300.7665
300.7295
300.787
300.7472
300.7145
300.7645
302.0354
301.982
300.8927
300.866
300.9653
300.9292
300.8859
300.6038
300.6314
300.9024
300.8876
300.5967
300.6287
300.9046
300.836
300.8543
300.8547
300.94
300.6379
300.6342
300.9463
300.8873
300.8746
300.9129
300.8961
300.9032
300.9225
300.9567
300.6515
300.6444
300.9576
300.9121
300.9086
300.9407
300.9141
300.9151
300.9428
300.9551
300.65
300.6435
300.9525
300.9142
300.9148
300.943
300.9124
300.9094
300.941
300.9332
300.6317
300.631
300.9224
300.8972
300.9037
300.924
300.8886
300.8765
300.9147
300.9205
300.6341
300.7268
300.6427
300.7356
300.837
300.8567
300.8563
300.8846
300.6124
300.6349
300.9018
300.8869
300.8746
300.912
300.9413
300.6294
300.6313
300.9472
300.8953
300.9212
300.902
300.9618
300.9457
300.9711
300.9614
300.9447
300.9702
300.9714
300.9811
300.9804
300.9844
300.9668
300.9858
300.9922
300.9872
301.0021
300.9943
300.9958
301.0043
300.9827
300.9651
300.979
300.9948
300.9955
301.0049
300.9928
300.989
301.0029
300.9541
300.938
300.9387
300.9738
300.9825
300.983
300.9641
300.9483
300.9731
300.9313
300.92
300.6418
300.6351
300.8981
300.9253
300.9048
300.9395
300.6488
300.6398
300.9454
300.9107
300.9074
300.9386
300.9572
300.6425
300.6407
300.958
300.9125
300.9405
300.9133
300.991
300.9866
301.0015
300.9828
300.9647
300.9839
300.9929
301.0034
300.9941
301.0157
301.0107
301.0173
301.0153
301.0098
301.0165
301.0177
301.0193
301.0189
301.0144
301.0094
301.0102
301.0185
301.0192
301.0197
301.0165
301.0123
301.0177
300.9841
300.9796
300.9669
300.9961
301.0057
300.9972
300.9862
300.9689
300.9873
300.9541
300.951
300.661
300.6488
300.9159
300.9452
300.9167
300.956
300.6627
300.6501
300.9566
300.9124
300.9133
300.9405
300.9554
300.641
300.6395
300.9524
300.9106
300.9385
300.9073
300.9929
300.9941
301.0035
300.9807
300.9627
300.9763
300.9908
301.0013
300.9864
301.0177
301.0189
301.0194
301.0132
301.0077
301.0083
301.0155
301.0171
301.0106
301.0165
301.0177
301.0123
301.0162
301.0169
301.0113
301.0142
301.0101
301.0093
300.9862
300.9873
300.9689
300.9939
301.0034
300.9893
300.984
300.9668
300.9796
300.956
300.9566
300.6626
300.6501
300.9139
300.9431
300.9105
300.9541
300.661
300.6488
300.951
300.8951
300.9019
300.921
300.9332
300.6228
300.627
300.9223
300.8866
300.9117
300.8743
300.9712
300.9803
300.9809
300.9515
300.9352
300.9358
300.9615
300.9709
300.9454
300.9942
301.0042
300.9956
300.982
300.9771
300.9644
300.9842
300.9855
300.9665
300.9927
301.0028
300.9888
300.9846
300.9852
300.9668
300.9826
300.9788
300.9649
300.964
300.973
300.9481
300.9637
300.9721
300.9472
300.9539
300.9385
300.9379
300.9393
300.9453
300.6487
300.6397
300.8891
300.9155
300.8764
300.9312
300.6417
300.6351
300.9199
300.8357
300.8544
300.854
300.9228
300.6285
300.7285
300.6355
300.7349
300.8857
300.9021
300.6036
300.6312
300.8959
300.9222
300.9029
300.9316
300.9202
300.6308
300.6295
300.9398
300.9459
300.6377
300.634
300.9139
300.9425
300.9148
300.9546
300.9512
300.6497
300.6428
300.9565
300.9573
300.6514
300.6442
300.9122
300.9408
300.9092
300.9566
300.9571
300.6513
300.6444
300.955
300.9522
300.6499
300.6433
300.8885
300.9145
300.8763
300.9409
300.9466
300.638
300.6351
300.9331
300.9222
300.6315
300.6309
300.8844
300.9016
300.6123
300.6348
300.8865
300.9043
300.6036
300.6306
300.9204
300.6426
300.7355
300.6339
300.7267
)
;
        refGradient     nonuniform List<scalar> 
1536
(
0.04932896
0.04633749
0.0452658
0.04480689
0.04460841
0.0451947
0.04730763
0.04362862
0.04251694
0.0420274
0.04178467
0.04234628
0.0465911
0.04288236
0.04175789
0.04125508
0.04099802
0.04154201
0.04648425
0.04276851
0.04163818
0.04112834
0.04086312
0.04139581
0.04665843
0.04293885
0.0418094
0.04129931
0.04103171
0.04156251
0.04766271
0.04398387
0.04286138
0.0423563
0.04209505
0.04262942
0.02426765
0.05720239
-1.271419
0.005775437
-1.280968
0.005080813
-1.28197
0.004938743
-1.282139
0.005008443
-1.281816
0.005824774
-1.280466
-0.007735933
0.04716362
-1.270766
-1.283498
-1.284524
-1.284695
-1.284374
-1.282987
-0.02612806
0.04662005
-1.271755
-1.28451
-1.285549
-1.285723
-1.285402
-1.284004
-0.02730618
0.04656038
-1.271928
-1.284682
-1.285724
-1.285898
-1.285577
-1.284178
-0.02774197
0.04665565
-1.271613
-1.284366
-1.285403
-1.285577
-1.285255
-1.283858
-0.0277465
0.04745514
-1.270264
-1.282971
-1.283991
-1.284161
-1.28384
-1.28246
-0.02676213
0.02060162
0.002134049
0.001438962
0.001296881
0.00136688
0.002184042
0.03749195
0.02380263
0.02339579
0.02272167
0.02261526
0.022463
0.02244354
0.02247424
0.02253701
0.02307055
0.02343206
0.02188456
0.06489366
0.06492919
0.04682027
0.04770292
0.04455589
0.045444
0.04404911
0.04312488
0.04489819
0.04294066
0.04255329
0.04462001
0.04245408
0.04223933
0.0449126
0.04221723
0.04249836
0.04606637
0.04278324
0.04363
0.01199332
0.006505686
0.06456227
0.06399964
0.04413818
0.04668111
0.04348729
0.04270136
0.04297495
0.04204015
0.04212757
0.04185311
0.04145603
0.0418085
0.04135316
0.0411257
0.04206155
0.04109895
0.04136688
0.04319433
0.04164715
0.04246909
0.006000576
0.005086628
0.06392396
0.06384296
0.04339456
0.04648682
0.04328494
0.04194562
0.04277261
0.04183234
0.04135861
0.04164308
0.04123945
0.04102541
0.04113437
0.04089983
0.04126329
0.04087065
0.04112966
0.04235349
0.04140531
0.04219345
0.004916019
0.004620105
0.06384102
0.06391052
0.04328098
0.04657332
0.04336761
0.04182761
0.04285416
0.04191312
0.04123371
0.04172367
0.04131866
0.04089266
0.04121289
0.04097568
0.04112065
0.04094534
0.04120078
0.04217924
0.04147576
0.04225486
0.004570369
0.004570421
0.06398253
0.06453527
0.04345273
0.04727137
0.04408243
0.04199846
0.04357023
0.04263394
0.04140491
0.04244607
0.04204475
0.04106206
0.04194
0.04170532
0.04128694
0.04167548
0.04193188
0.04234299
0.04220888
0.04298951
0.004644458
0.005279787
0.06489952
0.06371321
0.04449359
0.04923307
0.04667391
0.03380037
0.01998081
0.04304939
0.04618529
0.04527236
0.01957367
0.01889916
0.04246055
0.04508686
0.04469444
0.01879269
0.01864041
0.04212381
0.04459376
0.04437504
0.01862097
0.01865187
0.04235316
0.04435146
0.04461516
0.01871475
0.01924886
0.04340053
0.04488212
0.04571448
0.00569683
0.01961063
0.01036799
0.02054199
0.006153063
-1.280468
0.04749702
-1.270269
-1.282456
0.005171687
-1.281828
-1.282976
-1.283851
0.004955814
-1.282142
-1.283995
-1.284167
0.004956327
-1.281959
-1.284165
-1.283987
0.005486836
-1.280965
-1.283844
-1.282982
0.008298599
-1.285185
-1.282465
-0.02559884
-1.291741
-1.282974
0.04667936
-1.271615
-1.283837
-1.28438
-1.284367
-1.285258
-1.284697
-1.285405
-1.285579
-1.284518
-1.285578
-1.285401
-1.283508
-1.285257
-1.284385
-1.292245
-1.28386
-0.02711151
-1.293107
-1.283979
0.04656307
-1.271928
-1.284151
-1.285402
-1.284682
-1.285576
-1.285725
-1.285724
-1.2859
-1.285546
-1.285899
-1.285721
-1.284529
-1.285577
-1.284703
-1.29325
-1.284178
-0.02767058
-1.293426
-1.28415
0.04660146
-1.271754
-1.283978
-1.285576
-1.284509
-1.285401
-1.2859
-1.285548
-1.285724
-1.285721
-1.285722
-1.285545
-1.284703
-1.285401
-1.284527
-1.293426
-1.284002
-0.02780238
-1.293248
-1.283836
0.04712578
-1.270763
-1.28297
-1.285257
-1.283495
-1.284376
-1.285578
-1.284521
-1.284694
-1.2854
-1.284692
-1.284514
-1.284383
-1.284371
-1.283504
-1.293104
-1.282983
-0.02716422
-1.29224
-1.282451
0.05639246
-1.272077
0.00251194
-1.281499
-1.283847
-1.281999
0.001529889
-1.282859
-1.284163
-1.283001
0.001313926
-1.283173
-1.283983
-1.283171
0.00131465
-1.28299
-1.282977
-1.282847
0.001845832
-1.281996
-1.291734
-1.281497
-0.009831201
0.006346205
-1.285843
0.0474236
0.04822932
0.04883466
0.0367773
0.0670503
0.03695524
0.06593429
0.04500602
0.04596168
0.04539003
0.03565208
0.03532715
0.0441459
0.04512215
0.04429417
0.03478477
0.03469295
0.04373207
0.04472752
0.04381649
0.03453615
0.03451094
0.04362442
0.04464119
0.04359673
0.03456016
0.03465136
0.04457218
0.04558811
0.04417013
0.0353899
0.03580721
0.02543507
0.02803219
0.04547902
0.04577269
0.04702078
0.06424306
0.06397125
0.04293443
0.04323672
0.04332738
0.04206101
0.04236662
0.04221219
0.04162884
0.04193826
0.04171906
0.04149216
0.0418061
0.04147187
0.04244122
0.04275939
0.04202893
0.02678873
0.02642951
0.04498132
0.04503917
0.0465352
0.06357514
0.06352653
0.04242926
0.04248769
0.04282433
0.04154345
0.04160427
0.04169771
0.04109917
0.04116243
0.04119248
0.04094997
0.04101586
0.04093288
0.04187815
0.04194869
0.04147323
0.02581761
0.02571294
0.04493711
0.04492692
0.04649492
0.06348505
0.06349471
0.04238194
0.04237277
0.04277787
0.04149151
0.04148286
0.04164704
0.04104156
0.04103377
0.04113644
0.0408852
0.04087866
0.04087007
0.04180307
0.04179771
0.04140144
0.02555204
0.02553852
0.04523568
0.04510142
0.04679089
0.0636429
0.06376617
0.04267768
0.04254294
0.04307334
0.0417906
0.04165425
0.04194547
0.04134162
0.04120436
0.04143647
0.04118382
0.04104636
0.04116926
0.04210457
0.0419657
0.04170067
0.02566878
0.02580373
0.04666188
0.04612466
0.04817699
0.06459958
0.0651021
0.04415794
0.0435905
0.04454924
0.04327582
0.04270738
0.04342979
0.04283313
0.04226285
0.04292583
0.04268551
0.04211093
0.04266862
0.04359965
0.04303169
0.04320229
0.02672639
0.02722792
0.0349487
0.03660358
0.03520822
0.03486903
0.03427923
0.03416988
0.03395463
0.03390782
0.0338852
0.03394995
0.03460087
0.0349786
-1.277493
-1.27763
0.01012627
-1.269187
0.04982485
-1.281744
-1.281345
0.005500956
-1.281365
-1.282464
-1.282062
0.005021501
-1.282372
-1.282513
-1.282111
0.00493029
-1.282541
-1.28202
-1.281617
0.005101341
-1.282219
-1.280398
-1.279967
0.006212255
-1.280859
-1.279659
-1.279284
-1.271139
0.0469323
-1.284273
-1.283887
-1.283882
-1.285006
-1.284617
-1.284913
-1.285058
-1.284668
-1.285085
-1.284563
-1.284174
-1.284764
-1.282917
-1.282534
-1.283372
-1.280368
-1.280277
-1.271847
0.04658779
-1.284994
-1.284903
-1.284601
-1.285736
-1.285643
-1.285642
-1.285789
-1.285696
-1.285816
-1.285293
-1.2852
-1.285495
-1.283639
-1.283547
-1.284096
-1.280424
-1.280449
-1.271902
0.04656288
-1.28505
-1.285075
-1.284656
-1.285792
-1.285818
-1.285698
-1.285846
-1.285872
-1.285872
-1.285349
-1.285375
-1.285551
-1.283695
-1.283721
-1.284152
-1.279936
-1.280135
-1.271415
0.04674823
-1.284557
-1.284758
-1.284165
-1.285293
-1.285497
-1.2852
-1.285345
-1.28555
-1.285372
-1.28485
-1.285054
-1.285051
-1.283199
-1.283401
-1.283655
-1.278158
-1.278774
-1.269665
0.04798194
-1.282693
-1.283357
-1.28231
-1.283415
-1.284083
-1.283323
-1.283465
-1.284133
-1.283493
-1.282971
-1.28364
-1.283171
-1.281353
-1.282011
-1.2818
0.03608445
0.03661624
0.03811272
0.02705001
0.02895479
0.02603181
0.02451641
0.02659984
0.03491158
0.03508636
0.02561842
0.023094
0.02531101
0.02492948
0.02287518
0.02508732
0.03457403
0.03462499
0.02481944
0.02254343
0.02474431
0.02465848
0.02249498
0.02469295
0.0345145
0.03450166
0.02463695
0.02243614
0.02462796
0.02466402
0.02244427
0.02463488
0.03504423
0.03480636
0.02472619
0.02264482
0.02483403
0.02526103
0.02281634
0.02500598
0.03291277
0.03580724
0.02562357
0.02368818
0.0260524
0.02338
0.02216159
0.02606059
0.06462191
0.06514132
0.06531945
0.06587406
0.06716646
0.06631825
0.06540312
0.06679116
0.04652629
0.04743402
0.04588481
0.04672213
0.04822162
0.04617868
0.04578283
0.04512446
0.04522344
0.04470836
0.04567002
0.04447699
0.0442346
0.04462235
0.04365891
0.04393506
0.04370239
0.04335823
0.04402116
0.04500195
0.04391268
0.04336928
0.0435186
0.04279081
0.04324335
0.04313332
0.04266422
0.04366242
0.04466318
0.04361389
0.04294871
0.04303527
0.04236612
0.04287662
0.04282535
0.04229244
0.04371467
0.04473618
0.04388805
0.04283011
0.04280521
0.04224028
0.04291796
0.04309029
0.04232663
0.0450068
0.0459993
0.04494375
0.04378252
0.0433741
0.04319549
0.04422081
0.04420003
0.04364024
0.0272625
0.0278251
0.01401201
0.008257863
0.01515349
0.01432776
0.00715777
0.01490438
0.06365594
0.06378186
0.06594641
0.06430011
0.06568002
0.06537317
0.0641188
0.0654952
0.04451329
0.04481044
0.0438386
0.04527216
0.04681833
0.04513153
0.04430489
0.04362916
0.04416346
0.04263216
0.04293522
0.04239738
0.04272357
0.04311711
0.04258073
0.04242035
0.04218466
0.04227674
0.04193287
0.04223933
0.04182017
0.04184647
0.04199847
0.04170024
0.04171744
0.04160386
0.04157044
0.04155264
0.04186314
0.04149681
0.0414107
0.04150177
0.04126125
0.04133356
0.04127678
0.04118333
0.04157583
0.04189083
0.04174532
0.04127029
0.04125083
0.04111757
0.04135305
0.04152148
0.04119952
0.04288546
0.04320523
0.04287086
0.04221397
0.04180336
0.04205582
0.04265539
0.04263553
0.04249428
0.02596247
0.02616035
0.01383321
0.005610523
0.01345345
0.01294892
0.005311978
0.01316484
0.06348654
0.06349917
0.06529545
0.06387928
0.06524919
0.06521141
0.06385448
0.06522337
0.04401271
0.04407079
0.04333648
0.0449473
0.04650262
0.04493033
0.04397855
0.0433023
0.04396131
0.04212403
0.04218295
0.04188608
0.04239475
0.04279007
0.04237702
0.04208909
0.04185071
0.04207109
0.0414123
0.04147363
0.04129663
0.04150709
0.04166173
0.04148804
0.04137544
0.04125927
0.04135603
0.04101989
0.04108369
0.04096093
0.04106078
0.04115451
0.04104016
0.04098095
0.04092143
0.04095987
0.04103029
0.0410969
0.04119573
0.04090927
0.04089269
0.04088666
0.04098892
0.04115353
0.04096575
0.04231104
0.04238414
0.04227552
0.04183352
0.04142996
0.04180785
0.04226427
0.04222437
0.04223701
0.0255851
0.02563757
0.01278737
0.004787954
0.01266755
0.01251401
0.004691453
0.01257857
0.06356488
0.06351914
0.06520965
0.06384865
0.0652181
0.06528329
0.06386961
0.06524044
0.04396738
0.04395756
0.04329057
0.0449644
0.04652243
0.0450156
0.04399428
0.04331717
0.04404508
0.04207566
0.04206653
0.04183661
0.0424081
0.0428041
0.04245812
0.04210184
0.04186285
0.04215198
0.04135902
0.04135046
0.04124203
0.04151771
0.04167317
0.04156829
0.04138517
0.04126805
0.04143581
0.04096061
0.040953
0.04089994
0.0410673
0.04116222
0.0411179
0.04098619
0.04092531
0.04103672
0.04096341
0.04095716
0.04112655
0.04091004
0.04089508
0.04096011
0.04098801
0.04115093
0.04103794
0.04223058
0.04222576
0.0421818
0.04182757
0.04142569
0.04187816
0.04225505
0.04220477
0.04230609
0.02558799
0.02554828
0.01247033
0.004542429
0.01244773
0.01248399
0.004540189
0.01245003
0.06422267
0.0639531
0.0653577
0.06409817
0.06547655
0.06592205
0.06427616
0.06565838
0.04426501
0.04413055
0.04358726
0.04543639
0.04698881
0.04572421
0.04446671
0.04378969
0.04475739
0.04237223
0.042237
0.04213414
0.04288077
0.04327614
0.04317549
0.04257587
0.04233837
0.04287097
0.0416586
0.04152185
0.04154189
0.04199568
0.04215008
0.04229202
0.04186406
0.0417477
0.04216076
0.04126054
0.04112307
0.04119961
0.041548
0.04164249
0.04184595
0.0414672
0.04140651
0.04176559
0.04126146
0.04112398
0.04142452
0.04139092
0.04137621
0.04169051
0.04146861
0.04163179
0.04176843
0.04253432
0.04239449
0.04248249
0.04231308
0.04190858
0.04261309
0.04274363
0.04269154
0.04304328
0.02631069
0.02601137
0.01256082
0.004774858
0.0126935
0.01320099
0.004980421
0.01290062
0.06628025
0.06575699
0.0662915
0.06535084
0.06674212
0.06414182
0.06562492
0.06692159
0.04571657
0.04516422
0.04505467
0.04734841
0.04877899
0.04809947
0.04644327
0.04579749
0.04729378
0.0356542
0.03620427
0.03442664
0.02321138
0.0265737
0.0257958
0.02069499
0.02630243
0.04385457
0.04328636
0.04361784
0.04491044
0.04529869
0.04580337
0.04460827
0.0443721
0.04550524
0.03442267
0.03461324
0.0253789
0.01927169
0.0250678
0.02467815
0.01905275
0.02484018
0.04314487
0.04257623
0.04302954
0.04403043
0.04418417
0.04493545
0.04389983
0.04378508
0.04480698
0.03401302
0.03408344
0.02456363
0.01872084
0.02448372
0.02438735
0.01867238
0.02442726
0.04275445
0.04218318
0.04269619
0.04359061
0.04368219
0.04450442
0.0435133
0.04345659
0.04442948
0.03386472
0.0338758
0.02436003
0.01861362
0.02434489
0.02436752
0.01862182
0.02434529
0.04276482
0.04218956
0.04292808
0.04344909
0.0434307
0.04437152
0.04352942
0.04369226
0.04445303
0.03428583
0.03407715
0.02442238
0.01882272
0.02452252
0.02493285
0.01899443
0.02468634
0.04401884
0.04345887
0.04394541
0.04435273
0.04396314
0.04525924
0.04476916
0.04465465
0.04565254
0.02442687
0.0316455
0.02733346
0.03487814
0.01361848
0.006251045
0.01411027
0.0252864
0.01994373
0.02568936
0.01246227
0.02198526
0.00715543
0.02047681
0.01418751
0.02554001
-1.280031
-1.279694
0.006897756
-1.280858
-1.278147
-1.269658
0.04804345
-1.278779
-1.280916
-1.281781
-1.281577
-1.282028
-1.281626
0.005305348
-1.282229
-1.282678
-1.282295
-1.283361
-1.282963
-1.283165
-1.283648
-1.28252
-1.282117
0.004982048
-1.282544
-1.2834
-1.283308
-1.284087
-1.283456
-1.28348
-1.284143
-1.282455
-1.282053
0.004934131
-1.282362
-1.28345
-1.283478
-1.284138
-1.283392
-1.283299
-1.28408
-1.28174
-1.281339
0.005254692
-1.281365
-1.282957
-1.283156
-1.283645
-1.282676
-1.282298
-1.283363
-1.281357
-1.280399
0.006530388
-1.289719
-0.02182524
-1.28134
-1.281786
-1.282017
-1.282486
-1.291056
-0.02476343
-1.283168
-1.282468
-1.28209
-1.283355
-1.279938
-1.271416
0.0467769
-1.280136
-1.282748
-1.283637
-1.282947
-1.284563
-1.284175
-1.284768
-1.284558
-1.284167
-1.28476
-1.28485
-1.285055
-1.285052
-1.285062
-1.284672
-1.285087
-1.285295
-1.285201
-1.285498
-1.285351
-1.285376
-1.285554
-1.285001
-1.28461
-1.284908
-1.285347
-1.285374
-1.285551
-1.28529
-1.285197
-1.285494
-1.284279
-1.283891
-1.283895
-1.284852
-1.285053
-1.285055
-1.284567
-1.284182
-1.28477
-1.28406
-1.28368
-1.292624
-0.02654083
-1.283201
-1.283658
-1.283403
-1.284343
-1.292906
-0.02686284
-1.284545
-1.283179
-1.283088
-1.28407
-1.280424
-1.271902
0.04657092
-1.28045
-1.283235
-1.284125
-1.28326
-1.285287
-1.285195
-1.285494
-1.28505
-1.284657
-1.285076
-1.285343
-1.285551
-1.285369
-1.285792
-1.2857
-1.285817
-1.285792
-1.285698
-1.285818
-1.285849
-1.285874
-1.285875
-1.285732
-1.285639
-1.285639
-1.285846
-1.285873
-1.285872
-1.285788
-1.285695
-1.285814
-1.285007
-1.284914
-1.284621
-1.285349
-1.285551
-1.285375
-1.285063
-1.284677
-1.285089
-1.284781
-1.284688
-1.293343
-0.02745752
-1.283696
-1.284152
-1.283721
-1.284838
-1.2934
-0.02757697
-1.284864
-1.283235
-1.28326
-1.284125
-1.280368
-1.271846
0.04657444
-1.280276
-1.283179
-1.284069
-1.283087
-1.285343
-1.285369
-1.28555
-1.284994
-1.2846
-1.284902
-1.285287
-1.285494
-1.285194
-1.285848
-1.285874
-1.285874
-1.285735
-1.285641
-1.285642
-1.285792
-1.285817
-1.285699
-1.285788
-1.285814
-1.285695
-1.285789
-1.285816
-1.285695
-1.285731
-1.285638
-1.285638
-1.285063
-1.285089
-1.284677
-1.285292
-1.285494
-1.285199
-1.285006
-1.28462
-1.284913
-1.284837
-1.284863
-1.293399
-0.02779088
-1.283638
-1.284095
-1.283545
-1.28478
-1.293342
-0.0278132
-1.284686
-1.282747
-1.282946
-1.283636
-1.279657
-1.271137
0.04689889
-1.279281
-1.282465
-1.283353
-1.282086
-1.284848
-1.28505
-1.285054
-1.28427
-1.28388
-1.283883
-1.28456
-1.284765
-1.284172
-1.285349
-1.285553
-1.285374
-1.285004
-1.284911
-1.284614
-1.28506
-1.285084
-1.284669
-1.285288
-1.285492
-1.285195
-1.285055
-1.285083
-1.284664
-1.284998
-1.284905
-1.284607
-1.284565
-1.284768
-1.28418
-1.284561
-1.284762
-1.28417
-1.284276
-1.283892
-1.283887
-1.28434
-1.284542
-1.292902
-0.0276344
-1.282913
-1.283369
-1.28253
-1.284056
-1.292619
-0.02744626
-1.283675
-1.28093
-1.281573
-1.281796
-1.277673
-1.269314
0.04961763
-1.278615
0.006473029
-1.280233
-1.281062
-1.280722
0.003255829
-1.282978
-1.283644
-1.28318
-1.281949
-1.28157
-1.282376
0.00185938
-1.282233
-1.282434
-1.282658
0.001663643
-1.283471
-1.284138
-1.283495
-1.282669
-1.282577
-1.283094
0.001379618
-1.282725
-1.282749
-1.283149
0.001340157
-1.283407
-1.284075
-1.283314
-1.282718
-1.282746
-1.283142
0.001288469
-1.28266
-1.282567
-1.283084
0.001292373
-1.28269
-1.283358
-1.282312
-1.282224
-1.282424
-1.282648
0.001459924
-1.281945
-1.281569
-1.28237
0.001613463
-1.282496
-1.283162
-1.291061
-0.02607285
-1.2806
-1.281063
-1.280994
0.00257063
-1.281536
-1.289844
-0.02343438
-1.281385
0.002877255
)
;
        valueFraction   nonuniform List<scalar> 
1536
(
0.003432537
0.003376336
0.003365357
0.003365828
0.003374016
0.003399408
0.003387529
0.004035408
0.004065502
0.004059609
0.004078171
0.004067849
0.003369166
0.004051513
0.004023611
0.004000768
0.004035563
0.004088636
0.003365764
0.004044914
0.00400326
0.003976486
0.004014757
0.004082149
0.003371651
0.004055145
0.004036988
0.004016703
0.004049167
0.004091614
0.003398438
0.004004798
0.004057114
0.004059245
0.004069684
0.004035176
0.003956617
0.003957266
0.00360909
0.003899615
0.003537432
0.00386085
0.003498486
0.003855142
0.003493323
0.003871827
0.003510818
0.003931389
0.003576359
0.003952385
0.003907888
0.00354433
0.003869268
0.003814952
0.00380871
0.003831438
0.003933276
0.003893108
0.003867596
0.003503461
0.003811661
0.003752809
0.003745962
0.003770108
0.003879024
0.003851746
0.003859791
0.00349607
0.003802662
0.003742702
0.003735956
0.003760569
0.003870445
0.003843607
0.003874329
0.003511398
0.003822518
0.00376394
0.003757407
0.003781599
0.003889615
0.003858494
0.003932163
0.003574864
0.003920991
0.003869542
0.003863712
0.003885585
0.003982305
0.00391764
0.003957369
0.00390029
0.00386142
0.003855619
0.003872234
0.003931742
0.004056917
0.004417177
0.004391795
0.004356505
0.004350869
0.004344367
0.004345253
0.004355269
0.004362508
0.004400239
0.004426109
0.004047649
0.004057808
0.00443391
0.00338397
0.00339802
0.003960082
0.003366037
0.004004538
0.004054063
0.003364949
0.004056666
0.004057847
0.003371187
0.004058783
0.004065867
0.003390054
0.004069354
0.00405747
0.003415988
0.004035003
0.003384865
0.004044848
0.004399006
0.004408393
0.004372242
0.003993543
0.003371428
0.004028511
0.004067993
0.004054839
0.004047934
0.0040593
0.004036824
0.004017267
0.004070904
0.004016574
0.004035585
0.004083878
0.004049036
0.004088939
0.003380288
0.00409159
0.003372825
0.004372939
0.004335822
0.004365897
0.00435784
0.004029916
0.003365735
0.004029457
0.004036187
0.004044808
0.004018093
0.004001706
0.004003364
0.003977877
0.004021159
0.003976654
0.003998957
0.004082037
0.004014911
0.00407069
0.003372024
0.00408231
0.003370259
0.004329257
0.004320856
0.004357908
0.004366202
0.004029589
0.003369356
0.004030003
0.004018025
0.004051538
0.004036506
0.003977761
0.004023903
0.004002101
0.003998859
0.004001154
0.004021534
0.004070602
0.004035919
0.004082408
0.003370297
0.004088955
0.003372045
0.004320853
0.004329397
0.004372673
0.004409054
0.004028948
0.003387911
0.003993685
0.004048229
0.004035734
0.004068575
0.004017528
0.004065849
0.004059923
0.004035834
0.004060085
0.004071534
0.004089161
0.004078625
0.004084394
0.003372947
0.004068321
0.003380348
0.004335953
0.004373195
0.004434676
0.004058663
0.003960718
0.003433112
0.003384385
0.004057781
0.004418077
0.004054886
0.003376789
0.003366352
0.00439263
0.004357267
0.004058549
0.003365726
0.003365218
0.004351559
0.004345012
0.004066466
0.003366126
0.003371397
0.004345831
0.004355822
0.00405802
0.003374269
0.003390238
0.004363004
0.004400729
0.003385063
0.003399656
0.003416178
0.00439926
0.00442656
0.00404512
0.004047945
0.003923124
0.003566932
0.003931561
0.003574272
0.003967402
0.003866611
0.003505177
0.00392041
0.003877772
0.003854373
0.00349223
0.003869111
0.003861646
0.003864643
0.003502066
0.003863349
0.003873215
0.003907189
0.003545364
0.003885225
0.003931441
0.00395428
0.003606807
0.003981866
0.003917423
0.003566394
0.003918525
0.003873992
0.00351103
0.003873941
0.003824067
0.003822094
0.003773131
0.003807116
0.003763675
0.00375559
0.003818972
0.00375721
0.003768498
0.003880048
0.003781423
0.003833739
0.003535656
0.0038894
0.003858367
0.003502199
0.003863803
0.003859742
0.003495972
0.003855061
0.003762158
0.003802421
0.003752007
0.003744647
0.003742568
0.003734397
0.003757461
0.003735873
0.003747626
0.00382278
0.003760499
0.00381369
0.003494274
0.003870401
0.003843591
0.003486715
0.003855252
0.003867845
0.003503674
0.003864005
0.003752281
0.003811808
0.003762352
0.003734672
0.00375303
0.003744831
0.003747801
0.003746193
0.003757665
0.003813783
0.003770298
0.003822969
0.003486713
0.003879204
0.003851845
0.003494396
0.003874341
0.003908412
0.003544822
0.003919129
0.003773569
0.003869682
0.003824613
0.003755975
0.003815329
0.003807578
0.003768762
0.003809034
0.00381938
0.003833912
0.00383172
0.003880416
0.003502299
0.003933605
0.003893313
0.003535888
0.003967901
0.003957993
0.003609754
0.003923834
0.0035676
0.00387833
0.003538019
0.003867215
0.003505745
0.00386215
0.003498954
0.003854883
0.003492701
0.003873622
0.003493697
0.003865075
0.003502452
0.003931762
0.003511129
0.003907567
0.003545702
0.00356659
0.003576647
0.003952624
0.00395455
0.00360706
0.003781159
0.003428127
0.00343723
0.00381945
0.003816834
0.003786036
0.003795693
0.003839684
0.003370842
0.00382601
0.003680391
0.003669553
0.003869756
0.003364765
0.003865317
0.00365667
0.003655183
0.003877664
0.003367115
0.003876474
0.003655809
0.003657078
0.00387419
0.003377984
0.003876509
0.003665526
0.003670962
0.003845295
0.003418947
0.003852611
0.003707555
0.003740911
0.003806408
0.003774423
0.003825449
0.003818426
0.003380016
0.00369336
0.003681719
0.004068439
0.004058275
0.004051247
0.004057328
0.004063333
0.004062287
0.00405265
0.004061778
0.004050192
0.004084004
0.004083686
0.004074815
0.004045973
0.004025749
0.004085149
0.00367464
0.003664496
0.003840408
0.003838393
0.003367433
0.003665339
0.003663037
0.004050664
0.004055709
0.004049024
0.004003768
0.004014041
0.004014249
0.003992712
0.004003989
0.003989446
0.004043005
0.00405141
0.004025977
0.004064536
0.004063669
0.004086278
0.003651996
0.00365028
0.003841593
0.003841896
0.003366429
0.003661041
0.003661835
0.004046351
0.00404422
0.004046304
0.003996142
0.003992047
0.004007089
0.003984411
0.003979933
0.003981017
0.004036483
0.00403296
0.004018655
0.004064119
0.004063706
0.004083503
0.003648894
0.003649411
0.003831508
0.003835275
0.003375445
0.003668802
0.003674277
0.004067193
0.00406296
0.004055228
0.004042981
0.004028578
0.004049749
0.00403605
0.004019784
0.004033129
0.004074296
0.004063451
0.004062144
0.004056743
0.004062067
0.004090829
0.003654164
0.003658455
0.003808384
0.003809738
0.003420194
0.003712255
0.00374701
0.003977747
0.004032456
0.003951697
0.004016474
0.004058505
0.00401214
0.004023193
0.004061125
0.004021787
0.004021847
0.004070735
0.004024469
0.003949048
0.003993163
0.003980739
0.003690794
0.003724567
0.003820203
0.003786755
0.003680999
0.003670137
0.003657181
0.003655677
0.003656226
0.003657483
0.003665859
0.003671287
0.003707871
0.003741227
0.004066435
0.003641026
0.003995835
0.003647076
0.004001782
0.00396196
0.003524124
0.003885318
0.003976176
0.00392793
0.00349489
0.003857254
0.003931984
0.003928071
0.003494688
0.003856838
0.003926682
0.003955022
0.003518366
0.003880086
0.003946803
0.004058599
0.003607769
0.003965658
0.004028182
0.003958956
0.003973474
0.003530728
0.003893378
0.003830311
0.003850365
0.003849828
0.003788721
0.003809827
0.003793665
0.003789425
0.003810345
0.003787394
0.003821957
0.003841854
0.003810895
0.003954113
0.003970362
0.003915746
0.003922483
0.003926716
0.003499537
0.0038636
0.003784988
0.00379049
0.003806022
0.003741036
0.003747131
0.003746248
0.00374215
0.003748073
0.003739582
0.003776215
0.00378168
0.003764275
0.003914124
0.003918864
0.003874078
0.003920176
0.003919003
0.003497141
0.003861045
0.003782822
0.003781167
0.003803911
0.003738924
0.003736982
0.003744214
0.003740069
0.003738212
0.003737411
0.003773915
0.003772306
0.003761933
0.003911703
0.003910466
0.003871749
0.003944523
0.00393658
0.003518664
0.003882159
0.003812656
0.003801774
0.003832657
0.003770322
0.003758571
0.003775331
0.003770933
0.003759428
0.003768737
0.00380364
0.003793021
0.003792354
0.003937899
0.003929227
0.003898962
0.004045379
0.004015289
0.003606313
0.00396649
0.003941432
0.003903509
0.003957648
0.003904467
0.003864871
0.003908923
0.003904783
0.003865349
0.003903268
0.003933458
0.00389545
0.003924397
0.004047536
0.004016794
0.004015295
0.003697658
0.003732939
0.004009919
0.004476843
0.004378711
0.004305094
0.004456591
0.004345982
0.003658549
0.003662987
0.004281534
0.00437626
0.004267215
0.004250376
0.004364376
0.004257043
0.003654854
0.003654837
0.004246401
0.004347166
0.004243586
0.00424188
0.004345101
0.004242269
0.003661825
0.003659108
0.004242902
0.004347074
0.004244513
0.004251343
0.004350538
0.004247392
0.00369003
0.003678775
0.00425715
0.004371281
0.004264731
0.004290622
0.004384148
0.004275928
0.003807943
0.003787651
0.004314438
0.004464571
0.004353647
0.003991888
0.004479478
0.004379019
0.003711716
0.003746408
0.004005731
0.004489205
0.004394346
0.00432698
0.004472693
0.004366993
0.003801457
0.003405059
0.003808494
0.003808005
0.003419802
0.003809392
0.003876938
0.003914123
0.003905486
0.003851075
0.003368338
0.003858819
0.003977453
0.003951544
0.004032155
0.003994423
0.00400517
0.0040466
0.003872891
0.00336486
0.003874891
0.004016037
0.004011853
0.004058046
0.004018216
0.004019958
0.004057711
0.003878334
0.003369014
0.00387795
0.004022721
0.004021497
0.004060605
0.004023974
0.004024406
0.004063273
0.003869768
0.003383037
0.003862964
0.004021445
0.004024279
0.004070226
0.004015224
0.004002419
0.004068186
0.00379789
0.003431459
0.003413104
0.003948766
0.003980555
0.003992869
0.003846165
0.003400933
0.003864563
0.003690629
0.00372436
0.003989597
0.004459259
0.004351814
0.004277703
0.004438666
0.004318596
0.003668514
0.003673913
0.004303106
0.004392709
0.004288573
0.004270678
0.004380444
0.004277791
0.003949625
0.003931802
0.004013659
0.003831292
0.003375265
0.003835105
0.003961047
0.00402357
0.003968226
0.00407076
0.004065845
0.00406856
0.0040669
0.004055062
0.004062678
0.004064541
0.004058714
0.004056779
0.004052606
0.004060588
0.004050352
0.004042762
0.004049862
0.004028313
0.004036705
0.004033578
0.004021233
0.004057782
0.004065913
0.004064846
0.004035829
0.004033321
0.004019532
0.004041759
0.00405023
0.00402611
0.00409307
0.004088123
0.004094356
0.00407411
0.004062289
0.004063213
0.004087006
0.004093142
0.004078951
0.003900809
0.003885919
0.003376489
0.004056622
0.004090795
0.004061988
0.003911128
0.003374632
0.003917613
0.003654088
0.003658364
0.004253943
0.004356877
0.004239436
0.004221845
0.004344294
0.004228922
0.003661031
0.00366174
0.004265789
0.00436176
0.004262448
0.004259378
0.004359067
0.004260356
0.003975237
0.003972671
0.004030547
0.003841556
0.003366444
0.003841936
0.003976293
0.004029816
0.003976873
0.00404019
0.004047272
0.004027845
0.004046186
0.004046236
0.004044174
0.004034596
0.004021361
0.00403201
0.003995319
0.004006468
0.003990505
0.003996088
0.004007402
0.003992079
0.003987242
0.003982225
0.003983128
0.004000003
0.004011226
0.004010779
0.003984376
0.003981413
0.00397998
0.003991842
0.004003065
0.003987608
0.004062246
0.004069287
0.004077185
0.004036488
0.004019009
0.004032986
0.004056668
0.004072955
0.004053707
0.00392463
0.003921965
0.003371247
0.004064096
0.004083751
0.004063738
0.003925816
0.003370676
0.003926284
0.003648878
0.003649392
0.004217123
0.004324984
0.004213845
0.004210836
0.004322144
0.004211837
0.003665593
0.003663205
0.00425947
0.004359204
0.004260515
0.004266063
0.004361996
0.004262658
0.003976383
0.003976982
0.004029946
0.00384055
0.003367639
0.003838608
0.003975237
0.004030452
0.003972728
0.004034719
0.004032247
0.004021311
0.004050601
0.004048987
0.00405587
0.004040222
0.004027851
0.004047453
0.00398731
0.003983405
0.003982135
0.004003879
0.004014573
0.004014325
0.003995427
0.003990577
0.00400662
0.003991884
0.003987874
0.00400294
0.003992843
0.003989876
0.004004268
0.004000118
0.004010917
0.004011347
0.004056652
0.004053866
0.004072804
0.004043203
0.004026401
0.004051658
0.004062443
0.004077376
0.004069502
0.003925817
0.003926268
0.003370693
0.004064659
0.004086605
0.004063824
0.003924671
0.003371294
0.00392208
0.003652043
0.00365033
0.004210833
0.004322233
0.004211882
0.004217238
0.004325043
0.004213918
0.003693868
0.003682159
0.004271122
0.004380951
0.004278314
0.004303741
0.004393307
0.004289167
0.003961303
0.003968565
0.004023858
0.003825625
0.003380416
0.003818699
0.003949573
0.004013625
0.003931894
0.004064915
0.004057312
0.004058789
0.004068611
0.004051581
0.004058645
0.004071221
0.004068684
0.004066616
0.004037048
0.004021845
0.004033598
0.004057554
0.004062433
0.004063813
0.00405301
0.004050484
0.004061254
0.004042092
0.004026699
0.004050241
0.004052912
0.00405048
0.004062245
0.004058189
0.00406507
0.004066522
0.004087239
0.004079388
0.004093174
0.004084361
0.004075145
0.004084182
0.004093591
0.004094621
0.004088708
0.003911241
0.00391769
0.003374731
0.004046311
0.004085647
0.004026078
0.003900897
0.003376585
0.003886181
0.003674766
0.003664621
0.004221946
0.004344508
0.004229072
0.004254154
0.004357065
0.004239611
0.003817541
0.00379638
0.004327731
0.004473528
0.00436781
0.00400657
0.004490137
0.004395274
0.003877389
0.003906049
0.003914567
0.003781589
0.003437795
0.003428699
0.003801746
0.003808702
0.003405472
0.003698302
0.00373362
0.004010714
0.004477818
0.004379646
0.00430595
0.00445752
0.004346887
0.003995037
0.004047413
0.004005658
0.003839918
0.00382621
0.00337126
0.003851246
0.003859024
0.003368628
0.003659093
0.003663566
0.004282303
0.004377085
0.004267988
0.0042511
0.004365152
0.004257819
0.004018751
0.004058522
0.004020358
0.003870009
0.003865605
0.003365101
0.00387303
0.003875066
0.003365088
0.003655302
0.00365532
0.004247027
0.004347868
0.004244235
0.00424249
0.004345758
0.004242936
0.004024466
0.004064068
0.004024714
0.003877856
0.003876744
0.0033674
0.003878415
0.003878078
0.003369194
0.003662188
0.003659502
0.00424342
0.004347677
0.004245062
0.004251858
0.004351099
0.004247956
0.004015841
0.004068988
0.004002797
0.003874365
0.003876709
0.003378244
0.003869912
0.00386315
0.003383189
0.003690345
0.003679102
0.004257579
0.004371796
0.004265178
0.004291069
0.004384627
0.004276382
0.003846547
0.003864876
0.003401101
0.00384562
0.003852887
0.003419216
0.003798108
0.003413263
0.00343167
0.003806634
0.00380818
0.003774653
0.003787934
0.004277921
0.00443897
0.004318843
0.004314857
0.004465035
0.004354068
0.00398991
0.003992157
0.004459571
0.004479894
0.004352114
0.004379399
0.004044816
0.003598051
0.00395777
0.004015937
0.004044631
0.003605636
0.003965821
0.004014644
0.004031929
0.004001295
0.004000058
0.003947824
0.00351207
0.003874037
0.00394019
0.003940661
0.003956719
0.003902819
0.003925222
0.003916721
0.003886768
0.003926122
0.003492971
0.00385513
0.003925156
0.003903768
0.003908174
0.00386424
0.003902062
0.003901053
0.003862547
0.003931354
0.003497905
0.003860146
0.003935688
0.00390418
0.003902625
0.003864813
0.003907401
0.003912233
0.003868019
0.003970891
0.003531584
0.003892276
0.003985616
0.003932961
0.003923809
0.003894971
0.003950447
0.003967061
0.00391329
0.004079093
0.003648922
0.004000819
0.003640857
0.003990868
0.004047088
0.004014735
0.00401639
0.004058499
0.003597536
0.003952457
0.00402957
0.003937433
0.003953834
0.003900414
0.003944108
0.003518279
0.003881756
0.003936199
0.003921285
0.003883413
0.003912398
0.003813205
0.003833553
0.003803049
0.003812207
0.003832155
0.003801345
0.003794631
0.003784276
0.003783529
0.003786905
0.003807927
0.003785792
0.003769872
0.003774945
0.003758217
0.00376796
0.00376693
0.003756303
0.003792497
0.003813291
0.003798156
0.003770523
0.003768404
0.003759166
0.003773442
0.00377942
0.003762226
0.003841323
0.00386071
0.003861318
0.003803298
0.003792035
0.003792789
0.003823143
0.003843557
0.003812875
0.003973913
0.003988377
0.003522205
0.003878293
0.003937588
0.003898645
0.003929
0.003958899
0.003509429
0.003866341
0.00395121
0.003897759
0.003902482
0.003858599
0.003920103
0.003497071
0.003860931
0.003918869
0.003895564
0.00385639
0.00389411
0.003767006
0.003772767
0.003755896
0.00378275
0.00380379
0.003780992
0.003764806
0.003753587
0.003762983
0.003739141
0.0037453
0.003738185
0.003738821
0.003744182
0.003736825
0.003737009
0.003736048
0.003734983
0.003745012
0.003750855
0.00375136
0.003739952
0.003737393
0.003738118
0.003742691
0.003749186
0.003740924
0.003796414
0.003801744
0.003817429
0.003773798
0.003761887
0.003772203
0.00379405
0.003815092
0.003792513
0.003937136
0.003941512
0.003490407
0.003847621
0.003911562
0.003871684
0.003910375
0.003934613
0.00348782
0.003844832
0.003933591
0.00389554
0.003894235
0.003856428
0.003922699
0.003499761
0.003863782
0.003926932
0.003898101
0.003858911
0.003902799
0.003764871
0.00376319
0.003753706
0.003785218
0.003806231
0.003790764
0.003767174
0.003756163
0.003773034
0.003737046
0.003735178
0.003736156
0.003741213
0.0037465
0.003747425
0.003739294
0.003738432
0.003745559
0.003742757
0.003741053
0.003749272
0.003742275
0.0037398
0.003748379
0.00374509
0.003751564
0.003751105
0.00379409
0.003792594
0.003815125
0.003776287
0.003764426
0.003781887
0.0037965
0.003817617
0.003801964
0.003934639
0.003933669
0.003487836
0.00384489
0.003914141
0.0038742
0.003918972
0.003937261
0.003490507
0.003847681
0.003941636
0.003921655
0.003912784
0.003883833
0.003959433
0.003531215
0.00389384
0.00397401
0.00393809
0.003901045
0.003954579
0.003795032
0.003783927
0.003784765
0.003830843
0.003850316
0.00385092
0.003813653
0.003803639
0.00383416
0.003768322
0.003756643
0.00376736
0.003789188
0.003794151
0.003810322
0.003787318
0.003786318
0.003808469
0.003773779
0.003762473
0.003779755
0.003789803
0.003787824
0.003810784
0.003792814
0.003798591
0.003813767
0.003823428
0.003813084
0.003843776
0.003822246
0.003811248
0.003842159
0.003841635
0.003861687
0.003861144
0.00395912
0.003951447
0.003509558
0.003866506
0.003954304
0.003916075
0.003970556
0.003974247
0.003522408
0.003878464
0.003988691
0.004032628
0.004000638
0.004002048
0.004067108
0.00364776
0.004002501
0.003641736
0.003996604
0.004045545
0.004016704
0.003598768
0.003958514
0.00392579
0.003887346
0.003917471
0.003962494
0.003976891
0.003524747
0.003885972
0.003948354
0.003940891
0.003512671
0.003874661
0.003902521
0.003863066
0.003901719
0.003928422
0.003932646
0.003495421
0.00385781
0.003926564
0.003925797
0.003493465
0.003855654
0.00390778
0.003868459
0.00391276
0.003928473
0.003927276
0.003495131
0.003857309
0.003931737
0.003936243
0.003498318
0.003860589
0.003950755
0.003913679
0.003967427
0.003955372
0.003947355
0.003518725
0.00388049
0.003971279
0.003986098
0.003531939
0.00389266
0.004058795
0.004029921
0.003597787
0.003952701
0.004058899
0.004028667
0.003608082
0.003966006
0.004079438
0.00364113
0.003991123
0.003649232
0.004001151
)
;
        source          uniform 0;
        value           nonuniform List<scalar> 
1536
(
310.0947
310.2487
310.3071
310.317
310.2982
310.2199
310.2495
310.4161
310.4739
310.4836
310.4654
310.3873
310.307
310.4731
310.5317
310.5418
310.5234
310.4447
310.3171
310.483
310.5417
310.5519
310.5335
310.4547
310.2988
310.4651
310.5236
310.5336
310.5153
310.4366
310.2204
310.3868
310.4443
310.4539
310.4357
310.3579
309.993
309.9939
309.9562
310.1313
310.0958
310.1899
310.1544
310.1998
310.1644
310.1809
310.1454
310.1021
310.0665
309.9881
310.1349
310.0983
310.2399
310.2994
310.3094
310.2908
310.2103
310.13
310.1927
310.1562
310.2986
310.3588
310.369
310.3503
310.2693
310.1887
310.2028
310.1663
310.3086
310.369
310.3792
310.3605
310.2795
310.1991
310.1844
310.1479
310.2903
310.3504
310.3606
310.3419
310.2609
310.1802
310.1056
310.0689
310.2094
310.2686
310.2785
310.2599
310.1798
310.1002
309.9921
310.1305
310.1891
310.1991
310.1801
310.1012
310.0674
310.1773
310.2062
310.2562
310.2644
310.2745
310.2743
310.2638
310.2556
310.2061
310.1774
310.0635
310.0681
310.1812
310.2198
310.2207
310.3581
310.2989
310.3871
310.4365
310.3171
310.4445
310.4543
310.3064
310.4542
310.4439
310.2487
310.4359
310.387
310.0937
310.3582
310.2215
310.0634
310.1771
310.2098
310.2592
310.3869
310.2989
310.4358
310.4658
310.4652
310.5155
310.4837
310.5237
310.5337
310.4734
310.5336
310.5234
310.4162
310.5153
310.4658
310.2506
310.4367
310.3008
310.2062
310.2563
310.2673
310.2774
310.4437
310.3171
310.4535
310.5235
310.483
310.5335
310.5418
310.5418
310.5519
310.5315
310.5519
310.5416
310.4739
310.5335
310.4839
310.309
310.4547
310.3192
310.2646
310.2748
310.2774
310.2672
310.4535
310.3069
310.4436
310.5335
310.4731
310.5235
310.5519
310.5317
310.5418
310.5416
310.5417
310.5315
310.4839
310.5234
310.4738
310.3192
310.4446
310.3088
310.2748
310.2644
310.2591
310.2096
310.4357
310.2493
310.3867
310.5154
310.4159
310.4656
310.5336
310.4737
310.4835
310.5233
310.4834
310.4732
310.4657
310.4651
310.416
310.3006
310.387
310.2503
310.2561
310.2058
310.1809
310.0674
310.3578
310.0941
310.2193
310.0665
310.1765
310.4363
310.2483
310.2984
310.2054
310.2554
310.4541
310.3066
310.3166
310.2637
310.2737
310.4437
310.3165
310.3059
310.2736
310.263
310.3867
310.2977
310.2481
310.2548
310.2052
310.2211
310.2194
310.0931
310.1766
310.1765
310.0626
310.0627
310.1022
310.0666
310.1059
310.0692
310.1796
310.1816
310.1461
310.2097
310.2606
310.2
310.1645
310.2689
310.2789
310.1892
310.1537
310.2788
310.2684
310.1311
310.0956
310.2602
310.21
309.9884
309.9519
310.1801
310.1006
310.0657
310.2096
310.1845
310.148
310.2598
310.2911
310.2904
310.3421
310.3095
310.3505
310.3607
310.299
310.3606
310.3503
310.2404
310.342
310.2914
310.0952
310.261
310.1804
310.1456
310.2679
310.2029
310.1663
310.278
310.3504
310.3086
310.3605
310.369
310.369
310.3793
310.3587
310.3792
310.3689
310.2997
310.3606
310.3099
310.154
310.2795
310.1991
310.1643
310.278
310.1926
310.1561
310.2679
310.3605
310.2985
310.3503
310.3793
310.3588
310.369
310.3689
310.3689
310.3586
310.3099
310.3503
310.2996
310.1643
310.2693
310.1886
310.1538
310.2597
310.1346
310.0981
310.2094
310.342
310.2397
310.2909
310.3606
310.2992
310.3093
310.3502
310.3092
310.2988
310.2913
310.2906
310.2402
310.1455
310.21
310.1296
310.0948
310.1793
309.9931
309.9554
310.1014
310.0659
310.2603
310.0951
310.1808
310.1454
310.2787
310.1537
310.1992
310.1638
310.2682
310.1637
310.1884
310.1531
310.2097
310.1447
310.1303
310.0949
310.0653
310.0657
309.9873
309.9877
309.9511
310.1884
310.139
310.1397
310.0939
310.0948
310.1353
310.1369
310.323
310.2708
310.3012
310.2452
310.2673
310.3641
310.3125
310.3588
310.3036
310.3091
310.3668
310.3153
310.3684
310.3136
310.3119
310.3385
310.2866
310.35
310.2948
310.2831
310.235
310.183
310.2723
310.2164
310.1793
310.0926
310.1355
310.3228
310.3012
310.2712
310.2468
310.2686
310.4598
310.438
310.4378
310.5012
310.4791
310.4959
310.5041
310.482
310.5057
310.4759
310.4539
310.4874
310.3712
310.3494
310.4091
310.2469
310.269
310.3633
310.3581
310.3123
310.3044
310.3098
310.5006
310.4953
310.4783
310.5424
310.5371
310.537
310.5455
310.5402
310.5471
310.5172
310.5119
310.5288
310.412
310.4067
310.45
310.3054
310.3109
310.3665
310.368
310.3155
310.3145
310.313
310.5037
310.5052
310.4815
310.5456
310.5472
310.5402
310.5488
310.5503
310.5503
310.5204
310.5219
310.532
310.4152
310.4167
310.4532
310.3157
310.3141
310.3386
310.35
310.2872
310.2962
310.2846
310.4758
310.4873
310.4537
310.5173
310.529
310.512
310.5203
310.532
310.5219
310.492
310.5037
310.5036
310.387
310.3986
310.425
310.297
310.2852
310.2347
310.2722
310.1835
310.2177
310.1807
310.3704
310.4086
310.3487
310.4112
310.4495
310.406
310.414
310.4523
310.4156
310.3858
310.4242
310.3973
310.2821
310.3201
310.3197
310.2173
310.1797
310.0933
310.1348
310.2447
310.2668
310.3032
310.3086
310.3131
310.3114
310.2943
310.2826
310.2158
310.1788
310.0185
309.9886
310.0241
309.9902
310.0268
310.1491
310.1178
310.1533
310.127
310.1911
310.1598
310.1953
310.1857
310.1939
310.1627
310.1982
310.1956
310.1651
310.1337
310.1692
310.1768
310.0603
310.0295
310.0651
310.0976
310.1498
310.128
310.1201
310.1567
310.2849
310.2625
310.2622
310.3275
310.3048
310.322
310.3305
310.3078
310.332
310.3017
310.2791
310.3134
310.1942
310.1719
310.2327
310.1912
310.1858
310.1615
310.1981
310.3268
310.3214
310.3039
310.3697
310.3643
310.3642
310.3728
310.3674
310.3744
310.344
310.3386
310.3558
310.2361
310.2307
310.2748
310.1944
310.1959
310.1648
310.2013
310.33
310.3315
310.3071
310.373
310.3745
310.3675
310.3761
310.3776
310.3777
310.3472
310.3488
310.359
310.2394
310.2409
310.278
310.1659
310.1776
310.1362
310.1728
310.3013
310.3131
310.2786
310.344
310.3559
310.3386
310.347
310.359
310.3486
310.3183
310.3302
310.33
310.2105
310.2223
310.2491
310.0611
310.0984
310.0321
310.0688
310.1932
310.2318
310.1709
310.2352
310.274
310.2298
310.2381
310.2769
310.2397
310.2093
310.2482
310.221
310.1035
310.1416
310.1413
310.2161
310.1791
310.1029
310.0997
310.1372
310.2155
310.1411
310.1791
310.2954
310.2836
310.2443
310.2281
310.2663
310.2944
310.2445
310.2826
310.3137
310.3123
310.3025
310.2698
310.3079
310.3126
310.273
310.3111
310.303
310.3085
310.3124
310.2727
310.3108
310.3019
310.2693
310.3074
310.2452
310.267
310.2937
310.2439
310.2821
310.2443
310.2278
310.266
310.0926
310.1351
310.2156
310.1408
310.1791
310.1001
310.0981
310.1363
310.218
310.181
310.1037
310.1025
310.1397
310.2188
310.1448
310.1823
310.2349
310.1829
310.2723
310.2351
310.1838
310.2725
310.2824
310.3201
310.3201
310.3391
310.2871
310.3507
310.3707
310.349
310.4089
310.3868
310.3983
310.425
310.3672
310.3157
310.3686
310.4116
310.4063
310.4498
310.4147
310.4161
310.4529
310.3634
310.3119
310.358
310.4143
310.4159
310.4526
310.411
310.4056
310.4493
310.3225
310.2704
310.301
310.3862
310.3976
310.4245
310.3703
310.3488
310.4086
310.1886
310.1388
310.1394
310.2825
310.3201
310.3204
310.2355
310.1841
310.2732
310.2177
310.1802
310.1001
310.0976
310.1364
310.2164
310.1403
310.1795
310.2963
310.2847
310.2474
310.2315
310.2691
310.2967
310.2476
310.2852
310.3704
310.3489
310.4086
310.3387
310.2873
310.3501
310.3862
310.4244
310.3976
310.4761
310.4542
310.4878
310.4759
310.4538
310.4873
310.4922
310.5039
310.5037
310.5043
310.4823
310.5058
310.5174
310.5121
310.529
310.5206
310.5221
310.5322
310.5008
310.4787
310.4955
310.5204
310.522
310.5321
310.5171
310.5117
310.5288
310.4599
310.4379
310.4381
310.4922
310.5037
310.5038
310.4761
310.4543
310.4877
310.324
310.3022
310.2727
310.3872
310.4252
310.3987
310.3401
310.289
310.3517
310.2972
310.2854
310.2455
310.2282
310.2675
310.2956
310.2446
310.2839
310.3145
310.313
310.3048
310.2727
310.3101
310.3149
310.2759
310.3134
310.4107
310.4055
310.4489
310.3665
310.3155
310.368
310.4138
310.452
310.4153
310.517
310.5117
310.5288
310.5037
310.4815
310.5052
310.5202
310.532
310.5217
310.5457
310.5403
310.5472
310.5457
310.5402
310.5472
310.5489
310.5504
310.5504
310.5422
310.5369
310.5369
310.5488
310.5504
310.5503
310.5455
310.5401
310.547
310.5011
310.4958
310.4792
310.5204
310.532
310.5219
310.5043
310.4824
310.5058
310.3651
310.3597
310.3144
310.4153
310.4532
310.4168
310.3683
310.3177
310.3698
310.3157
310.3142
310.3038
310.27
310.3092
310.3141
310.2733
310.3125
310.3044
310.3097
310.3149
310.2759
310.3133
310.3047
310.2726
310.3101
310.4138
310.4153
310.452
310.3633
310.3123
310.358
310.4107
310.4488
310.4054
310.5202
310.5217
310.532
310.5005
310.4783
310.4952
310.517
310.5288
310.5117
310.5489
310.5504
310.5504
310.5424
310.537
310.5371
310.5456
310.5471
310.5403
310.5455
310.547
310.5401
310.5455
310.5471
310.5401
310.5422
310.5368
310.5368
310.5043
310.5058
310.4824
310.5172
310.5287
310.5118
310.501
310.4791
310.4957
310.3682
310.3698
310.3176
310.412
310.45
310.4066
310.365
310.3143
310.3596
310.3053
310.3108
310.314
310.2733
310.3125
310.3037
310.2699
310.3092
310.2466
310.2685
310.2966
310.2475
310.2851
310.2472
310.2314
310.2689
310.3861
310.3975
310.4243
310.3226
310.2711
310.301
310.3703
310.4084
310.3487
310.4921
310.5036
310.5038
310.4597
310.4377
310.4378
310.476
310.4876
310.454
310.5205
310.5322
310.5219
310.501
310.4957
310.479
310.5042
310.5056
310.4821
310.517
310.5287
310.5116
310.5039
310.5055
310.4818
310.5007
310.4953
310.4785
310.476
310.4876
310.4541
310.4758
310.4873
310.4537
310.4597
310.438
310.4377
310.3399
310.3515
310.2888
310.3709
310.4089
310.3491
310.3237
310.2724
310.3019
310.2466
310.2688
310.2954
310.2443
310.2836
310.2451
310.2279
310.2672
310.0942
310.1365
310.2185
310.1444
310.1819
310.103
310.102
310.1392
310.282
310.3198
310.3198
310.188
310.1392
310.1384
310.2345
310.2719
310.1824
310.2156
310.1786
310.1021
310.0988
310.1365
310.215
310.1403
310.1785
310.3865
310.4247
310.398
310.3226
310.3008
310.2703
310.3387
310.3503
310.2867
310.295
310.2832
310.2438
310.2273
310.2658
310.2939
310.2437
310.2821
310.4143
310.4527
310.4157
310.3637
310.3584
310.312
310.3668
310.3682
310.3152
310.3132
310.3118
310.302
310.2691
310.3074
310.312
310.2723
310.3106
310.4106
310.449
310.4053
310.3664
310.368
310.3148
310.363
310.3576
310.3114
310.3025
310.308
310.3119
310.2719
310.3102
310.3014
310.2685
310.3069
310.3699
310.4083
310.3484
310.338
310.3496
310.2861
310.3221
310.3005
310.2699
310.2446
310.2665
310.2932
310.2431
310.2816
310.2437
310.227
310.2654
310.2351
310.2729
310.1837
310.2345
310.2718
310.1824
310.188
310.1388
310.1382
310.0919
310.092
310.1349
310.1345
310.216
310.1397
310.179
310.215
310.1399
310.1785
310.0994
310.0994
310.0969
310.0973
310.1358
310.1357
310.0607
310.0301
310.0657
310.0976
310.0615
310.0325
310.0692
310.0987
310.1041
310.1415
310.1417
310.1656
310.1343
310.1698
310.1774
310.1936
310.1713
310.2321
310.2101
310.2219
310.2487
310.1943
310.1631
310.1985
310.1957
310.2356
310.2302
310.2743
310.2388
310.2402
310.2775
310.1905
310.1593
310.1947
310.1851
310.2384
310.2401
310.2772
310.2351
310.2296
310.2739
310.1489
310.1175
310.153
310.127
310.2097
310.2214
310.2485
310.1934
310.1714
310.2322
310.0167
309.9867
310.0222
309.9859
310.0208
310.104
310.1418
310.1419
310.0601
310.0286
310.0635
310.0976
310.1934
310.1714
310.2318
310.1661
310.1364
310.1729
310.1776
310.2097
310.2481
310.2213
310.3017
310.2792
310.3136
310.3014
310.2787
310.3132
310.3183
310.3303
310.33
310.3307
310.3081
310.3321
310.3441
310.3387
310.356
310.3474
310.3488
310.3592
310.3271
310.3045
310.3217
310.3472
310.3487
310.3591
310.3439
310.3384
310.3557
310.2853
310.2627
310.2629
310.3184
310.3301
310.3303
310.3019
310.2796
310.3138
310.1494
310.1272
310.1173
310.1521
310.2106
310.2493
310.2224
310.1659
310.1338
310.1686
310.1776
310.2348
310.2295
310.2733
310.1944
310.1648
310.2013
310.1959
310.238
310.2765
310.2395
310.3437
310.3383
310.3558
310.33
310.3071
310.3315
310.3469
310.359
310.3484
310.373
310.3676
310.3745
310.373
310.3675
310.3745
310.3763
310.3777
310.3778
310.3695
310.3641
310.3641
310.3761
310.3777
310.3776
310.3728
310.3674
310.3743
310.3275
310.3221
310.3051
310.3473
310.359
310.3488
310.3308
310.3084
310.3323
310.1914
310.186
310.1594
310.1942
310.2394
310.278
310.2409
310.1947
310.1628
310.1975
310.1962
310.238
310.2395
310.2765
310.1911
310.1615
310.198
310.1858
310.2348
310.2733
310.2294
310.3469
310.3484
310.359
310.3267
310.3039
310.3214
310.3437
310.3557
310.3383
310.3762
310.3778
310.3777
310.3697
310.3642
310.3643
310.373
310.3745
310.3675
310.3728
310.3743
310.3673
310.3728
310.3744
310.3673
310.3695
310.3641
310.364
310.3307
310.3323
310.3083
310.344
310.3557
310.3385
310.3275
310.305
310.322
310.1947
310.1962
310.1627
310.1975
310.2361
310.2747
310.2306
310.1913
310.1594
310.1941
310.1858
310.2096
310.2212
310.248
310.1497
310.12
310.1565
310.1278
310.1933
310.2316
310.1712
310.3182
310.33
310.3302
310.2848
310.2621
310.2623
310.3015
310.3135
310.279
310.3473
310.3592
310.3487
310.3273
310.3219
310.3046
310.3305
310.332
310.3079
310.3437
310.3557
310.3383
310.3303
310.3319
310.3076
310.327
310.3216
310.3043
310.3018
310.3137
310.2794
310.3015
310.3133
310.2789
310.2851
310.2628
310.2624
310.1657
310.1775
310.1336
310.1684
310.1939
310.2325
310.1716
310.1492
310.1171
310.1519
310.1269
310.1037
310.1415
310.1411
310.0179
309.9897
310.0262
309.9878
310.0232
310.0601
310.0971
310.0293
310.0649
310.2097
310.2484
310.2215
310.1486
310.1265
310.1171
310.1526
310.1651
310.1769
310.1336
310.169
310.2384
310.2772
310.2398
310.1906
310.1852
310.1591
310.1945
310.1938
310.1952
310.1624
310.1978
310.2347
310.2736
310.2293
310.1934
310.1951
310.162
310.1974
310.19
310.1846
310.1586
310.194
310.193
310.2319
310.171
310.1646
310.1763
310.133
310.1684
310.1483
310.1265
310.1168
310.1522
310.0596
310.0972
310.0281
310.063
310.0597
310.097
310.0288
310.0643
310.0161
309.9853
310.0201
309.986
310.0213
)
;
        qrNbr           qr;
        logInterval     -1;
        writePrecision  7;
        updateHeader    1;
        writeToFile     0;
        useUserTime     1;
        kappaMethod     solidThermo;
        kappa           none;
    }
}


// ************************************************************************* //
