/*--------------------------------*- C++ -*----------------------------------*\
| =========                 |                                                 |
| \\      /  F ield         | OpenFOAM: The Open Source CFD Toolbox           |
|  \\    /   O peration     | Version:  2506                                  |
|   \\  /    A nd           | Website:  www.openfoam.com                      |
|    \\/     M anipulation  |                                                 |
\*---------------------------------------------------------------------------*/
FoamFile
{
    version     2.0;
    format      ascii;
    arch        "LSB;label=32;scalar=64";
    class       volScalarField;
    location    "3000/solid";
    object      T;
}
// * * * * * * * * * * * * * * * * * * * * * * * * * * * * * * * * * * * * * //

dimensions      [0 0 0 1 0 0 0];

internalField   nonuniform List<scalar> 
2304
(
306.5608
306.6324
306.6638
306.67
306.6589
306.6162
306.6368
306.7122
306.7439
306.7501
306.739
306.6957
306.6685
306.7442
306.7763
306.7826
306.7715
306.7278
306.6747
306.7504
306.7826
306.7889
306.7777
306.734
306.6637
306.7394
306.7715
306.7777
306.7666
306.7229
306.6213
306.6963
306.7279
306.734
306.7229
306.6799
306.6212
306.6838
306.6878
306.7638
306.6985
306.725
306.7788
306.8053
306.7297
306.7359
306.81
306.8161
306.7359
306.7295
306.8161
306.8099
306.7248
306.6978
306.8052
306.7783
306.6825
306.6147
306.7628
306.6813
306.7029
306.7792
306.7296
306.8059
306.7943
306.8209
306.8211
306.8479
306.8255
306.8316
306.8526
306.8588
306.8316
306.8254
306.8588
306.8526
306.8208
306.7938
306.8479
306.8208
306.7782
306.6965
306.8051
306.7235
306.7343
306.8106
306.7406
306.8167
306.8258
306.8526
306.8319
306.8588
306.8573
306.8635
306.8635
306.8697
306.8635
306.8573
306.8697
306.8635
306.8526
306.8254
306.8588
306.8316
306.8098
306.7283
306.816
306.7345
306.7406
306.8167
306.7343
306.8105
306.8319
306.8588
306.8257
306.8526
306.8635
306.8697
306.8573
306.8635
306.8697
306.8635
306.8634
306.8572
306.8587
306.8316
306.8525
306.8254
306.816
306.7345
306.8098
306.7282
306.7296
306.8059
306.7028
306.7791
306.8211
306.8479
306.7942
306.8208
306.8526
306.8587
306.8254
306.8315
306.8587
306.8525
306.8315
306.8253
306.8478
306.8207
306.8206
306.7937
306.8051
306.7234
306.7781
306.6964
306.6876
306.7637
306.621
306.6835
306.7787
306.8052
306.6983
306.7248
306.8099
306.816
306.7295
306.7357
306.8159
306.8097
306.7356
306.7293
306.805
306.7782
306.7245
306.6976
306.7627
306.6812
306.6823
306.6145
306.6175
306.6215
306.6812
306.6591
306.6964
306.7232
306.6701
306.728
306.7342
306.6637
306.7341
306.7279
306.6317
306.7231
306.6958
306.5539
306.68
306.6145
306.6968
306.6637
306.7239
306.7391
306.7394
306.7667
306.7501
306.7715
306.7778
306.7438
306.7778
306.7714
306.7116
306.7666
306.739
306.6299
306.723
306.657
306.7286
306.6747
306.7348
306.7715
306.7504
306.7778
306.7826
306.7826
306.7889
306.7763
306.7889
306.7826
306.7438
306.7777
306.75
306.6618
306.734
306.6682
306.7348
306.6684
306.7286
306.7778
306.7441
306.7715
306.7889
306.7763
306.7826
306.7826
306.7826
306.7762
306.75
306.7714
306.7438
306.6682
306.7277
306.6618
306.7238
306.6367
306.6967
306.7667
306.7121
306.739
306.7777
306.7438
306.75
306.7714
306.75
306.7437
306.7389
306.7389
306.7115
306.657
306.6956
306.6298
306.681
306.5606
306.6172
306.7231
306.6322
306.6588
306.734
306.6636
306.6698
306.7277
306.6698
306.6634
306.6957
306.6586
306.6314
306.6143
306.6159
306.5537
306.7082
306.6529
306.6772
306.6786
306.7798
306.7352
306.7466
306.7684
306.8029
306.7666
306.7698
306.7996
306.8048
306.7727
306.7717
306.8058
306.7882
306.7616
306.755
306.7947
306.7318
306.7191
306.699
306.7523
306.7818
306.7385
306.7702
306.7501
306.8558
306.8325
306.8441
306.8442
306.8788
306.8638
306.867
306.8756
306.8807
306.8699
306.8689
306.8816
306.8643
306.859
306.8526
306.8708
306.807
306.8164
306.7953
306.8281
306.8049
306.7701
306.8017
306.7733
306.8788
306.8641
306.8757
306.8672
306.9019
306.8955
306.8987
306.8987
306.9038
306.9016
306.9006
306.9048
306.8875
306.8907
306.8843
306.8939
306.8302
306.848
306.827
306.8512
306.8069
306.7763
306.8079
306.7754
306.8808
306.8702
306.8818
306.8692
306.9038
306.9016
306.9048
306.9006
306.9058
306.9077
306.9067
306.9068
306.8894
306.8969
306.8904
306.8959
306.8322
306.8542
306.8332
306.8532
306.7905
306.7653
306.797
306.7588
306.8645
306.8594
306.871
306.8529
306.8875
306.8908
306.894
306.8843
306.8894
306.8969
306.8959
306.8904
306.8731
306.886
306.8796
306.8795
306.8157
306.8433
306.8223
306.8368
306.7344
306.723
306.7547
306.7031
306.8073
306.8168
306.8283
306.7958
306.8303
306.8481
306.8512
306.8271
306.8322
306.8541
306.8531
306.8332
306.8157
306.8432
306.8367
306.8222
306.7589
306.8006
306.7796
306.7797
306.5766
306.5786
306.5956
306.6439
306.6519
306.6633
306.6671
306.6832
306.6864
306.669
306.6894
306.6884
306.6523
306.6783
306.6717
306.5962
306.6356
306.6155
306.6543
306.6484
306.6659
306.7238
306.724
306.7357
306.7471
306.7559
306.7591
306.7491
306.7621
306.7611
306.7324
306.751
306.7444
306.6751
306.7075
306.6869
306.6859
306.6717
306.6891
306.756
306.7474
306.7592
306.7796
306.7796
306.7829
306.7816
306.7859
306.7849
306.7648
306.7747
306.7681
306.707
306.731
306.7103
306.6921
306.6738
306.6911
306.7622
306.7494
306.7612
306.7859
306.7816
306.7849
306.7879
306.7879
306.787
306.7711
306.7768
306.7701
306.7133
306.733
306.7123
306.6811
306.6571
306.6746
306.7511
306.7328
306.7446
306.7747
306.7648
306.7681
306.7767
306.771
306.7701
306.76
306.7599
306.7533
306.7022
306.7163
306.6956
306.6388
306.6017
306.619
306.7078
306.6759
306.6874
306.7311
306.7074
306.7106
306.733
306.7135
306.7125
306.7164
306.7024
306.6959
306.6594
306.6596
306.6393
306.7337
306.7202
306.7009
306.7533
306.7346
306.7232
306.7033
306.7549
306.7608
306.8016
306.7808
306.7814
306.7098
306.6534
306.6427
306.6448
306.6763
306.6782
306.6736
306.7349
306.7178
306.665
306.7171
306.6989
306.7541
306.6981
306.736
306.7214
306.6684
306.719
306.702
306.7558
306.6993
306.7618
306.8017
306.7437
306.7444
306.7813
306.7819
306.7244
306.7885
306.7618
306.7554
306.795
306.8075
306.8169
306.796
306.8284
306.8162
306.8435
306.8226
306.8371
306.7803
306.7326
306.7099
306.7319
306.744
306.7689
306.7432
306.7889
306.7591
306.7186
306.7582
306.7526
306.7953
306.7518
306.8076
306.8167
306.7586
306.7903
306.7963
306.8282
306.7699
306.8162
306.8432
306.785
306.7989
306.8226
306.8368
306.7785
306.8049
306.7728
306.7718
306.8058
306.8304
306.8482
306.8272
306.8514
306.8324
306.8543
306.8334
306.8533
306.8031
306.7638
306.733
306.7629
306.767
306.7999
306.7661
306.8051
306.77
306.735
306.769
306.769
306.806
306.7681
306.8304
306.8478
306.7896
306.8132
306.8272
306.851
306.7928
306.8324
306.8539
306.7957
306.8151
306.8333
306.8529
306.7948
306.8027
306.7664
306.7697
306.7995
306.8323
306.8543
306.8333
306.8533
306.8303
306.848
306.8271
306.8512
306.805
306.7699
306.7349
306.769
306.7689
306.806
306.768
306.803
306.7636
306.7328
306.7627
306.7669
306.7998
306.766
306.8323
306.8538
306.7957
306.8151
306.8333
306.8529
306.7947
306.8303
306.8477
306.7894
306.8131
306.8271
306.8509
306.7927
306.7794
306.7345
306.7462
306.7678
306.8159
306.8434
306.8224
306.8369
306.8071
306.8164
306.7954
306.8281
306.7886
306.7589
306.7183
306.758
306.7523
306.7951
306.7515
306.7799
306.7319
306.7095
306.7312
306.7435
306.7683
306.7428
306.816
306.843
306.7848
306.7987
306.8224
306.8366
306.7783
306.8073
306.8162
306.758
306.79
306.7957
306.8279
306.7696
306.7051
306.6479
306.6739
306.6737
306.7591
306.8007
306.7798
306.7798
306.7317
306.7186
306.6986
306.7521
306.7329
306.7166
306.6628
306.7159
306.6969
306.753
306.6959
306.7063
306.6476
306.6387
306.6381
306.6727
306.6723
306.6697
306.7599
306.8008
306.7426
306.7424
306.7803
306.7802
306.7223
306.7327
306.7159
306.6618
306.7154
306.6962
306.7526
306.6955
306.8085
306.8172
306.7969
306.8289
306.7905
306.7654
306.7589
306.797
306.8172
306.8441
306.8376
306.8237
306.7825
306.7366
306.7341
306.7144
306.771
306.7481
306.7456
306.8087
306.8171
306.7596
306.7908
306.7972
306.8286
306.7711
306.7912
306.7633
306.7232
306.7608
306.7568
306.7976
306.7543
306.8174
306.8437
306.7995
306.7862
306.8373
306.8238
306.7798
306.8645
306.8592
306.8528
306.8709
306.8646
306.8594
306.853
306.871
306.8733
306.8862
306.8797
306.8797
306.8553
306.8322
306.8058
306.8059
306.8436
306.8438
306.8175
306.8639
306.8587
306.8144
306.8326
306.8523
306.8704
306.8262
306.864
306.8589
306.8147
306.8327
306.8525
306.8704
306.8262
306.8727
306.8855
306.8414
306.8414
306.8791
306.8791
306.835
306.8807
306.8699
306.869
306.8817
306.8875
306.8908
306.8843
306.894
306.8895
306.8969
306.8904
306.896
306.8782
306.8633
306.8287
306.8373
306.8665
306.875
306.8405
306.8801
306.8694
306.8307
306.8434
306.8684
306.8811
306.8425
306.8869
306.8902
306.8461
306.8558
306.8837
306.8934
306.8493
306.8889
306.8963
306.8522
306.8578
306.8898
306.8953
306.8513
306.8787
306.8637
306.8669
306.8755
306.8894
306.8969
306.8904
306.8959
306.8874
306.8907
306.8842
306.8939
306.8801
306.8693
306.8306
306.8434
306.8684
306.881
306.8424
306.8781
306.8632
306.8286
306.8372
306.8664
306.8749
306.8404
306.8888
306.8963
306.8522
306.8578
306.8898
306.8953
306.8513
306.8868
306.8901
306.846
306.8558
306.8836
306.8933
306.8493
306.8556
306.8321
306.8438
306.8438
306.8731
306.8861
306.8796
306.8796
306.8644
306.8591
306.8526
306.8708
306.8638
306.8585
306.8143
306.8325
306.8521
306.8702
306.826
306.8551
306.8317
306.8055
306.8055
306.8434
306.8434
306.8172
306.8726
306.8855
306.8414
306.8414
306.879
306.879
306.8349
306.8638
306.8586
306.8143
306.8325
306.8521
306.8703
306.826
306.7792
306.734
306.7675
306.7457
306.8158
306.8434
306.8369
306.8223
306.788
306.7611
306.7545
306.7945
306.8071
306.8162
306.7577
306.7899
306.7955
306.8278
306.7693
306.7795
306.7311
306.7306
306.7082
306.7679
306.7427
306.7422
306.8158
306.843
306.7986
306.7845
306.8366
306.8223
306.7781
306.7882
306.758
306.717
306.7574
306.7515
306.7947
306.7509
306.8315
306.8487
306.8283
306.8519
306.8069
306.7763
306.7754
306.8079
306.8335
306.8548
306.8539
306.8345
306.8054
306.768
306.7654
306.7376
306.8022
306.7712
306.7686
306.8316
306.8483
306.7909
306.8138
306.8284
306.8515
306.7941
306.8074
306.7742
306.7396
306.7716
306.7733
306.8084
306.7706
306.8336
306.8544
306.8157
306.797
306.8535
306.8345
306.7961
306.8875
306.8908
306.8844
306.894
306.8808
306.8702
306.8692
306.8818
306.8895
306.8969
306.896
306.8905
306.8782
306.8635
306.8374
306.829
306.8751
306.8667
306.8406
306.8869
306.8902
306.8461
306.8558
306.8837
306.8934
306.8493
306.8802
306.8696
306.8309
306.8435
306.8687
306.8811
306.8425
306.8889
306.8963
306.8578
306.8523
306.8953
306.8898
306.8513
306.9038
306.9016
306.9006
306.9048
306.9038
306.9016
306.9006
306.9048
306.9058
306.9077
306.9068
306.9068
306.9012
306.8948
306.8605
306.8605
306.898
306.898
306.8638
306.9032
306.9009
306.8625
306.8667
306.9
306.9041
306.8658
306.9032
306.9009
306.8625
306.8667
306.9
306.9041
306.8658
306.9052
306.9071
306.8687
306.8687
306.9061
306.9061
306.8678
306.9018
306.8954
306.8986
306.8986
306.9058
306.9077
306.9068
306.9068
306.9038
306.9015
306.9006
306.9047
306.9032
306.9009
306.8625
306.8667
306.9
306.9041
306.8657
306.9012
306.8948
306.8605
306.8605
306.898
306.898
306.8637
306.9051
306.9071
306.8687
306.8687
306.9061
306.9061
306.8677
306.9032
306.9009
306.8625
306.8667
306.9
306.9041
306.8657
306.8787
306.8637
306.8755
306.8669
306.8894
306.8969
306.8959
306.8904
306.8807
306.8699
306.8689
306.8816
306.8869
306.8901
306.8461
306.8558
306.8837
306.8933
306.8493
306.8781
306.8632
306.8372
306.8287
306.8749
306.8664
306.8404
306.8888
306.8963
306.8578
306.8522
306.8953
306.8898
306.8513
306.8801
306.8693
306.8307
306.8434
306.8684
306.881
306.8424
306.8025
306.7659
306.7993
306.7691
306.8323
306.8542
306.8533
306.8332
306.8045
306.7722
306.7712
306.8055
306.8302
306.8477
306.7892
306.813
306.827
306.8508
306.7924
306.8026
306.7628
306.7621
306.7315
306.7994
306.766
306.7653
306.8322
306.8538
306.815
306.7954
306.8528
306.8331
306.7944
306.8046
306.7691
306.7336
306.7683
306.7681
306.8056
306.7673
306.8335
306.8548
306.8345
306.8539
306.8049
306.7701
306.7733
306.8017
306.8315
306.8487
306.8519
306.8283
306.8074
306.7742
306.7716
306.7396
306.8084
306.7732
306.7706
306.8336
306.8544
306.797
306.8157
306.8345
306.8535
306.796
306.8054
306.768
306.7376
306.7654
306.7712
306.8022
306.7686
306.8316
306.8483
306.8137
306.7908
306.8515
306.8284
306.794
306.8895
306.8969
306.8905
306.896
306.8788
306.864
306.8672
306.8756
306.8875
306.8908
306.894
306.8843
306.8802
306.8696
306.8435
306.8309
306.8811
306.8687
306.8425
306.8889
306.8963
306.8523
306.8578
306.8898
306.8953
306.8513
306.8782
306.8635
306.8289
306.8373
306.8667
306.875
306.8405
306.8869
306.8901
306.8558
306.8461
306.8933
306.8837
306.8493
306.9058
306.9077
306.9068
306.9068
306.9018
306.8954
306.8986
306.8986
306.9038
306.9016
306.9048
306.9006
306.9032
306.9009
306.8667
306.8625
306.9041
306.9
306.8657
306.9052
306.9071
306.8687
306.8687
306.9061
306.9061
306.8678
306.9012
306.8948
306.8605
306.8605
306.898
306.898
306.8637
306.9032
306.9009
306.8667
306.8625
306.9041
306.9
306.8657
306.9038
306.9015
306.9047
306.9006
306.9038
306.9015
306.9048
306.9006
306.9018
306.8953
306.8986
306.8986
306.9051
306.9071
306.8687
306.8687
306.9061
306.9061
306.8677
306.9031
306.9009
306.8667
306.8625
306.9041
306.8999
306.8657
306.9031
306.9009
306.8667
306.8625
306.9041
306.8999
306.8657
306.9011
306.8947
306.8605
306.8605
306.8979
306.8979
306.8637
306.8807
306.8699
306.8816
306.8689
306.8874
306.8907
306.8939
306.8842
306.8787
306.8637
306.8669
306.8754
306.8888
306.8963
306.8522
306.8578
306.8898
306.8953
306.8513
306.8801
306.8693
306.8434
306.8306
306.881
306.8684
306.8424
306.8868
306.8901
306.8558
306.846
306.8933
306.8836
306.8493
306.8781
306.8632
306.8286
306.8372
306.8664
306.8749
306.8404
306.8045
306.7722
306.8055
306.7712
306.8302
306.848
306.8512
306.827
306.8025
306.7658
306.7691
306.7992
306.8322
306.8538
306.7954
306.815
306.8331
306.8528
306.7944
306.8046
306.7691
306.7683
306.7335
306.8056
306.7681
306.7673
306.8301
306.8476
306.813
306.7892
306.8508
306.8269
306.7924
306.8026
306.7627
306.7315
306.762
306.766
306.7993
306.7653
306.8172
306.844
306.8236
306.8376
306.7817
306.7384
306.75
306.7701
306.8084
306.8171
306.8288
306.7968
306.7911
306.7633
306.7607
306.7231
306.7975
306.7568
306.7543
306.8173
306.8437
306.7862
306.7994
306.8238
306.8373
306.7798
306.7824
306.7365
306.7144
306.734
306.748
306.7709
306.7456
306.8087
306.817
306.7907
306.7595
306.8286
306.7971
306.7711
306.8732
306.8861
306.8797
306.8796
306.8557
306.8324
306.8442
306.844
306.8644
306.8591
306.8709
306.8527
306.8639
306.8589
306.8327
306.8146
306.8704
306.8524
306.8262
306.8726
306.8855
306.8414
306.8414
306.8791
306.879
306.8349
306.8552
306.8321
306.8059
306.8057
306.8437
306.8435
306.8174
306.8639
306.8586
306.8325
306.8143
306.8703
306.8522
306.8261
306.8894
306.8969
306.8959
306.8904
306.8787
306.8637
306.8755
306.8669
306.8807
306.8698
306.8816
306.8689
306.8868
306.8901
306.8558
306.8461
306.8933
306.8837
306.8493
306.8888
306.8962
306.8578
306.8522
306.8953
306.8898
306.8512
306.8781
306.8632
306.8372
306.8286
306.8749
306.8664
306.8404
306.88
306.8693
306.8433
306.8306
306.881
306.8683
306.8424
306.8874
306.8907
306.8939
306.8842
306.8806
306.8698
306.8816
306.8688
306.8786
306.8636
306.8754
306.8668
306.8888
306.8962
306.8578
306.8522
306.8953
306.8897
306.8512
306.8868
306.8901
306.8557
306.846
306.8933
306.8836
306.8492
306.88
306.8692
306.8433
306.8305
306.881
306.8683
306.8423
306.878
306.8631
306.8371
306.8285
306.8748
306.8663
306.8403
306.8643
306.859
306.8708
306.8525
306.8643
306.8589
306.8707
306.8525
306.8555
306.8319
306.8437
306.8437
306.8725
306.8854
306.8413
306.8413
306.879
306.8789
306.8348
306.8638
306.8585
306.8325
306.8142
306.8702
306.8521
306.826
306.8637
306.8584
306.8324
306.8142
306.8702
306.852
306.8259
306.855
306.8316
306.8054
306.8054
306.8433
306.8433
306.8172
306.7879
306.761
306.7945
306.7544
306.8069
306.8162
306.828
306.7952
306.7791
306.7338
306.7456
306.7674
306.8158
306.8429
306.7845
306.7986
306.8222
306.8365
306.778
306.7881
306.758
306.7573
306.7169
306.7946
306.7514
306.7508
306.807
306.8161
306.7898
306.7576
306.8277
306.7954
306.7692
306.7794
306.731
306.7081
306.7304
306.7426
306.7678
306.742
306.7606
306.8015
306.7813
306.7807
306.708
306.6527
306.6784
306.677
306.7335
306.72
306.7532
306.7007
306.7358
306.7213
306.7189
306.6682
306.7557
306.7018
306.6991
306.7616
306.8016
306.7442
306.7435
306.7818
306.7812
306.7242
306.7096
306.6532
306.6446
306.6425
306.678
306.676
306.6734
306.7347
306.7176
306.7169
306.6648
306.7539
306.6987
306.6979
306.816
306.8434
306.837
306.8224
306.7797
306.735
306.7682
306.7464
306.7883
306.7617
306.7948
306.7552
306.8075
306.8166
306.7901
306.7584
306.828
306.7961
306.7698
306.8161
306.843
306.7988
306.7848
306.8366
306.8225
306.7784
306.7801
306.7324
306.7317
306.7097
306.7687
306.7437
306.743
306.7887
306.7589
306.758
306.7183
306.7951
306.7524
306.7516
306.8323
306.8542
306.8532
306.8332
306.8027
306.7664
306.7995
306.7696
306.8047
306.7726
306.8056
306.7716
306.8303
306.8477
306.813
306.7894
306.8508
306.8271
306.7926
306.8322
306.8537
306.815
306.7955
306.8528
306.8332
306.7946
306.8029
306.7636
306.7627
306.7327
306.7997
306.7668
306.7659
306.8049
306.7697
306.7688
306.7347
306.8059
306.7688
306.7679
306.8301
306.8479
306.8511
306.8269
306.8046
306.7725
306.8056
306.7715
306.8025
306.7662
306.7993
306.7694
306.8322
306.8537
306.8149
306.7955
306.8527
306.8331
306.7945
306.8301
306.8475
306.8129
306.7893
306.8507
306.8269
306.7925
306.8048
306.7697
306.7688
306.7346
306.8058
306.7687
306.7678
306.8028
306.7634
306.7625
306.7326
306.7996
306.7666
306.7658
306.807
306.8162
306.828
306.7952
306.788
306.7614
306.7946
306.7548
306.7792
306.7343
306.7676
306.746
306.8158
306.8429
306.7986
306.7846
306.8364
306.8223
306.7781
306.8071
306.8161
306.7898
306.7578
306.8277
306.7955
306.7694
306.7884
306.7586
306.7578
306.718
306.7949
306.7521
306.7513
306.7797
306.7317
306.731
306.7092
306.7681
306.7433
306.7426
306.7315
306.7184
306.7519
306.6984
306.7316
306.7188
306.7521
306.6987
306.7048
306.6477
306.6735
306.6737
306.7597
306.8006
306.7422
306.7424
306.78
306.7801
306.7221
306.7325
306.7157
306.7152
306.6616
306.7525
306.6961
306.6953
306.7327
306.7164
306.7157
306.6625
306.7528
306.6966
306.6957
306.7061
306.6474
306.6379
306.6385
306.6721
306.6725
306.6695
306.5986
306.6369
306.6179
306.6018
306.6389
306.6192
306.661
306.6617
306.6418
306.6526
306.6785
306.672
306.6761
306.708
306.6876
306.7028
306.7168
306.6963
306.6691
306.6894
306.6885
306.7075
306.7312
306.7108
306.7137
306.7332
306.7128
306.667
306.683
306.6863
306.7137
306.7331
306.7127
306.7074
306.7311
306.7106
306.6434
306.6512
306.6629
306.7026
306.7165
306.6961
306.6755
306.7076
306.6872
306.5724
306.5715
306.5913
306.6598
306.6595
306.6395
306.5948
306.6348
306.615
306.6772
306.7085
306.6889
306.6572
306.6811
306.6747
306.7174
306.7042
306.6977
306.7326
306.7511
306.7445
306.7329
306.7512
306.7446
306.7601
306.7601
306.7535
306.7492
306.7621
306.7611
306.7649
306.7748
306.7681
306.7711
306.7768
306.7702
306.7471
306.7558
306.759
306.7711
306.7768
306.7701
306.7648
306.7747
306.7681
306.7235
306.7235
306.7354
306.76
306.76
306.7534
306.7324
306.751
306.7444
306.6503
306.6416
306.662
306.7164
306.7023
306.6957
306.6505
306.6774
306.6708
306.7089
306.7318
306.7121
306.6738
306.6921
306.6911
306.7339
306.7151
306.7141
306.7649
306.7748
306.7682
306.7494
306.7622
306.7612
306.7768
306.7711
306.7702
306.7817
306.7859
306.7849
306.7817
306.7859
306.7849
306.788
306.788
306.787
306.7796
306.7796
306.7829
306.788
306.7879
306.787
306.7816
306.7859
306.7849
306.7558
306.747
306.7591
306.7768
306.7711
306.7701
306.7491
306.7621
306.7611
306.6821
306.6651
306.6854
306.733
306.7133
306.7123
306.6672
306.6884
306.6874
306.7151
306.7339
306.7141
306.6717
306.6858
306.6891
306.7318
306.7089
306.7121
306.7711
306.7768
306.7702
306.7474
306.7559
306.7592
306.7748
306.7649
306.7681
306.788
306.788
306.787
306.7796
306.7796
306.7829
306.7859
306.7816
306.7849
306.7859
306.7816
306.7849
306.7859
306.7816
306.7849
306.7795
306.7795
306.7828
306.7621
306.7491
306.7611
306.7747
306.7648
306.7681
306.747
306.7558
306.759
306.6884
306.6672
306.6874
306.731
306.707
306.7102
306.6651
306.6821
306.6854
306.7041
306.7173
306.6976
306.6483
306.6542
306.6658
306.7085
306.6771
306.6888
306.7601
306.76
306.7535
306.7239
306.7237
306.7356
306.751
306.7325
306.7445
306.7768
306.7711
306.7701
306.7558
306.747
306.759
306.762
306.7491
306.7611
306.7747
306.7647
306.768
306.762
306.749
306.761
306.7557
306.7469
306.759
306.7509
306.7323
306.7443
306.7509
306.7323
306.7443
306.7234
306.7234
306.7353
306.6773
306.6504
306.6707
306.7074
306.675
306.6867
306.6415
306.6501
306.6619
306.6616
306.6608
306.6416
306.5784
306.5764
306.5953
306.6367
306.5983
306.6176
306.7166
306.7026
306.6962
306.6517
306.6436
306.6631
306.6783
306.6523
306.6718
306.7331
306.7135
306.7126
306.683
306.6668
306.6862
306.6892
306.6689
306.6882
306.731
306.7072
306.7105
306.6892
306.6688
306.6882
306.6828
306.6667
306.6861
306.7075
306.6753
306.687
306.678
306.652
306.6715
306.6509
306.6431
306.6627
306.6347
306.5946
306.6148
306.6354
306.5959
306.6153
306.5713
306.5721
306.5911
)
;

boundaryField
{
    solid_to_air
    {
        type            compressible::turbulentTemperatureRadCoupledMixed;
        refValue        nonuniform List<scalar> 
1536
(
300.6637
300.6816
300.7062
300.7134
300.7022
300.6752
300.6751
300.8859
301.0018
301.028
300.9886
300.8459
300.6984
300.9974
301.1192
301.1426
301.1072
300.9468
300.7048
301.0213
301.1409
301.1628
301.1294
300.9703
300.6937
300.9794
301.1027
301.1272
301.0904
300.9294
300.668
300.8365
300.9368
300.9619
300.9241
300.8033
300.977
300.974
300.406
300.4134
300.438
300.4254
300.4583
300.4283
300.4622
300.4229
300.4536
300.4094
300.4246
300.9729
300.4133
300.4368
300.632
300.6649
300.6709
300.6578
300.611
300.4135
300.4253
300.4572
300.665
300.7033
300.7104
300.695
300.6412
300.4257
300.4282
300.4611
300.6711
300.7104
300.7177
300.7019
300.6468
300.4287
300.4229
300.4525
300.658
300.6951
300.7019
300.6871
300.635
300.4233
300.4096
300.4237
300.6113
300.6414
300.6468
300.635
300.5922
300.4097
300.9769
300.4134
300.4254
300.4283
300.4229
300.4094
301.2515
300.4666
300.4697
300.4792
300.4817
300.4848
300.4848
300.4817
300.4792
300.4696
300.4663
301.2408
301.245
300.4658
300.6741
300.668
300.7952
300.7012
300.8366
300.9196
300.7133
300.937
300.9618
300.7069
300.9621
300.9407
300.6829
300.9244
300.8445
300.6697
300.8034
300.6822
301.2481
300.4675
300.469
300.4785
300.8352
300.6937
300.9145
300.9832
300.9796
301.085
301.0276
301.1029
301.1267
301.0058
301.1272
301.1063
300.8958
301.0905
300.9921
300.6903
300.9295
300.7108
300.4707
300.4803
300.4809
300.484
300.9309
300.7048
300.9537
301.1021
301.0214
301.1245
301.1422
301.1409
301.1623
301.1226
301.1628
301.1438
301.0101
301.1295
301.0341
300.716
300.9703
300.723
300.4828
300.4859
300.484
300.4809
300.9536
300.6984
300.931
301.1247
300.9975
301.1019
301.1625
301.1191
301.142
301.1439
301.1425
301.1225
301.0342
301.1072
301.01
300.7231
300.9467
300.7159
300.4859
300.4828
300.4785
300.469
300.9143
300.6751
300.8352
301.085
300.8857
300.9828
301.1268
301.0017
301.0273
301.1065
301.0279
301.0055
300.9921
300.9884
300.8958
300.7108
300.8459
300.6902
300.4803
300.4707
300.4657
301.2449
300.7951
300.6637
300.674
301.2515
300.4666
300.9193
300.6816
300.7012
300.4697
300.4792
300.9614
300.7062
300.7132
300.4817
300.4848
300.9404
300.7134
300.7069
300.4848
300.4817
300.8444
300.7022
300.6828
300.4792
300.4696
300.6821
300.6752
300.6696
300.4675
300.4663
301.2481
301.2407
300.4097
300.4248
300.4096
300.4237
300.5925
300.423
300.4537
300.6113
300.6352
300.4284
300.4623
300.6414
300.6469
300.4253
300.4583
300.6468
300.6413
300.4132
300.4379
300.635
300.6111
300.9695
300.4058
300.5922
300.4097
300.4259
300.6114
300.4229
300.4525
300.6352
300.658
300.658
300.6873
300.671
300.6951
300.702
300.6648
300.7019
300.695
300.6318
300.6871
300.6578
300.4392
300.635
300.4233
300.455
300.6415
300.4282
300.4611
300.647
300.6951
300.6711
300.702
300.7105
300.7105
300.7179
300.7033
300.7177
300.7105
300.6648
300.7019
300.6709
300.4597
300.6468
300.4287
300.4636
300.647
300.4253
300.4572
300.6415
300.702
300.665
300.6951
300.7179
300.7033
300.7105
300.7105
300.7104
300.7033
300.6709
300.695
300.6648
300.4636
300.6412
300.4257
300.4597
300.6352
300.4133
300.4369
300.6114
300.6873
300.632
300.658
300.702
300.6649
300.671
300.6951
300.6709
300.6648
300.6578
300.6578
300.6318
300.455
300.6111
300.4135
300.4392
300.5925
300.974
300.406
300.4097
300.4248
300.6352
300.438
300.423
300.4537
300.647
300.4583
300.4284
300.4623
300.6413
300.4622
300.4253
300.4583
300.6111
300.4536
300.4132
300.4379
300.4259
300.4246
300.9728
300.9694
300.4058
300.6871
300.6846
300.6798
301.1656
301.1607
300.6555
300.6521
300.7462
300.6886
300.7306
300.5642
300.5673
300.7873
300.7097
300.7807
300.5763
300.578
300.7926
300.7124
300.7944
300.5798
300.5793
300.763
300.6968
300.7736
300.5739
300.5712
300.6971
300.6741
300.7148
300.5618
300.5724
301.1648
300.6568
300.7424
300.7277
300.6818
300.5618
300.565
300.9685
300.9258
300.9245
301.0593
301.0146
301.0464
301.0691
301.0246
301.0724
301.0102
300.9656
301.0334
300.8161
300.7903
300.8796
300.5667
300.5699
300.7808
300.7748
300.7016
300.5738
300.5755
301.0557
301.0434
301.0095
301.1416
301.1307
301.1301
301.1499
301.1394
301.1527
301.0966
301.0848
301.1184
300.8796
300.8697
300.9587
300.5789
300.5806
300.785
300.7869
300.7038
300.5772
300.5767
301.0635
301.0673
301.0174
301.1484
301.1517
301.1372
301.1565
301.1597
301.1593
301.1042
301.1078
301.1257
300.8862
300.8893
300.9666
300.5823
300.5818
300.7557
300.766
300.6885
300.5713
300.5685
301.0015
301.0255
300.9558
301.0918
301.1147
301.0792
301.1013
301.1239
301.1045
301.0435
301.0675
301.0666
300.8382
300.8554
300.9078
300.5763
300.5736
300.6928
300.7093
300.6676
300.5594
300.5705
300.8064
300.8695
300.7817
300.8688
300.9491
300.8588
300.8766
300.9588
300.8793
300.8324
300.9037
300.8485
300.7238
300.7581
300.7566
300.5641
300.5752
301.1656
300.6555
300.5642
300.5673
300.5763
300.578
300.5798
300.5793
300.5739
300.5712
300.5618
300.5724
300.6068
300.436
300.4778
300.4348
300.4769
300.6214
300.4441
300.417
300.6138
300.6392
300.4602
300.4269
300.6369
300.6406
300.4617
300.4279
300.6411
300.6276
300.4501
300.4203
300.6319
300.5875
300.4203
300.4148
300.5989
300.6221
300.6145
300.4429
300.4169
300.6535
300.6425
300.6425
300.6803
300.668
300.6769
300.6824
300.6701
300.6832
300.6632
300.6518
300.6695
300.6027
300.5939
300.6208
300.6399
300.6377
300.459
300.4268
300.6803
300.677
300.668
300.7107
300.707
300.7069
300.7132
300.7095
300.7141
300.6914
300.688
300.6985
300.624
300.6214
300.6441
300.6415
300.642
300.4606
300.4278
300.6826
300.6834
300.6703
300.7133
300.7142
300.7095
300.7159
300.7168
300.7168
300.6939
300.6947
300.701
300.6259
300.6265
300.6461
300.6286
300.6328
300.449
300.4203
300.6634
300.6697
300.652
300.6915
300.6986
300.6881
300.6939
300.701
300.6947
300.6737
300.6803
300.6803
300.6107
300.6157
300.6295
300.5887
300.5999
300.4197
300.4153
300.6032
300.6211
300.5944
300.6244
300.6442
300.6218
300.6261
300.6461
300.6267
300.6109
300.6295
300.6158
300.5632
300.5765
300.5766
300.5618
300.5731
301.3249
300.5815
300.634
300.5025
300.4776
300.5168
300.5737
300.5709
300.505
300.4731
300.5081
300.5143
300.4766
300.5116
300.5797
300.5792
300.5168
300.4832
300.5184
300.52
300.4843
300.5195
300.5765
300.5781
300.52
300.4843
300.5196
300.5169
300.4832
300.5184
300.5644
300.5676
300.5143
300.4766
300.5117
300.505
300.4731
300.5082
301.1591
300.6528
300.5022
300.4764
300.5155
301.314
300.5773
300.6292
300.5594
300.5705
301.3171
300.5783
300.6296
300.5011
300.4763
300.5147
300.694
300.6734
300.7114
300.6928
300.6676
300.7093
300.7181
300.751
300.7496
300.7602
300.6957
300.7713
300.8065
300.7818
300.8697
300.828
300.845
300.8979
300.7919
300.7121
300.7941
300.8688
300.859
300.9492
300.8757
300.8792
300.9577
300.7885
300.7102
300.7825
300.8767
300.8795
300.9588
300.8709
300.8619
300.9518
300.7494
300.6899
300.734
300.8325
300.8487
300.9038
300.8118
300.7875
300.8769
300.6905
300.6855
300.6909
300.7239
300.7567
300.7581
300.6985
300.6807
300.7171
300.5641
300.5752
301.3228
300.5809
300.6343
300.5042
300.4781
300.5182
300.5713
300.5686
300.5037
300.4724
300.5069
300.513
300.4759
300.5104
300.8025
300.7791
300.867
300.7557
300.6885
300.766
300.8228
300.8938
300.8386
301.0029
300.9586
301.0279
301.0017
300.9561
301.0257
301.0361
301.0611
301.0601
301.0678
301.0232
301.0721
301.0919
301.0793
301.1149
301.1001
301.1041
301.1227
301.0619
301.0173
301.0504
301.1014
301.1046
301.124
301.0943
301.0831
301.1171
300.978
300.9345
300.9357
301.0436
301.0667
301.0677
301.0114
300.9681
301.0355
300.7537
300.7373
300.6977
300.8382
300.9079
300.8555
300.7683
300.7051
300.7797
300.5763
300.5736
300.5068
300.4741
300.5099
300.5161
300.4777
300.5134
300.5772
300.5767
300.5155
300.4825
300.5171
300.5187
300.4836
300.5182
300.8607
300.8516
300.9423
300.785
300.7038
300.7869
300.8669
300.9501
300.8699
301.0896
301.0776
301.1136
301.0637
301.0175
301.0675
301.0972
301.1209
301.1009
301.1489
301.1383
301.1526
301.1484
301.1373
301.1518
301.1555
301.159
301.1587
301.1436
301.1329
301.1335
301.1564
301.1593
301.1598
301.1503
301.1403
301.1535
301.0655
301.0533
301.0224
301.1042
301.1257
301.1079
301.0733
301.0302
301.077
300.796
300.7893
300.7195
300.8862
300.9666
300.8893
300.8006
300.722
300.8027
300.5823
300.5818
300.5186
300.4844
300.5202
300.5219
300.4855
300.5214
300.5738
300.5755
300.5187
300.4836
300.5182
300.5155
300.4825
300.5171
300.8668
300.8698
300.9499
300.7808
300.7016
300.7748
300.8607
300.9424
300.8517
301.0972
301.1009
301.121
301.0557
301.0096
301.0435
301.0895
301.1134
301.0775
301.1555
301.1587
301.1591
301.1416
301.1302
301.1308
301.1488
301.1524
301.1381
301.1503
301.1536
301.1404
301.1499
301.1528
301.1394
301.1435
301.1334
301.1328
301.0733
301.0771
301.0303
301.0967
301.1185
301.0849
301.0654
301.0222
301.0532
300.8006
300.8027
300.7219
300.8795
300.9587
300.8696
300.796
300.7195
300.7893
300.5789
300.5806
300.5219
300.4855
300.5214
300.5186
300.4844
300.5202
300.5618
300.565
300.513
300.4759
300.5104
300.5037
300.4724
300.5069
300.8227
300.8386
300.8937
300.7424
300.6818
300.7276
300.8025
300.8669
300.7791
301.036
301.0601
301.0611
300.9683
300.9243
300.9255
301.0027
301.0276
300.9583
301.1
301.1227
301.1042
301.0592
301.0463
301.0146
301.0676
301.0718
301.023
301.0943
301.1171
301.0832
301.0691
301.0724
301.0246
301.0618
301.0502
301.0171
301.0114
301.0355
300.9681
301.0102
301.0333
300.9655
300.978
300.9358
300.9345
300.7683
300.7797
300.7051
300.816
300.8796
300.7903
300.7537
300.6977
300.7373
300.5667
300.5699
300.5161
300.4777
300.5134
300.5067
300.4741
300.5099
301.1606
300.6521
300.5011
300.4762
300.5147
301.317
300.5783
300.6296
300.7181
300.7496
300.7509
300.6871
300.6798
300.6846
300.694
300.7113
300.6734
300.5618
300.5731
301.3248
300.5814
300.634
300.5025
300.4776
300.5168
300.8279
300.8976
300.8447
300.7461
300.7305
300.6886
300.7602
300.7712
300.6957
300.5737
300.5709
300.505
300.4731
300.5081
300.5143
300.4766
300.5116
300.8756
300.9574
300.8789
300.7872
300.7806
300.7096
300.7918
300.794
300.7121
300.5797
300.5792
300.5168
300.4832
300.5184
300.52
300.4843
300.5195
300.8707
300.9515
300.8616
300.7925
300.7943
300.7124
300.7884
300.7824
300.7102
300.5765
300.5781
300.52
300.4843
300.5196
300.5169
300.4832
300.5184
300.8117
300.8768
300.7873
300.7629
300.7735
300.6967
300.7493
300.7339
300.6898
300.5644
300.5676
300.5144
300.4766
300.5117
300.505
300.4731
300.5082
300.6985
300.7171
300.6807
300.6971
300.7147
300.6741
300.6905
300.6909
300.6855
301.1647
301.1591
300.6568
300.6528
300.5042
300.4781
300.5182
300.5022
300.4764
300.5155
301.3228
301.314
300.5809
300.5773
300.6343
300.6292
300.5882
300.4208
300.4155
300.5993
300.5886
300.4196
300.4153
300.5999
300.5639
300.5769
300.5771
300.6279
300.4502
300.4204
300.6321
300.6031
300.5944
300.6211
300.6111
300.616
300.6297
300.6407
300.4618
300.4279
300.6412
300.6243
300.6218
300.6442
300.6262
300.6268
300.6462
300.6391
300.4602
300.4269
300.6368
300.6261
300.6267
300.6461
300.6242
300.6216
300.6441
300.6211
300.444
300.4169
300.6135
300.6109
300.6158
300.6295
300.6029
300.5941
300.6208
300.6053
300.4351
300.4756
300.4364
300.4767
300.5632
300.5766
300.5764
300.587
300.4216
300.4152
300.5983
300.6034
300.5946
300.6211
300.6286
300.449
300.4203
300.6328
300.6113
300.6297
300.6162
300.6634
300.652
300.6697
300.6634
300.652
300.6697
300.6739
300.6805
300.6805
300.6826
300.6703
300.6834
300.6915
300.6881
300.6986
300.694
300.6948
300.7011
300.6801
300.6679
300.6769
300.6939
300.6947
300.701
300.6914
300.688
300.6985
300.6533
300.6422
300.6423
300.6737
300.6803
300.6803
300.6632
300.6518
300.6695
300.6205
300.6129
300.4453
300.4172
300.6107
300.6295
300.6157
300.627
300.4515
300.4206
300.6313
300.6246
300.622
300.6443
300.6415
300.4606
300.4278
300.642
300.6265
300.6463
300.6271
300.6915
300.6881
300.6986
300.6826
300.6703
300.6834
300.694
300.7011
300.6949
300.7133
300.7096
300.7142
300.7133
300.7095
300.7142
300.716
300.7169
300.7169
300.7106
300.7069
300.7069
300.7159
300.7168
300.7168
300.7132
300.7095
300.7141
300.6801
300.6768
300.6679
300.6939
300.701
300.6947
300.6824
300.6701
300.6832
300.6384
300.6362
300.4615
300.4272
300.6259
300.6461
300.6265
300.64
300.4631
300.4283
300.6405
300.6265
300.6271
300.6463
300.6399
300.4591
300.4268
300.6377
300.6246
300.6443
300.622
300.694
300.6949
300.7011
300.6803
300.668
300.677
300.6915
300.6986
300.6881
300.716
300.7169
300.7169
300.7107
300.7069
300.707
300.7133
300.7142
300.7096
300.7132
300.7141
300.7096
300.7132
300.7141
300.7095
300.7106
300.7069
300.7069
300.6824
300.6833
300.6701
300.6914
300.6985
300.688
300.6801
300.6679
300.6768
300.64
300.6405
300.4631
300.4283
300.624
300.6441
300.6214
300.6384
300.4616
300.4272
300.6362
300.6113
300.6163
300.6297
300.6221
300.4429
300.4169
300.6145
300.6033
300.6211
300.5946
300.6739
300.6805
300.6805
300.6535
300.6425
300.6425
300.6634
300.6697
300.652
300.694
300.7011
300.6948
300.6803
300.6769
300.668
300.6826
300.6834
300.6703
300.6914
300.6985
300.688
300.6824
300.6832
300.6701
300.6801
300.6769
300.6679
300.6632
300.6696
300.6518
300.6632
300.6696
300.6518
300.6533
300.6423
300.6422
300.627
300.6313
300.4515
300.4206
300.6027
300.6208
300.5939
300.6205
300.4453
300.4172
300.6129
300.5639
300.5771
300.577
300.6069
300.4348
300.4769
300.436
300.4778
300.5882
300.5993
300.4208
300.4155
300.6111
300.6297
300.616
300.6214
300.6139
300.4441
300.417
300.6279
300.6321
300.4502
300.4204
300.6262
300.6463
300.6268
300.6392
300.637
300.4602
300.4269
300.6408
300.6413
300.4618
300.4279
300.6242
300.6441
300.6217
300.6406
300.6412
300.4617
300.4279
300.6391
300.6369
300.4602
300.4269
300.6029
300.6208
300.5941
300.6277
300.6319
300.4501
300.4203
300.6212
300.6136
300.444
300.4169
300.5871
300.5983
300.4216
300.4152
300.5875
300.5989
300.4204
300.4148
300.6053
300.4365
300.4767
300.4351
300.4755
)
;
        refGradient     nonuniform List<scalar> 
1536
(
0.08364556
0.08214104
0.08159887
0.08127142
0.08101826
0.08106622
0.08299869
0.08139847
0.08083271
0.08048745
0.08021348
0.0802513
0.08275638
0.08113845
0.08056505
0.08021347
0.0799348
0.07996741
0.08273259
0.08111057
0.08053441
0.08018068
0.07990068
0.07993146
0.08279086
0.08117135
0.08059825
0.08024702
0.07996843
0.08000179
0.08316607
0.08157164
0.08100588
0.08066053
0.08038785
0.08042613
0.05737938
0.09251395
-1.215676
0.04008231
-1.224133
0.03986335
-1.224656
0.03978983
-1.224759
0.03973073
-1.224572
0.0399211
-1.223862
0.03052188
0.08428009
-1.21332
-1.224512
-1.225047
-1.22515
-1.224963
-1.224232
0.0152866
0.08423314
-1.213848
-1.225051
-1.225595
-1.2257
-1.225511
-1.224771
0.01493254
0.08427972
-1.213951
-1.225155
-1.2257
-1.225806
-1.225617
-1.224876
0.01487376
0.08428203
-1.213767
-1.224969
-1.225512
-1.225616
-1.225428
-1.224689
0.01497831
0.08447367
-1.213062
-1.224242
-1.224773
-1.224876
-1.224689
-1.223963
0.01547336
0.0563525
0.0390631
0.03884411
0.03877073
0.0387119
0.03890269
0.07128402
0.05869588
0.05853746
0.05827998
0.05823582
0.05815354
0.05813351
0.05809495
0.05809871
0.05824014
0.05836594
0.05656304
0.1005052
0.1025012
0.0823645
0.08315066
0.08179849
0.0817011
0.0815631
0.08110581
0.08134676
0.08099962
0.08073554
0.08106913
0.08065595
0.08044024
0.08099546
0.08038451
0.08035125
0.08107029
0.08042357
0.07998416
0.04955517
0.04662088
0.1023805
0.1022361
0.08163515
0.08278292
0.08140559
0.08093913
0.08116709
0.08070316
0.08056746
0.08059521
0.08032614
0.08026988
0.08024492
0.08002439
0.08017891
0.07996699
0.07992949
0.07981372
0.08000077
0.07955555
0.04642869
0.0461174
0.1022263
0.1022321
0.08137701
0.08273171
0.0813489
0.08067333
0.0811101
0.08064313
0.08029488
0.08053407
0.08026236
0.07999227
0.08018045
0.07995831
0.07989664
0.07990051
0.07986146
0.07951922
0.07993135
0.07947848
0.04606853
0.04600887
0.1022362
0.1022548
0.08134934
0.08276253
0.08138062
0.0806434
0.08114172
0.08067593
0.08026253
0.08056736
0.0802967
0.07995842
0.08021506
0.0799935
0.07986152
0.07993585
0.07989749
0.07947846
0.07996817
0.07951919
0.04600863
0.04606689
0.1022727
0.1024409
0.08141016
0.08301216
0.08164318
0.08070638
0.08140586
0.08094501
0.08032837
0.08083808
0.08057172
0.0800259
0.08049131
0.08027294
0.07993054
0.08021625
0.0801812
0.07955556
0.08025342
0.07981414
0.04611536
0.04642577
0.1025693
0.1003213
0.08180771
0.08366886
0.08238256
0.07037685
0.05762462
0.08111254
0.08215784
0.08171465
0.05746613
0.0572086
0.08074044
0.08161149
0.08135691
0.05716445
0.05708226
0.08044381
0.08128085
0.08107664
0.05706227
0.0570239
0.08035396
0.08102521
0.08100097
0.05702774
0.05716948
0.07998479
0.08107131
0.08107256
0.04661779
0.05729537
0.04954355
0.05654102
0.04021272
-1.223883
0.08436425
-1.213064
-1.223984
0.03989224
-1.224577
-1.224244
-1.224695
0.03980766
-1.224759
-1.224775
-1.224878
0.03973779
-1.224653
-1.224878
-1.224773
0.03981839
-1.224121
-1.224692
-1.224234
0.04129564
-1.229744
-1.223966
0.01547726
-1.235013
-1.22425
0.08422304
-1.213768
-1.224705
-1.224966
-1.22497
-1.22543
-1.225151
-1.225512
-1.225617
-1.225045
-1.225617
-1.225511
-1.224503
-1.225429
-1.224963
-1.235271
-1.22469
0.0149808
-1.235722
-1.224785
0.08427312
-1.213952
-1.224889
-1.225512
-1.225155
-1.225617
-1.2257
-1.2257
-1.225806
-1.225594
-1.225806
-1.225699
-1.225045
-1.225617
-1.22515
-1.235802
-1.224876
0.01487405
-1.235907
-1.224889
0.08427916
-1.213847
-1.224785
-1.225617
-1.225051
-1.225512
-1.225806
-1.225594
-1.2257
-1.225699
-1.225699
-1.225593
-1.22515
-1.22551
-1.225044
-1.235907
-1.22477
0.01493054
-1.235802
-1.224704
0.08437716
-1.213318
-1.224248
-1.225429
-1.22451
-1.224964
-1.225617
-1.225045
-1.225149
-1.22551
-1.225149
-1.225043
-1.224962
-1.224962
-1.224501
-1.235721
-1.22423
0.01528295
-1.235269
-1.223982
0.09248641
-1.215862
0.03919356
-1.224174
-1.224692
-1.224424
0.03887298
-1.224868
-1.224876
-1.224947
0.03878852
-1.225051
-1.22477
-1.22505
0.03871889
-1.224944
-1.224232
-1.224863
0.03879988
-1.224412
-1.23501
-1.224152
0.0305096
0.04127469
-1.22993
0.08303865
0.08304583
0.08359738
0.0706154
0.1028704
0.07173138
0.1025444
0.08189936
0.08196397
0.08208099
0.07137423
0.07123574
0.08143107
0.08150838
0.08152446
0.07098286
0.07092887
0.08111093
0.08119902
0.08118596
0.07079956
0.07076268
0.08088526
0.08098341
0.0809224
0.07068865
0.07068973
0.08108847
0.08118836
0.08096451
0.07088323
0.07100081
0.06225392
0.06529417
0.08229246
0.08239973
0.08289536
0.1018519
0.1017637
0.08110126
0.08121297
0.08128758
0.08062443
0.08073795
0.0807197
0.08029495
0.08041022
0.08037265
0.08005666
0.08017372
0.08009694
0.08026121
0.08037942
0.08013328
0.06511888
0.06498855
0.08213073
0.08214683
0.08274162
0.1016588
0.1016516
0.08093443
0.08095113
0.08112205
0.08045059
0.08046855
0.08054744
0.08011614
0.08013496
0.0801949
0.07987466
0.07989401
0.07991563
0.08007295
0.08009354
0.07994734
0.06478999
0.06476281
0.08212434
0.08211994
0.08273687
0.1016533
0.1016572
0.08092698
0.08092267
0.08111489
0.08044184
0.08043728
0.08053899
0.0801065
0.08010179
0.08018546
0.07986445
0.07985964
0.07990554
0.08006176
0.08005655
0.07993653
0.06473915
0.06474618
0.08222804
0.08218078
0.08283631
0.101698
0.1017351
0.08103223
0.08098393
0.0812194
0.0805519
0.08050188
0.08064796
0.08021978
0.08016857
0.08029807
0.07997962
0.07992767
0.0800203
0.08018203
0.08012848
0.08005476
0.06483117
0.06489438
0.0827926
0.08256895
0.08337866
0.1020287
0.1022343
0.08162438
0.0813864
0.08180854
0.08115045
0.08091097
0.08124508
0.08082489
0.0805835
0.08090135
0.08059286
0.08034843
0.08063156
0.08079622
0.08055346
0.08067074
0.06529935
0.06550417
0.0697031
0.07178759
0.07141394
0.07127292
0.07101326
0.07095725
0.07082242
0.07078388
0.07070534
0.07070507
0.0708949
0.07101072
-1.220579
-1.22169
0.04352972
-1.212723
0.08591816
-1.223689
-1.224323
0.03999365
-1.223498
-1.224077
-1.22471
0.03984243
-1.224023
-1.224109
-1.224742
0.03977104
-1.224126
-1.22383
-1.224463
0.0397357
-1.223939
-1.223079
-1.223667
0.04000671
-1.223224
-1.221504
-1.22131
-1.213513
0.08423766
-1.224907
-1.224708
-1.22471
-1.225303
-1.225101
-1.225248
-1.225336
-1.225134
-1.225352
-1.225054
-1.224853
-1.225165
-1.224305
-1.224109
-1.22443
-1.221893
-1.221839
-1.213901
0.08424777
-1.225304
-1.22525
-1.225105
-1.225705
-1.22565
-1.22565
-1.225739
-1.225683
-1.225755
-1.225454
-1.2254
-1.225566
-1.224699
-1.224645
-1.224825
-1.221927
-1.221943
-1.213935
0.08428172
-1.225338
-1.225354
-1.225139
-1.225739
-1.225756
-1.225684
-1.225773
-1.22579
-1.22579
-1.225489
-1.225505
-1.2256
-1.224733
-1.224749
-1.224859
-1.22165
-1.221758
-1.213659
0.08429334
-1.225057
-1.225167
-1.22486
-1.225455
-1.225566
-1.2254
-1.225488
-1.2256
-1.225504
-1.225205
-1.225317
-1.225316
-1.224453
-1.224563
-1.224579
-1.220742
-1.221048
-1.212764
0.08470905
-1.224095
-1.224436
-1.223903
-1.224484
-1.224827
-1.224431
-1.224517
-1.224859
-1.224533
-1.224238
-1.22458
-1.224347
-1.223503
-1.223842
-1.223626
0.07155868
0.0717762
0.07200411
0.06127171
0.0633929
0.0623451
0.05910005
0.0625247
0.0710482
0.07112989
0.06218015
0.05842285
0.0620598
0.0619072
0.0583397
0.06197155
0.07083925
0.07088185
0.06185899
0.05820267
0.0618221
0.06176659
0.05817608
0.06179214
0.07070379
0.07072994
0.06174395
0.05811591
0.06172413
0.0616998
0.05810222
0.06170859
0.07077489
0.07071532
0.06170229
0.05811835
0.06172116
0.06184253
0.05816241
0.06176481
0.06736061
0.07064434
0.06196861
0.05831652
0.0620904
0.05812078
0.05637886
0.06164829
0.1019872
0.1021919
0.1010171
0.1026364
0.1040852
0.1040582
0.1026549
0.1042107
0.08261185
0.08265257
0.08231068
0.08277954
0.08336122
0.08255751
0.08234085
0.08203196
0.08211166
0.08175206
0.08182023
0.08162961
0.08161529
0.08179875
0.08137847
0.08146696
0.0813437
0.08122955
0.08134515
0.08142522
0.08126397
0.08114371
0.08123786
0.08090514
0.08105703
0.08097499
0.08081811
0.08104007
0.0811308
0.08097587
0.0808199
0.080896
0.08057922
0.0807479
0.08068243
0.08050653
0.0808723
0.08097265
0.08089372
0.08058914
0.08062758
0.08034529
0.08057504
0.08059596
0.08033056
0.08116151
0.08128599
0.08054324
0.08079335
0.08066767
0.08055106
0.08085065
0.08022076
0.08061062
0.06530165
0.06550663
0.05153992
0.04737028
0.05387809
0.05395557
0.04688048
0.05415381
0.1016759
0.1017081
0.1039318
0.1023046
0.1038507
0.1037742
0.1022594
0.1038012
0.08184155
0.08195049
0.0815251
0.08222091
0.08282657
0.082175
0.08176922
0.08145228
0.08172284
0.08095117
0.08106338
0.08082649
0.08102738
0.08121417
0.08097997
0.0808768
0.08075162
0.08082894
0.0805365
0.0806505
0.08045305
0.08054845
0.0806442
0.08049905
0.0804601
0.08037629
0.08041038
0.08022115
0.08033687
0.08015376
0.08021737
0.08029542
0.0801666
0.08014329
0.08007564
0.08009234
0.08004091
0.08015849
0.08006109
0.07997796
0.08001847
0.07992631
0.07996195
0.07998168
0.07991017
0.08032136
0.08043997
0.07969411
0.08018079
0.08005342
0.08012751
0.08023998
0.07961117
0.08018574
0.06483275
0.06489622
0.0537664
0.04628899
0.05362954
0.05346279
0.04618813
0.0535313
0.1016509
0.1016498
0.1037614
0.1022251
0.1037578
0.1037616
0.1022279
0.1037587
0.08167809
0.08169441
0.08136064
0.08212244
0.08273425
0.08211931
0.08166967
0.08135222
0.08166643
0.08078256
0.08079958
0.080656
0.08092569
0.08111352
0.08092219
0.08077362
0.08064691
0.08077005
0.08036121
0.08037944
0.08027646
0.08044096
0.08053802
0.08043692
0.08035142
0.08026658
0.08034736
0.08004142
0.08006042
0.07997317
0.08010589
0.08018478
0.08010153
0.08003111
0.07996281
0.08002674
0.07985814
0.07987764
0.07987696
0.07986406
0.07990509
0.07985945
0.07984748
0.07986619
0.07984289
0.08012946
0.08015079
0.07949687
0.08006149
0.07993622
0.08005644
0.08011748
0.07948414
0.08011221
0.06473935
0.06474675
0.05341588
0.04603682
0.0533856
0.05335904
0.04601777
0.05336748
0.101676
0.1016639
0.1037651
0.1022401
0.1037691
0.1037856
0.1022455
0.103775
0.08167129
0.08166695
0.08135366
0.08213391
0.082746
0.0821513
0.08168086
0.08136322
0.0816983
0.08077476
0.08077039
0.08064787
0.08093655
0.08112438
0.08095409
0.08078454
0.0806579
0.08080238
0.08035219
0.08034759
0.08026722
0.08045208
0.08054909
0.08047062
0.08036261
0.0802778
0.08038141
0.08003161
0.08002688
0.07996321
0.08011715
0.08019602
0.08013636
0.08004238
0.07997408
0.08006175
0.0798478
0.07984297
0.07986645
0.07987534
0.07991636
0.07989494
0.07985879
0.07987759
0.07987855
0.08011769
0.08011227
0.0794841
0.08007343
0.07994786
0.08009422
0.08012982
0.07949683
0.08015132
0.06478872
0.06476187
0.05335882
0.04601704
0.05336681
0.05341436
0.04603563
0.05338449
0.1018886
0.1017956
0.1038052
0.102304
0.103839
0.1039829
0.1023571
0.1038952
0.08177542
0.08172785
0.08145792
0.08230097
0.08290695
0.08240968
0.08184899
0.08153195
0.08195921
0.08088125
0.08083249
0.08075562
0.08110704
0.08129386
0.08121976
0.08095655
0.0808315
0.08106971
0.08046324
0.08041285
0.08037909
0.0806286
0.08072423
0.08074288
0.08054037
0.08045665
0.0806551
0.08014546
0.08009402
0.08007756
0.08029789
0.08037587
0.08041376
0.0802239
0.0801563
0.08034018
0.07996346
0.07991133
0.07998305
0.08005874
0.08009919
0.08017627
0.08004288
0.08006295
0.08016092
0.08024097
0.08018648
0.07961127
0.08026278
0.08013498
0.08038138
0.08032263
0.07969433
0.08044158
0.06511669
0.0649865
0.0534609
0.04618574
0.05352908
0.05376372
0.0462863
0.05362706
0.1027432
0.1025569
0.104116
0.1027261
0.1042702
0.1008258
0.1026698
0.1041051
0.08235233
0.08212169
0.08204252
0.08305407
0.08361731
0.08306715
0.08262562
0.08232338
0.08267207
0.07160107
0.07182225
0.07110181
0.06020191
0.06235092
0.06233432
0.05802887
0.06251618
0.08147538
0.08123684
0.08135146
0.08191031
0.08209277
0.08197961
0.08176223
0.08163905
0.08183479
0.07108074
0.0711647
0.06216898
0.05735149
0.06204829
0.0618951
0.05726832
0.06195973
0.08106327
0.08082344
0.08098072
0.08143924
0.08153324
0.08152012
0.08135275
0.08127102
0.08143614
0.07086386
0.07090829
0.06184664
0.05713132
0.06180951
0.06175358
0.05710477
0.06177933
0.08075251
0.08051042
0.08068668
0.08111703
0.08119251
0.08120777
0.08104575
0.08098113
0.08113891
0.07072191
0.07074956
0.06173076
0.05704473
0.06171078
0.06168615
0.05703109
0.06169508
0.08057852
0.08033347
0.08059921
0.08088983
0.0809273
0.08098985
0.08087658
0.08089772
0.0809786
0.07078774
0.07072938
0.06168852
0.05704747
0.06170729
0.0618285
0.05709164
0.06175085
0.08085304
0.08061261
0.08022162
0.08109193
0.08096825
0.08119298
0.0811644
0.08054443
0.08128989
0.06224702
0.06734165
0.06529086
0.07064745
0.05395273
0.0468771
0.0541507
0.0619545
0.05724593
0.06207483
0.05152859
0.05809881
0.04736528
0.05636028
0.05387353
0.06163007
-1.222734
-1.223417
0.04064977
-1.223245
-1.22074
-1.212763
0.08459011
-1.22105
-1.223102
-1.223643
-1.223434
-1.223835
-1.224469
0.03993283
-1.223943
-1.224092
-1.2239
-1.224438
-1.224239
-1.224347
-1.224586
-1.224111
-1.224744
0.03982466
-1.224126
-1.224481
-1.224427
-1.224829
-1.224515
-1.22453
-1.224863
-1.224074
-1.224707
0.0397529
-1.22402
-1.224513
-1.22453
-1.224862
-1.224479
-1.224425
-1.224827
-1.223682
-1.224316
0.03976196
-1.223487
-1.224235
-1.224344
-1.224582
-1.224085
-1.223889
-1.224432
-1.224498
-1.22449
0.03992611
-1.23372
0.01811138
-1.223501
-1.223623
-1.223845
-1.225141
-1.234642
0.01588391
-1.225498
-1.223892
-1.223697
-1.224447
-1.221651
-1.21366
0.0842215
-1.221759
-1.224041
-1.224596
-1.224149
-1.225057
-1.224857
-1.225167
-1.225058
-1.224861
-1.225168
-1.225209
-1.225319
-1.225319
-1.225337
-1.225135
-1.225352
-1.225455
-1.225401
-1.225567
-1.22549
-1.225506
-1.225601
-1.225301
-1.2251
-1.225246
-1.225489
-1.225505
-1.225601
-1.225454
-1.225399
-1.225566
-1.224903
-1.224703
-1.224702
-1.225206
-1.225317
-1.225317
-1.225054
-1.224853
-1.225165
-1.225954
-1.22576
-1.235465
0.01514927
-1.224455
-1.22458
-1.224564
-1.226103
-1.235613
0.01505009
-1.226212
-1.224283
-1.224229
-1.224839
-1.221927
-1.213935
0.08426192
-1.221943
-1.224317
-1.224873
-1.224333
-1.225456
-1.225401
-1.225567
-1.225338
-1.225139
-1.225354
-1.22549
-1.225601
-1.225506
-1.225739
-1.225684
-1.225755
-1.225739
-1.225684
-1.225756
-1.225774
-1.22579
-1.22579
-1.225704
-1.225649
-1.225649
-1.225773
-1.22579
-1.22579
-1.225738
-1.225683
-1.225755
-1.225301
-1.225247
-1.225099
-1.225489
-1.2256
-1.225505
-1.225336
-1.225134
-1.225352
-1.226347
-1.226293
-1.235857
0.01490148
-1.224733
-1.22486
-1.224749
-1.226381
-1.235891
0.01488276
-1.226397
-1.224317
-1.224333
-1.224873
-1.221893
-1.213901
0.08428072
-1.221839
-1.224283
-1.224839
-1.224229
-1.22549
-1.225506
-1.225601
-1.225304
-1.225105
-1.225249
-1.225455
-1.225567
-1.225401
-1.225774
-1.22579
-1.22579
-1.225704
-1.225649
-1.225649
-1.225739
-1.225755
-1.225684
-1.225738
-1.225755
-1.225683
-1.225738
-1.225755
-1.225683
-1.225703
-1.225648
-1.225648
-1.225335
-1.225352
-1.225133
-1.225454
-1.225566
-1.225399
-1.225301
-1.225099
-1.225246
-1.226381
-1.226397
-1.235891
0.01488188
-1.224698
-1.224825
-1.224644
-1.226347
-1.235856
0.01490003
-1.226292
-1.22404
-1.224148
-1.224595
-1.221502
-1.213512
0.0843222
-1.221308
-1.223891
-1.224445
-1.223696
-1.225208
-1.225319
-1.225318
-1.224906
-1.224709
-1.224706
-1.225056
-1.225165
-1.224855
-1.225489
-1.225601
-1.225505
-1.225301
-1.225247
-1.2251
-1.225335
-1.225351
-1.225133
-1.225453
-1.225565
-1.225398
-1.225334
-1.225351
-1.225132
-1.2253
-1.225245
-1.225098
-1.225053
-1.225164
-1.224852
-1.225053
-1.225163
-1.224852
-1.224901
-1.224701
-1.224701
-1.226102
-1.226211
-1.235612
0.01504714
-1.224303
-1.224428
-1.224107
-1.225953
-1.235463
0.01514594
-1.225757
-1.223105
-1.223432
-1.223646
-1.220629
-1.212757
0.08602341
-1.221968
0.04250686
-1.222791
-1.223301
-1.223707
0.03963033
-1.224242
-1.224584
-1.22435
-1.223746
-1.223555
-1.224614
0.03897441
-1.223892
-1.224
-1.22476
0.03891357
-1.224518
-1.224861
-1.224534
-1.224134
-1.22408
-1.225001
0.0388232
-1.224168
-1.224183
-1.225035
0.03880547
-1.224482
-1.224825
-1.224428
-1.224166
-1.224183
-1.225033
0.03875199
-1.224131
-1.224077
-1.224998
0.03873392
-1.224088
-1.22443
-1.223892
-1.223887
-1.223996
-1.224754
0.03871697
-1.223739
-1.223543
-1.224606
0.03874334
-1.225143
-1.225496
-1.234642
0.01587957
-1.223135
-1.223281
-1.223957
0.03898801
-1.224547
-1.233755
0.01810498
-1.224768
0.03890406
)
;
        valueFraction   nonuniform List<scalar> 
1536
(
0.0033949
0.003227879
0.003147617
0.003128808
0.003161497
0.003265515
0.003234401
0.003019314
0.002796469
0.002752225
0.002824667
0.003117707
0.003156154
0.002801496
0.002607506
0.002572042
0.002631889
0.002901056
0.00313813
0.002757736
0.002570996
0.002537173
0.00259567
0.002854755
0.003170641
0.002833705
0.00263338
0.002596211
0.002658331
0.002936226
0.003272924
0.003132247
0.002912822
0.002864888
0.002943965
0.003222341
0.003966235
0.003966236
0.003612068
0.003910931
0.003535764
0.003862215
0.003486526
0.00385289
0.00347863
0.003873072
0.003500553
0.003943084
0.003577578
0.003966586
0.003912172
0.003536759
0.003823844
0.00374048
0.003728917
0.003764325
0.003899879
0.003911907
0.003862614
0.003486484
0.003738602
0.003639996
0.003625498
0.003667207
0.003821597
0.003862306
0.003852391
0.00347758
0.003725582
0.003623635
0.00360809
0.003651745
0.003809598
0.003852054
0.003871671
0.003498609
0.003759827
0.003664084
0.003650198
0.003690543
0.003841501
0.003871375
0.00394084
0.003574735
0.003893851
0.003816909
0.00380628
0.003839432
0.003965676
0.003940581
0.003965575
0.003910216
0.00386146
0.003852105
0.003872278
0.0039423
0.004063369
0.004442749
0.004409746
0.00436318
0.004352735
0.004341114
0.004341366
0.004354206
0.004365116
0.00441292
0.004446303
0.004062155
0.004063289
0.004445361
0.003267269
0.00327308
0.003236255
0.00316265
0.003132106
0.00294837
0.003128959
0.002912595
0.002864478
0.003146898
0.002864534
0.002909382
0.003226287
0.002943546
0.003120078
0.003388692
0.00322216
0.003258321
0.004062039
0.004442572
0.004412123
0.004364869
0.003134934
0.003170704
0.002956505
0.00282928
0.002833664
0.002660882
0.002752402
0.002633435
0.002595811
0.002793819
0.002596188
0.002632007
0.003005557
0.002658164
0.002820264
0.003218209
0.002936059
0.003151655
0.004409374
0.004362195
0.004354189
0.004341931
0.002921696
0.003138156
0.002874306
0.002633887
0.00275776
0.002595719
0.002572053
0.00257125
0.002535716
0.00260726
0.002537326
0.002571475
0.002788995
0.002595595
0.002746166
0.00313646
0.002854693
0.003117518
0.004351459
0.004339155
0.004341915
0.004354094
0.002874575
0.003156148
0.00292143
0.002596025
0.002801509
0.002633392
0.002536645
0.002607628
0.002571057
0.002572229
0.002572066
0.002606403
0.002746607
0.002631812
0.002788539
0.003117533
0.002901076
0.003136384
0.004339124
0.004351328
0.004364735
0.004411889
0.002956653
0.003234323
0.003134914
0.00266082
0.003019618
0.002829168
0.00259607
0.002796639
0.002752067
0.002632338
0.002752352
0.002793531
0.002820563
0.002824825
0.003005276
0.003151591
0.003117662
0.003218046
0.004362001
0.004409064
0.004445072
0.004062771
0.003236264
0.003394573
0.003266941
0.004062741
0.004442035
0.002948778
0.003227593
0.003162322
0.004409015
0.004362419
0.002865016
0.00314733
0.003128615
0.004351956
0.004340311
0.002909879
0.003128506
0.003146534
0.004340546
0.004353376
0.003120199
0.003161162
0.003225904
0.004364276
0.004412088
0.003258123
0.003265137
0.003388272
0.004442181
0.004445463
0.00406143
0.004061429
0.003939749
0.003573819
0.003941171
0.003575098
0.003960138
0.003871193
0.00349851
0.003894362
0.003837088
0.003852626
0.003478255
0.003817436
0.003806189
0.003863623
0.003487942
0.003806847
0.003819325
0.003913906
0.003538967
0.003840031
0.003899258
0.003966756
0.003612989
0.003966277
0.00394098
0.003575945
0.003893732
0.003871833
0.003498793
0.003835183
0.003761466
0.003760113
0.003687424
0.003728376
0.00366436
0.003649747
0.003742505
0.003650481
0.003666677
0.003829003
0.00369085
0.003765604
0.003537547
0.003841844
0.003871575
0.00349979
0.003815026
0.003852413
0.003477605
0.003802956
0.003663796
0.003725667
0.003648096
0.003624849
0.003623703
0.003607308
0.003642526
0.003608148
0.003626366
0.00374427
0.003651822
0.003731309
0.00348743
0.003809701
0.003852084
0.003478617
0.003802986
0.003862504
0.003486362
0.003814815
0.003648119
0.003738512
0.003663569
0.003607337
0.003639898
0.003624615
0.003626404
0.003625372
0.003642282
0.003731334
0.003667085
0.003744057
0.003478566
0.003821471
0.003862169
0.003487308
0.003835024
0.003911909
0.003536473
0.003893302
0.003687238
0.003823534
0.003761023
0.003649564
0.003740172
0.003727938
0.003666505
0.003728589
0.003742071
0.003765436
0.003763997
0.0038286
0.003499561
0.003899539
0.003911588
0.003537233
0.003959777
0.003965687
0.003611539
0.00393905
0.003573244
0.003836679
0.003535164
0.003870453
0.003497911
0.003805754
0.0034859
0.003851854
0.003477636
0.003818877
0.003477984
0.003862831
0.003487307
0.00389883
0.003499898
0.003913119
0.003538328
0.003575506
0.003576921
0.003965962
0.003966014
0.003612387
0.003635634
0.003369623
0.003372123
0.003798504
0.003798089
0.003762773
0.00376413
0.003371743
0.003202503
0.003418436
0.003621551
0.003602385
0.003258459
0.003138698
0.003275378
0.003561534
0.003555437
0.003245876
0.00313149
0.003240686
0.00354859
0.003550529
0.00332735
0.003177175
0.003298089
0.003573044
0.003584344
0.003551618
0.003310287
0.003476953
0.003655573
0.003698128
0.003795711
0.003760338
0.003381619
0.003426724
0.00320952
0.003623983
0.0036049
0.002856088
0.00293672
0.002938751
0.002701064
0.002773987
0.002722595
0.002686971
0.002758671
0.002681028
0.002789313
0.002866143
0.002749456
0.003188696
0.003254982
0.003041288
0.003619448
0.003600267
0.003273103
0.003289239
0.003147494
0.003564058
0.003557872
0.002704011
0.002725433
0.002779248
0.00256959
0.002588655
0.002588561
0.002559054
0.002577419
0.002553862
0.002647082
0.002666992
0.002612871
0.003037421
0.003059998
0.002877262
0.003558965
0.003552695
0.003261794
0.003256517
0.003140821
0.003550871
0.00355276
0.002690208
0.002683934
0.002764604
0.002557495
0.002552338
0.002576447
0.00254752
0.002542783
0.002542375
0.002634504
0.002629324
0.002600951
0.003022319
0.003015472
0.002861733
0.003545585
0.003547509
0.003342606
0.003313782
0.003186059
0.003575271
0.003586457
0.002797375
0.002755854
0.002876666
0.002649256
0.002613677
0.002669946
0.002636211
0.00260162
0.002631013
0.002733131
0.002694755
0.002695651
0.003133825
0.003093327
0.002980282
0.003570307
0.003581606
0.003561843
0.003488913
0.003317141
0.003656787
0.003699073
0.00320336
0.003055679
0.003268781
0.003051624
0.002888366
0.003074452
0.003035889
0.002871652
0.003029294
0.003142968
0.002986759
0.003104006
0.003448918
0.003344482
0.00334671
0.003652472
0.003694923
0.003797958
0.003762233
0.003621016
0.003601838
0.003560975
0.003554866
0.003548015
0.003549943
0.00357245
0.003583743
0.00365496
0.003697514
0.004089051
0.003653134
0.004016086
0.003654598
0.004017255
0.003959633
0.003522102
0.003894638
0.003974646
0.003910462
0.003482903
0.003857442
0.003914079
0.003906619
0.003479711
0.003854512
0.003905562
0.003941277
0.003507845
0.003882391
0.003933323
0.004066235
0.003609724
0.00397972
0.004033334
0.003957641
0.003973019
0.003522843
0.003895677
0.003775956
0.003800966
0.003800431
0.003706234
0.003735036
0.003712008
0.003701341
0.003730327
0.003699568
0.003750086
0.003776204
0.003736985
0.003927473
0.003945543
0.003879115
0.003907173
0.003910989
0.003482684
0.003857643
0.003704543
0.0037106
0.003732904
0.003625197
0.003632839
0.003632473
0.003619789
0.003627487
0.003617453
0.003676006
0.003682423
0.003660229
0.003870246
0.003874526
0.003816612
0.003902079
0.003901205
0.003478505
0.003853811
0.003698115
0.003696564
0.003726785
0.003617856
0.003615827
0.003625338
0.003612417
0.003610397
0.003609986
0.003669341
0.00366775
0.003653298
0.003864689
0.003863709
0.003810674
0.00393556
0.003927871
0.003505733
0.003880791
0.003745566
0.003732786
0.003771387
0.00367277
0.003657318
0.003678981
0.003667642
0.003652066
0.003665776
0.003718547
0.003705102
0.003704587
0.003902087
0.003893183
0.003851666
0.004059179
0.004026605
0.003606777
0.003977403
0.00392122
0.003873375
0.003939011
0.003865188
0.003812101
0.00386929
0.003860937
0.003807568
0.003859751
0.003899705
0.003850019
0.003890423
0.004042951
0.004006761
0.004005902
0.003654801
0.003697342
0.004001172
0.004506141
0.004392034
0.00431175
0.004485059
0.004356564
0.003572799
0.003583949
0.00427738
0.004390741
0.004257696
0.004228498
0.004373835
0.004239697
0.003548557
0.003550389
0.004217424
0.004346968
0.004211315
0.004204864
0.004342665
0.004206585
0.003561768
0.003555571
0.004205045
0.004343325
0.004207062
0.004218477
0.004348032
0.004212071
0.00362219
0.003602814
0.004229871
0.004376202
0.004241413
0.004279756
0.004393505
0.004259709
0.003795535
0.003762451
0.00431444
0.004488751
0.004359342
0.003998584
0.004508711
0.004393435
0.003657008
0.003699324
0.004001223
0.004508459
0.004395319
0.0043152
0.004487878
0.004360382
0.00355783
0.003312092
0.003482642
0.00356194
0.003317338
0.00348901
0.003460678
0.003356787
0.003360804
0.003331124
0.003178511
0.003301163
0.003203305
0.00326866
0.003055562
0.003148532
0.00310765
0.002993398
0.003246462
0.003131825
0.003241005
0.003051613
0.003074148
0.002888513
0.003036155
0.00302881
0.002871978
0.003257121
0.00313821
0.00327347
0.003035863
0.003028879
0.00287174
0.003050313
0.003071592
0.002886588
0.003367012
0.003200966
0.003413241
0.003142895
0.003103602
0.002986702
0.003195698
0.003259617
0.003045885
0.00362372
0.003364484
0.003361526
0.003448946
0.003346567
0.003344438
0.003544831
0.003304003
0.003467936
0.003652731
0.003695229
0.003998264
0.004505615
0.004389057
0.004309255
0.00448491
0.004353964
0.003575383
0.003586578
0.004280609
0.004392871
0.004260702
0.004231174
0.004375753
0.004242558
0.003212455
0.003275534
0.003060553
0.003342583
0.003186158
0.00331385
0.003159791
0.003000301
0.00312045
0.002795761
0.00287235
0.002753302
0.002797221
0.002876043
0.002755629
0.002739158
0.002698637
0.002699477
0.002687562
0.002758401
0.002680624
0.002649375
0.002668488
0.002613514
0.002636611
0.002630249
0.002601497
0.002700492
0.002771986
0.002719931
0.002636371
0.002629166
0.002601509
0.002649056
0.00266755
0.002614043
0.00284671
0.002926327
0.002924423
0.002733198
0.002694028
0.002694709
0.002788248
0.002862377
0.002747963
0.003353767
0.003401945
0.003192289
0.00313381
0.002980057
0.003093324
0.003312218
0.003167849
0.003281632
0.003570415
0.003581738
0.00427485
0.004390201
0.004255132
0.004225614
0.004373074
0.004236998
0.003550896
0.003552791
0.004219945
0.004348204
0.004213664
0.004206904
0.004343688
0.004208785
0.003066474
0.003088258
0.002898067
0.003261753
0.003140895
0.003256592
0.003051435
0.002881796
0.003044142
0.002650751
0.002669789
0.002613891
0.002690513
0.002763781
0.002683498
0.002637869
0.002601668
0.002631315
0.002558522
0.002575313
0.002552931
0.002558068
0.002574866
0.002551913
0.002546464
0.002541413
0.002540669
0.002571309
0.002587929
0.00258826
0.002548081
0.002540352
0.002542598
0.002559668
0.002576687
0.002554614
0.002697512
0.002717325
0.002766836
0.00263478
0.002599191
0.002629273
0.002684199
0.002752525
0.002678476
0.003238196
0.003255565
0.003127375
0.003022328
0.00286157
0.003015543
0.00322613
0.003120401
0.003220712
0.003545597
0.003547541
0.004214298
0.004345471
0.004208016
0.00420118
0.004340918
0.004203076
0.003563995
0.003557822
0.004206899
0.004343654
0.004208756
0.004219861
0.004348133
0.004213609
0.003051548
0.003044351
0.002882235
0.0032731
0.003147553
0.00328931
0.003066421
0.002897807
0.003088102
0.002637642
0.002630121
0.002601509
0.002704481
0.002778695
0.002724902
0.002651008
0.002614617
0.00267036
0.00254652
0.002538745
0.002541502
0.002570278
0.002587396
0.002588073
0.002558533
0.002553694
0.002576235
0.002559846
0.002552921
0.002576971
0.002559706
0.002552389
0.002577101
0.002571246
0.002588692
0.002588908
0.002684255
0.002677274
0.002752867
0.002647433
0.002611591
0.002666914
0.00269754
0.002766957
0.002718078
0.003226171
0.003220736
0.00312035
0.00303746
0.002877249
0.003060116
0.003238156
0.003127355
0.003255515
0.00355889
0.003552641
0.004201148
0.004340873
0.004203045
0.004214199
0.004345354
0.004207918
0.003623821
0.003604757
0.004231072
0.004375593
0.00424243
0.004280411
0.004392673
0.004260538
0.003159874
0.00312053
0.003000685
0.003381609
0.003209506
0.003426719
0.003212467
0.00306066
0.003275462
0.002739021
0.002698172
0.00269897
0.00285687
0.002939146
0.002937139
0.002796275
0.002754391
0.002872761
0.002636516
0.002599612
0.002630948
0.002701705
0.002722362
0.002773667
0.002687865
0.002681921
0.002758726
0.002649091
0.002612327
0.002668337
0.002687567
0.002680639
0.002758529
0.002700727
0.002720956
0.00277238
0.002788196
0.002746831
0.002862929
0.002789608
0.00274913
0.002866268
0.002846596
0.002924247
0.002926198
0.003312197
0.003281606
0.003167718
0.00318869
0.003041211
0.003255027
0.003353681
0.003192168
0.003401841
0.003619255
0.003600106
0.004225456
0.004372858
0.004236823
0.004274598
0.004389917
0.004254902
0.00379765
0.00376381
0.004314964
0.004487537
0.004360097
0.004000729
0.00450804
0.004394949
0.003460623
0.003360765
0.003356856
0.003635455
0.0033719
0.003369309
0.003557682
0.003482505
0.003311755
0.003654276
0.003696821
0.004000565
0.00450545
0.004391393
0.004311104
0.004484355
0.00435593
0.003148684
0.002993631
0.003108162
0.003371646
0.00341838
0.003202237
0.003331023
0.003301093
0.003178187
0.003572242
0.003583402
0.004276716
0.004390007
0.004257041
0.004227816
0.004373081
0.004239025
0.003036289
0.002872141
0.003029469
0.003258334
0.003275412
0.003138418
0.003246344
0.003240943
0.003131482
0.003547982
0.00354982
0.004216721
0.004346191
0.004210633
0.004204151
0.004341864
0.004205876
0.003050416
0.002886732
0.003072184
0.003245734
0.003240719
0.003131174
0.003256975
0.003273369
0.003137841
0.003561179
0.003554987
0.004204305
0.004342508
0.004206343
0.004217737
0.004347198
0.004211331
0.003195743
0.00304585
0.003259867
0.00332719
0.00329808
0.003176816
0.003366829
0.003413079
0.003200577
0.003621587
0.003602216
0.00422911
0.00437537
0.004240668
0.004279003
0.004392662
0.004258955
0.003544663
0.003467814
0.00330373
0.003551379
0.003476802
0.003309871
0.003623418
0.003361205
0.003364066
0.003795201
0.003794909
0.003759951
0.003761827
0.004308926
0.004484464
0.004353572
0.004313669
0.004487919
0.004358575
0.003997686
0.003997885
0.004505078
0.004507885
0.00438858
0.004392669
0.004060052
0.003605599
0.003976254
0.004028084
0.004059676
0.003607195
0.003977775
0.004027013
0.004036665
0.00400081
0.004000005
0.00393811
0.003505439
0.003880134
0.00393071
0.003921768
0.003939556
0.003873833
0.003896918
0.003888259
0.00384698
0.003905689
0.003479014
0.003853871
0.003905057
0.003865738
0.003869829
0.003812591
0.003860512
0.003859741
0.00380698
0.003911899
0.003484038
0.003858487
0.003915883
0.003861487
0.003860313
0.003808104
0.003867213
0.003871641
0.00381415
0.003963419
0.003524958
0.00389727
0.00397903
0.003900252
0.003891001
0.003850584
0.003925724
0.003944165
0.003878055
0.004095318
0.003657016
0.004018917
0.003655321
0.004017281
0.00404347
0.004006522
0.004007342
0.004066542
0.003607822
0.003977581
0.004034379
0.003919916
0.003938138
0.0038727
0.003935801
0.00350595
0.00388098
0.003928087
0.00389473
0.003845478
0.003885716
0.003746228
0.003772573
0.003733926
0.003745841
0.003771661
0.00373306
0.003714809
0.003701703
0.003701203
0.003700147
0.003729261
0.003698988
0.003673052
0.003679247
0.003657595
0.003666688
0.003665433
0.003650998
0.003707932
0.003736632
0.003714211
0.003667934
0.003666083
0.003652362
0.003674753
0.003681464
0.003659459
0.003780522
0.003805345
0.003805833
0.003718834
0.003704929
0.003705406
0.003750464
0.003777099
0.003737864
0.003965216
0.003980577
0.003523785
0.003895444
0.00390232
0.003852042
0.003893503
0.003943371
0.003506882
0.003880714
0.003935826
0.003862494
0.003866799
0.003809946
0.003902151
0.003478569
0.003853859
0.003901253
0.003857021
0.003804086
0.003855962
0.003671683
0.003678188
0.003656688
0.003698191
0.003726881
0.003696653
0.003665033
0.003649779
0.003663405
0.003618285
0.003626138
0.003616758
0.00361793
0.003625439
0.003615895
0.003610925
0.003609342
0.003608816
0.003627291
0.003634842
0.003635137
0.003612499
0.003610115
0.003610468
0.003620087
0.003628117
0.003618134
0.003709492
0.003715559
0.00373862
0.003669426
0.003653445
0.00366783
0.003703137
0.003732573
0.003701637
0.00391485
0.003918759
0.003483701
0.003857338
0.003864719
0.003810816
0.003863829
0.003909787
0.003479565
0.003853529
0.003909025
0.003856935
0.003855949
0.003804044
0.003907097
0.003482601
0.003857562
0.003910897
0.003862397
0.003809832
0.003866635
0.003664999
0.003663387
0.003649734
0.00370444
0.003732833
0.00371052
0.003671549
0.003656558
0.003678054
0.003610861
0.003608807
0.003609275
0.003625077
0.003632418
0.003632723
0.003618164
0.003616638
0.003625983
0.003620012
0.003618124
0.003628038
0.003619667
0.003617391
0.003627353
0.003627158
0.003635012
0.003634657
0.003703065
0.003701622
0.003732509
0.003675892
0.003660154
0.003682294
0.003709336
0.003738496
0.003715342
0.003909721
0.003908963
0.003479509
0.003853475
0.003870088
0.003816501
0.003874446
0.003914702
0.003483586
0.003857227
0.003918589
0.003894468
0.003885507
0.003845271
0.003957406
0.00352261
0.00389545
0.003972753
0.003919625
0.003872418
0.003937757
0.003714602
0.003701016
0.003701478
0.003775673
0.003800203
0.003800661
0.003745911
0.003733615
0.003772219
0.003666448
0.003650805
0.003665188
0.003705926
0.003711799
0.003734705
0.00369982
0.003698667
0.003728896
0.00367449
0.003659237
0.003681201
0.003701016
0.003699321
0.003729991
0.003707571
0.003713863
0.003736246
0.003750182
0.003737608
0.003776853
0.003749762
0.003736691
0.003775877
0.003780123
0.003805488
0.003804922
0.003943098
0.003935552
0.003506643
0.003880487
0.003927119
0.003878768
0.003945247
0.003964848
0.003523487
0.003895158
0.003980165
0.004036126
0.003999606
0.004000374
0.004088501
0.003654139
0.004016809
0.003652594
0.004015411
0.004059445
0.004027563
0.003605038
0.003975567
0.003896349
0.003846592
0.003887802
0.003959027
0.003974149
0.003521532
0.003893921
0.003937447
0.003930152
0.003504847
0.003879401
0.003859907
0.003806548
0.003859289
0.00390979
0.003913529
0.003482306
0.003856687
0.00390497
0.003904462
0.003478395
0.0038531
0.003866596
0.003813661
0.003871179
0.003905905
0.00390495
0.003479096
0.00385373
0.003911145
0.003915244
0.003483403
0.003857694
0.003925104
0.003877525
0.003943698
0.00394057
0.003932692
0.003507222
0.003881603
0.003962661
0.003978373
0.003524313
0.003896476
0.004065983
0.004033875
0.00360735
0.003977136
0.004065558
0.004032706
0.003609101
0.003978945
0.004094632
0.003654773
0.004016754
0.003656386
0.00401815
)
;
        source          uniform 0;
        value           nonuniform List<scalar> 
1536
(
306.641
306.7243
306.7562
306.7625
306.7511
306.7079
306.7275
306.8239
306.8567
306.8631
306.8517
306.807
306.7596
306.8569
306.8897
306.8961
306.8848
306.8402
306.766
306.8634
306.8961
306.9025
306.8912
306.8467
306.7548
306.852
306.8848
306.8912
306.8799
306.8352
306.7119
306.8074
306.8401
306.8465
306.8351
306.7905
306.5465
306.5475
306.5106
306.6156
306.5797
306.6473
306.6114
306.6535
306.6176
306.6422
306.6063
306.5992
306.5631
306.5388
306.6214
306.5843
306.649
306.6813
306.6876
306.6763
306.6321
306.6123
306.6533
306.6163
306.6816
306.7144
306.7208
306.7093
306.6646
306.6445
306.6597
306.6226
306.6879
306.7208
306.7272
306.7157
306.6709
306.6508
306.6485
306.6114
306.6766
306.7094
306.7157
306.7043
306.6597
306.6396
306.6057
306.5686
306.6327
306.6648
306.671
306.6597
306.6158
306.5965
306.5462
306.6153
306.647
306.6532
306.6419
306.5989
306.6078
306.6647
306.6796
306.7064
306.7111
306.7174
306.7174
306.7109
306.7061
306.6789
306.6634
306.6008
306.6087
306.6704
306.7091
306.712
306.7915
306.7514
306.8075
306.8354
306.7625
306.8403
306.8467
306.756
306.8467
306.8401
306.7236
306.8352
306.807
306.636
306.7907
306.7075
306.6006
306.6618
306.6857
306.7127
306.8078
306.7548
306.8359
306.8519
306.8521
306.88
306.8631
306.8849
306.8913
306.8566
306.8912
306.8848
306.8235
306.8799
306.8518
306.7231
306.8353
306.7507
306.6772
306.7044
306.7175
306.7238
306.8407
306.766
306.8472
306.8849
306.8634
306.8913
306.8961
306.8961
306.9025
306.8896
306.9025
306.896
306.8567
306.8912
306.8631
306.7555
306.8467
306.7619
306.7092
306.7155
306.7238
306.7175
306.8472
306.7596
306.8407
306.8913
306.8569
306.8849
306.9025
306.8897
306.8961
306.896
306.896
306.8896
306.8631
306.8848
306.8566
306.7619
306.8401
306.7555
306.7155
306.7091
306.7127
306.6856
306.8358
306.7274
306.8077
306.88
306.8238
306.8518
306.8912
306.8566
306.863
306.8847
306.863
306.8565
306.8517
306.8516
306.8234
306.7506
306.8069
306.723
306.7043
306.677
306.6703
306.6084
306.7914
306.6408
306.7089
306.6075
306.6644
306.8353
306.7241
306.7512
306.6793
306.7061
306.8466
306.756
306.7623
306.7108
306.7171
306.84
306.7623
306.7558
306.7171
306.7106
306.8069
306.7509
306.7234
306.7058
306.6786
306.7073
306.7077
306.6357
306.6616
306.6631
306.6004
306.6006
306.6005
306.5644
306.6059
306.5687
306.6171
306.6425
306.6066
306.6328
306.66
306.6536
306.6177
306.6649
306.6711
306.6471
306.6112
306.6711
306.6647
306.6148
306.5789
306.6598
306.6322
306.5391
306.5033
306.616
306.5967
306.5611
306.6332
306.6485
306.6115
306.6607
306.6764
306.6767
306.7045
306.6876
306.7094
306.7158
306.6812
306.7158
306.7093
306.6485
306.7044
306.6762
306.5768
306.6597
306.6396
306.6042
306.6655
306.6597
306.6226
306.6718
306.7094
306.6879
306.7158
306.7208
306.7208
306.7272
306.7143
306.7272
306.7207
306.6812
306.7157
306.6875
306.609
306.6709
306.6509
306.6154
306.6718
306.6533
306.6163
306.6655
306.7158
306.6816
306.7094
306.7272
306.7144
306.7208
306.7207
306.7207
306.7143
306.6875
306.7093
306.6811
306.6154
306.6646
306.6444
306.609
306.6606
306.6213
306.5842
306.6331
306.7044
306.6489
306.6763
306.7157
306.6812
306.6875
306.7093
306.6875
306.6811
306.6762
306.6762
306.6483
306.6041
306.632
306.6121
306.5767
306.617
306.5472
306.5103
306.6002
306.5642
306.6599
306.5794
306.6422
306.6063
306.671
306.6111
306.6533
306.6174
306.6646
306.6173
306.6468
306.6109
306.632
306.606
306.6145
306.5786
306.561
306.5629
306.5385
306.5388
306.5031
306.6954
306.6656
306.667
306.6403
306.6412
306.6629
306.6653
306.7687
306.7359
306.757
306.7213
306.7329
306.7925
306.7595
306.7892
306.753
306.7563
306.7945
306.7614
306.7955
306.7593
306.7583
306.7774
306.7444
306.7841
306.748
306.7414
306.7195
306.6876
306.7404
306.705
306.6847
306.635
306.6593
306.7706
306.7587
306.7393
306.7256
306.7373
306.8483
306.836
306.8362
306.8723
306.8601
306.869
306.8743
306.8621
306.8754
306.8573
306.845
306.864
306.7972
306.785
306.8193
306.7199
306.7318
306.7945
306.7911
306.7629
306.7575
306.7608
306.8724
306.8691
306.8603
306.8964
306.893
306.893
306.8984
306.895
306.8994
306.8814
306.8781
306.8881
306.8214
306.818
306.8436
306.7522
306.7555
306.7965
306.7975
306.765
306.7639
306.7629
306.8745
306.8755
306.8624
306.8984
306.8994
306.8951
306.9004
306.9014
306.9015
306.8835
306.8845
306.8902
306.8235
306.8246
306.8457
306.7586
306.7576
306.7796
306.7862
306.7482
306.7527
306.7461
306.8574
306.8642
306.8453
306.8814
306.8882
306.8781
306.8834
306.8902
306.8844
306.8664
306.8732
306.8731
306.8063
306.8131
306.8284
306.7473
306.7406
306.7221
306.7429
306.6918
306.71
306.6899
306.7974
306.8194
306.7855
306.8214
306.8435
306.818
306.8234
306.8455
306.8244
306.8062
306.8283
306.813
306.7473
306.7687
306.7688
306.7042
306.684
306.64
306.6627
306.7211
306.7327
306.7529
306.7561
306.7591
306.7581
306.7478
306.7412
306.7048
306.6845
306.5336
306.5238
306.5596
306.5261
306.563
306.6008
306.5912
306.6271
306.5893
306.6242
306.6146
306.6506
306.621
306.6262
306.6166
306.6525
306.6272
306.6093
306.5997
306.6356
306.6159
306.5525
306.5431
306.579
306.5727
306.6035
306.5918
306.596
306.6331
306.6729
306.6608
306.661
306.6968
306.6846
306.6935
306.6988
306.6866
306.6997
306.6817
306.6696
306.6884
306.6231
306.6113
306.644
306.627
306.6237
306.6196
306.6566
306.6968
306.6936
306.6849
306.7211
306.7177
306.7177
306.7231
306.7198
306.7241
306.7059
306.7026
306.7127
306.6469
306.6436
306.6679
306.629
306.63
306.6216
306.6587
306.6989
306.6999
306.6869
306.7232
306.7241
306.7198
306.7252
306.7262
306.7262
306.708
306.709
306.7147
306.649
306.65
306.67
306.6123
306.6189
306.6049
306.6419
306.6819
306.6886
306.67
306.7059
306.7127
306.7026
306.7079
306.7147
306.7089
306.6909
306.6976
306.6976
306.6321
306.6387
306.653
306.556
306.5759
306.5488
306.5859
306.6238
306.6444
306.6122
306.6473
306.668
306.644
306.6492
306.67
306.6502
306.6324
306.6531
306.639
306.575
306.5952
306.5954
306.7062
306.6867
306.6405
306.6239
306.6583
306.6997
306.6458
306.6807
306.7483
306.7417
306.7146
306.6911
306.7261
306.7414
306.6998
306.7349
306.7593
306.7584
306.7462
306.7144
306.7494
306.7524
306.7164
306.7515
306.7528
306.7562
306.7524
306.7163
306.7514
306.746
306.7142
306.7493
306.7206
306.7324
306.7412
306.6995
306.7346
306.7139
306.6906
306.7257
306.6352
306.6596
306.6985
306.6435
306.6786
306.6342
306.6197
306.6547
306.7101
306.6901
306.6414
306.6276
306.6618
306.705
306.6508
306.6853
306.7213
306.6896
306.7415
306.7223
306.6919
306.743
306.7492
306.7699
306.7704
306.7777
306.7448
306.7843
306.7976
306.7856
306.8195
306.8066
306.8133
306.8286
306.7946
306.7615
306.7956
306.8215
306.8182
306.8436
306.8236
306.8246
306.8457
306.7923
306.7593
306.789
306.8236
306.8246
306.8456
306.8214
306.818
306.8435
306.7683
306.7355
306.7563
306.8064
306.8131
306.8284
306.7972
306.7851
306.8192
306.6923
306.6623
306.6621
306.7475
306.7689
306.7689
306.7194
306.6872
306.7403
306.7044
306.6842
306.6341
306.6188
306.654
306.6974
306.6421
306.6777
306.7527
306.7462
306.7203
306.6973
306.7319
306.7473
306.7062
306.7407
306.7985
306.7865
306.82
306.7796
306.7482
306.7863
306.8076
306.8291
306.8143
306.8574
306.8452
306.8642
306.8575
306.8453
306.8642
306.8666
306.8733
306.8733
306.8744
306.8622
306.8754
306.8815
306.8782
306.8882
306.8835
306.8845
306.8903
306.8722
306.86
306.8689
306.8835
306.8845
306.8902
306.8814
306.878
306.8881
306.8481
306.8358
306.8358
306.8665
306.8732
306.8732
306.8573
306.845
306.8641
306.7682
306.7562
306.735
306.8063
306.8285
306.8131
306.7772
306.744
306.784
306.7473
306.7407
306.7128
306.6889
306.7246
306.7401
306.6978
306.7335
306.7639
306.7629
306.752
306.7207
306.7553
306.7583
306.7228
306.7574
306.8225
306.8192
306.8441
306.7965
306.765
306.7975
306.8246
306.8462
306.8257
306.8815
306.8782
306.8882
306.8745
306.8624
306.8755
306.8836
306.8903
306.8846
306.8984
306.8951
306.8994
306.8984
306.8951
306.8994
306.9005
306.9015
306.9015
306.8963
306.893
306.893
306.9004
306.9015
306.9014
306.8984
306.895
306.8993
306.8723
306.8689
306.86
306.8835
306.8902
306.8845
306.8744
306.8621
306.8754
306.7922
306.7889
306.7589
306.8235
306.8457
306.8246
306.7944
306.7609
306.7954
306.7586
306.7576
306.7449
306.7125
306.7482
306.7512
306.7146
306.7503
306.7575
306.7608
306.7583
306.7228
306.7574
306.752
306.7207
306.7553
306.8246
306.8256
306.8462
306.7944
306.7629
306.7911
306.8225
306.8441
306.8192
306.8836
306.8846
306.8903
306.8724
306.8603
306.869
306.8815
306.8882
306.8781
306.9005
306.9015
306.9015
306.8963
306.893
306.893
306.8984
306.8994
306.8951
306.8983
306.8994
306.895
306.8984
306.8994
306.895
306.8963
306.8929
306.8929
306.8743
306.8754
306.8621
306.8814
306.8881
306.878
306.8722
306.86
306.8689
306.7943
306.7954
306.7609
306.8214
306.8435
306.818
306.7922
306.7588
306.7888
306.7521
306.7555
306.7512
306.7145
306.7502
306.7448
306.7125
306.7481
306.7255
306.7372
306.7472
306.7061
306.7407
306.7202
306.6973
306.7318
306.8075
306.8143
306.829
306.7705
306.7392
306.7586
306.7984
306.8199
306.7864
306.8665
306.8733
306.8733
306.8482
306.8361
306.8359
306.8573
306.8641
306.8451
306.8835
306.8902
306.8845
306.8723
306.8689
306.86
306.8743
306.8753
306.8621
306.8813
306.8881
306.878
306.8743
306.8753
306.862
306.8722
306.8688
306.8599
306.8572
306.864
306.8449
306.8572
306.8639
306.8449
306.848
306.8357
306.8357
306.7772
306.7839
306.7439
306.7971
306.8192
306.7849
306.7681
306.7349
306.756
306.7198
306.7316
306.74
306.6977
306.7334
306.7127
306.6888
306.7245
306.641
306.6651
306.7048
306.6507
306.6851
306.6411
306.6273
306.6616
306.749
306.7703
306.7697
306.6952
306.6668
306.6653
306.7212
306.7413
306.6894
306.706
306.6865
306.6402
306.6236
306.658
306.6995
306.6455
306.6804
306.8065
306.8285
306.8132
306.7685
306.7568
306.7357
306.7775
306.7841
306.7446
306.7481
306.7415
306.7144
306.6908
306.7259
306.7412
306.6996
306.7347
306.8235
306.8456
306.8245
306.7923
306.789
306.7593
306.7944
306.7954
306.7613
306.7591
306.7582
306.746
306.7141
306.7492
306.7522
306.7161
306.7513
306.8213
306.8434
306.8179
306.7943
306.7953
306.7612
306.7922
306.7888
306.7591
306.7526
306.756
306.7522
306.716
306.7512
306.7458
306.7139
306.7491
306.7971
306.8191
306.7849
306.7772
306.7839
306.7442
306.7681
306.7561
306.7352
306.7204
306.7322
306.741
306.6992
306.7344
306.7137
306.6903
306.7255
306.7192
306.7401
306.687
306.7193
306.7402
306.6874
306.6921
306.6619
306.6621
306.6348
306.6349
306.659
306.6594
306.6973
306.6419
306.6775
306.6982
306.6432
306.6783
306.6338
306.634
306.6186
306.6195
306.6538
306.6544
306.5548
306.5454
306.5814
306.5739
306.5562
306.549
306.5861
306.576
306.5775
306.5968
306.5975
306.6096
306.6
306.6359
306.6162
306.6239
306.6123
306.6445
306.6328
306.6393
306.6535
306.6263
306.6167
306.6526
306.6272
306.6474
306.6442
306.6681
306.6495
306.6504
306.6702
306.6241
306.6145
306.6504
306.6208
306.6494
306.6504
306.6701
306.6473
306.644
306.668
306.6004
306.5907
306.6267
306.5886
306.6326
306.6391
306.6532
306.6235
306.6117
306.6442
306.5292
306.5195
306.5553
306.5183
306.5537
306.5752
306.5956
306.5953
306.5518
306.5413
306.5768
306.5718
306.6252
306.6134
306.6451
306.6124
306.6049
306.642
306.6189
306.6342
306.6541
306.6407
306.6819
306.6698
306.6885
306.682
306.6701
306.6886
306.6911
306.6977
306.6978
306.6988
306.6866
306.6998
306.706
306.7027
306.7127
306.7081
306.709
306.7148
306.6967
306.6845
306.6934
306.708
306.709
306.7148
306.7059
306.7026
306.7127
306.6726
306.6605
306.6605
306.6909
306.6976
306.6976
306.6817
306.6696
306.6884
306.5993
306.5876
306.5886
306.624
306.6322
306.6531
306.6388
306.6083
306.5975
306.633
306.6149
306.6488
306.6456
306.6688
306.629
306.6216
306.6587
306.63
306.6509
306.6708
306.6518
306.706
306.7027
306.7127
306.6989
306.6869
306.6999
306.7081
306.7148
306.7091
306.7232
306.7198
306.7241
306.7232
306.7198
306.7242
306.7253
306.7262
306.7262
306.721
306.7177
306.7177
306.7252
306.7262
306.7262
306.7231
306.7198
306.7241
306.6967
306.6934
306.6845
306.708
306.7148
306.709
306.6988
306.6865
306.6997
306.6231
306.6198
306.6123
306.6478
306.649
306.67
306.65
306.6252
306.6144
306.6499
306.6261
306.6509
306.6518
306.6708
306.627
306.6196
306.6566
306.6237
306.6488
306.6688
306.6455
306.7081
306.7091
306.7148
306.6968
306.6848
306.6935
306.706
306.7127
306.7027
306.7253
306.7262
306.7262
306.7211
306.7177
306.7177
306.7231
306.7241
306.7198
306.7231
306.7241
306.7198
306.7231
306.7241
306.7197
306.721
306.7177
306.7176
306.6987
306.6997
306.6865
306.7059
306.7126
306.7026
306.6967
306.6844
306.6933
306.6251
306.6261
306.6144
306.6498
306.6469
306.6679
306.6436
306.6231
306.6123
306.6478
306.6197
306.6341
306.6407
306.654
306.6034
306.5959
306.633
306.5917
306.6251
306.645
306.6133
306.691
306.6977
306.6977
306.6728
306.6609
306.6607
306.6818
306.6885
306.6697
306.708
306.7148
306.709
306.6967
306.6934
306.6845
306.6987
306.6997
306.6865
306.7059
306.7126
306.7025
306.6987
306.6997
306.6865
306.6966
306.6933
306.6844
306.6817
306.6884
306.6695
306.6816
306.6883
306.6695
306.6725
306.6604
306.6604
306.6082
306.6148
306.5975
306.6329
306.623
306.6439
306.6112
306.5992
306.5885
306.6239
306.5874
306.5773
306.5974
306.5966
306.5333
306.5259
306.5628
306.5235
306.5593
306.5546
306.5737
306.5451
306.5811
306.6327
306.6533
306.6392
306.6006
306.5891
306.5909
306.6268
306.6094
306.616
306.5998
306.6357
306.6493
306.6701
306.6503
306.624
306.6208
306.6144
306.6503
306.6261
306.627
306.6164
306.6523
306.6471
306.6679
306.6439
306.626
306.627
306.6163
306.6522
306.6239
306.6206
306.6142
306.6501
306.6234
306.644
306.6115
306.6091
306.6157
306.5994
306.6353
306.6001
306.5883
306.5904
306.6263
306.5516
306.5716
306.5411
306.5766
306.5522
306.5724
306.5428
306.5787
306.5289
306.5181
306.5535
306.5192
306.555
)
;
        qrNbr           qr;
        logInterval     -1;
        writePrecision  7;
        updateHeader    1;
        writeToFile     0;
        useUserTime     1;
        kappaMethod     solidThermo;
        kappa           none;
    }
}


// ************************************************************************* //
