/*--------------------------------*- C++ -*----------------------------------*\
  =========                 |
  \\      /  F ield         | OpenFOAM: The Open Source CFD Toolbox
   \\    /   O peration     | Website:  https://openfoam.org
    \\  /    A nd           | Version:  7
     \\/     M anipulation  |
\*---------------------------------------------------------------------------*/
FoamFile
{
    version     2.0;
    format      ascii;
    class       volVectorField;
    location    "2";
    object      U;
}
// * * * * * * * * * * * * * * * * * * * * * * * * * * * * * * * * * * * * * //

dimensions      [0 1 -1 0 0 0 0];

internalField   nonuniform List<vector> 
2200
(
(0.888994 -0.000238005 0)
(0.890854 -0.000104932 0)
(0.891417 -5.41958e-05 0)
(0.891648 -8.73338e-06 0)
(0.891597 1.03183e-05 0)
(0.891469 1.02417e-05 0)
(0.891312 1.1895e-05 0)
(0.891129 1.52578e-05 0)
(0.890884 2.05068e-05 0)
(0.890529 3.16063e-05 0)
(0.890003 4.85085e-05 0)
(0.889225 7.09743e-05 0)
(0.888096 0.000101786 0)
(0.886512 0.000146818 0)
(0.884318 0.000211265 0)
(0.881321 0.000291093 0)
(0.877406 0.000383544 0)
(0.87242 0.000491733 0)
(0.866214 0.000617155 0)
(0.858648 0.000758501 0)
(0.849606 0.000912204 0)
(0.83901 0.00107307 0)
(0.826826 0.00123498 0)
(0.813072 0.00139156 0)
(0.797808 0.00153806 0)
(0.78113 0.00167156 0)
(0.763159 0.00179048 0)
(0.744032 0.0018944 0)
(0.723885 0.0019837 0)
(0.702857 0.00205917 0)
(0.681079 0.00212177 0)
(0.658678 0.00217235 0)
(0.635774 0.00221162 0)
(0.612483 0.00223997 0)
(0.588921 0.00225749 0)
(0.565204 0.00226396 0)
(0.541453 0.0022589 0)
(0.517795 0.00224171 0)
(0.494365 0.0022119 0)
(0.471299 0.00216889 0)
(0.448744 0.00211199 0)
(0.426851 0.0020412 0)
(0.405765 0.00195797 0)
(0.385608 0.00186406 0)
(0.366487 0.00176077 0)
(0.348496 0.00165011 0)
(0.331699 0.00153466 0)
(0.316134 0.00141699 0)
(0.301813 0.00129948 0)
(0.288723 0.00118423 0)
(0.27683 0.001073 0)
(0.266083 0.000967144 0)
(0.256422 0.00086763 0)
(0.247774 0.000775074 0)
(0.240064 0.000689795 0)
(0.233215 0.000611867 0)
(0.227149 0.000541172 0)
(0.221792 0.000477448 0)
(0.217071 0.000420331 0)
(0.212919 0.000369389 0)
(0.209273 0.000324148 0)
(0.206076 0.000284119 0)
(0.203275 0.000248811 0)
(0.200823 0.000217747 0)
(0.198678 0.000190474 0)
(0.196802 0.000166566 0)
(0.195161 0.000145634 0)
(0.193727 0.00012732 0)
(0.192473 0.000111303 0)
(0.191377 9.72954e-05 0)
(0.190419 8.50414e-05 0)
(0.189582 7.43159e-05 0)
(0.18885 6.49211e-05 0)
(0.188211 5.66841e-05 0)
(0.187653 4.94541e-05 0)
(0.187167 4.31e-05 0)
(0.186743 3.75083e-05 0)
(0.186375 3.25805e-05 0)
(0.186056 2.82314e-05 0)
(0.185779 2.43871e-05 0)
(0.185541 2.0984e-05 0)
(0.185336 1.79671e-05 0)
(0.185162 1.5289e-05 0)
(0.185014 1.29084e-05 0)
(0.184889 1.07902e-05 0)
(0.184786 8.90381e-06 0)
(0.184701 7.22344e-06 0)
(0.184633 5.7272e-06 0)
(0.18458 4.39656e-06 0)
(0.184541 3.2164e-06 0)
(0.184513 2.17229e-06 0)
(0.184495 1.40108e-06 0)
(0.184486 8.00066e-07 0)
(0.184484 -1.87649e-07 0)
(0.184489 -9.80195e-07 0)
(0.184499 -1.14917e-06 0)
(0.184511 -1.26684e-06 0)
(0.184527 -1.3104e-06 0)
(0.184538 -1.10712e-06 0)
(0.184561 -8.45409e-07 0)
(0.889959 -0.00070753 0)
(0.891766 -0.000373566 0)
(0.891646 -0.000206342 0)
(0.891391 -4.51065e-05 0)
(0.89102 2.98791e-05 0)
(0.890512 4.77105e-05 0)
(0.889927 6.06331e-05 0)
(0.889258 7.67954e-05 0)
(0.888451 9.91446e-05 0)
(0.887438 0.000143701 0)
(0.886133 0.000214477 0)
(0.884416 0.000311375 0)
(0.882157 0.00043653 0)
(0.879228 0.000600528 0)
(0.875505 0.000820705 0)
(0.87081 0.001094 0)
(0.865083 0.00140551 0)
(0.858266 0.00175474 0)
(0.850331 0.00214059 0)
(0.841274 0.00255733 0)
(0.831103 0.00299635 0)
(0.81983 0.00344779 0)
(0.807456 0.00390101 0)
(0.793977 0.00434565 0)
(0.779388 0.00477123 0)
(0.763692 0.00516894 0)
(0.746913 0.00553249 0)
(0.729094 0.00585814 0)
(0.7103 0.00614432 0)
(0.690611 0.00639106 0)
(0.670122 0.0065994 0)
(0.648934 0.00677071 0)
(0.627151 0.00690627 0)
(0.604885 0.00700682 0)
(0.582248 0.00707233 0)
(0.55936 0.00710198 0)
(0.536348 0.00709421 0)
(0.513344 0.00704716 0)
(0.490489 0.00695936 0)
(0.467928 0.00682899 0)
(0.445814 0.00665396 0)
(0.424305 0.0064343 0)
(0.403553 0.00617475 0)
(0.383687 0.00588089 0)
(0.364817 0.00555684 0)
(0.347042 0.00520906 0)
(0.330432 0.00484576 0)
(0.31503 0.00447511 0)
(0.300848 0.00410466 0)
(0.287879 0.00374117 0)
(0.27609 0.00339019 0)
(0.265434 0.00305606 0)
(0.25585 0.00274184 0)
(0.247269 0.00244954 0)
(0.239617 0.00218016 0)
(0.232819 0.00193396 0)
(0.226797 0.00171059 0)
(0.221477 0.00150922 0)
(0.216789 0.00132872 0)
(0.212665 0.00116771 0)
(0.209044 0.00102472 0)
(0.205868 0.000898191 0)
(0.203086 0.000786581 0)
(0.20065 0.000688384 0)
(0.19852 0.000602166 0)
(0.196656 0.000526587 0)
(0.195026 0.000460411 0)
(0.193602 0.000402512 0)
(0.192356 0.000351873 0)
(0.191267 0.000307586 0)
(0.190316 0.000268844 0)
(0.189484 0.000234933 0)
(0.188758 0.00020523 0)
(0.188123 0.000179187 0)
(0.18757 0.000156327 0)
(0.187087 0.000136237 0)
(0.186666 0.000118558 0)
(0.186301 0.000102977 0)
(0.185984 8.92262e-05 0)
(0.18571 7.70715e-05 0)
(0.185473 6.63118e-05 0)
(0.185271 5.67731e-05 0)
(0.185097 4.83054e-05 0)
(0.184951 4.07787e-05 0)
(0.184828 3.40814e-05 0)
(0.184726 2.81172e-05 0)
(0.184642 2.28044e-05 0)
(0.184575 1.80737e-05 0)
(0.184523 1.38667e-05 0)
(0.184484 1.01359e-05 0)
(0.184457 6.83724e-06 0)
(0.18444 3.96228e-06 0)
(0.184431 1.47527e-06 0)
(0.18443 -5.35789e-07 0)
(0.184435 -2.09006e-06 0)
(0.184446 -3.27698e-06 0)
(0.184458 -4.19194e-06 0)
(0.184474 -4.1913e-06 0)
(0.184486 -4.89652e-06 0)
(0.184509 -4.29738e-06 0)
(0.892042 -0.00121634 0)
(0.891751 -7.50188e-05 0)
(0.890686 3.98543e-05 0)
(0.889348 0.000163671 0)
(0.887734 0.000205986 0)
(0.885855 0.000223102 0)
(0.883747 0.000284918 0)
(0.881359 0.000369238 0)
(0.878594 0.0004593 0)
(0.875336 0.000575136 0)
(0.871492 0.000754732 0)
(0.866873 0.00101425 0)
(0.86142 0.00134265 0)
(0.855116 0.00173231 0)
(0.847971 0.00218725 0)
(0.840023 0.00269933 0)
(0.83133 0.00325012 0)
(0.821958 0.00382984 0)
(0.811979 0.00443306 0)
(0.801447 0.00505303 0)
(0.790397 0.00568373 0)
(0.778835 0.00632129 0)
(0.766747 0.00696217 0)
(0.754093 0.00760126 0)
(0.740818 0.00823153 0)
(0.726862 0.00884414 0)
(0.712162 0.00942947 0)
(0.696669 0.00997827 0)
(0.680353 0.0104827 0)
(0.663207 0.0109367 0)
(0.645248 0.0113362 0)
(0.626517 0.0116786 0)
(0.607074 0.0119619 0)
(0.587001 0.0121845 0)
(0.566391 0.012344 0)
(0.545357 0.0124376 0)
(0.524024 0.0124614 0)
(0.502528 0.0124116 0)
(0.48102 0.0122855 0)
(0.459653 0.0120798 0)
(0.438592 0.0117906 0)
(0.41801 0.0114182 0)
(0.398069 0.0109716 0)
(0.37891 0.010461 0)
(0.360655 0.00989378 0)
(0.343414 0.00928184 0)
(0.327268 0.00864024 0)
(0.312267 0.00798383 0)
(0.298433 0.00732642 0)
(0.285764 0.0066803 0)
(0.274234 0.00605566 0)
(0.263803 0.00546038 0)
(0.254413 0.00490015 0)
(0.246001 0.00437864 0)
(0.238495 0.00389779 0)
(0.231822 0.00345813 0)
(0.22591 0.00305909 0)
(0.220685 0.00269925 0)
(0.216079 0.00237662 0)
(0.212026 0.00208878 0)
(0.208467 0.0018331 0)
(0.205346 0.00160682 0)
(0.20261 0.0014072 0)
(0.200216 0.00123155 0)
(0.198121 0.00107732 0)
(0.196288 0.000942101 0)
(0.194686 0.000823701 0)
(0.193285 0.000720104 0)
(0.192061 0.000629494 0)
(0.190991 0.000550246 0)
(0.190056 0.000480917 0)
(0.189238 0.000420233 0)
(0.188525 0.000367077 0)
(0.187902 0.00032047 0)
(0.187358 0.00027956 0)
(0.186884 0.000243606 0)
(0.186472 0.000211966 0)
(0.186113 0.000184082 0)
(0.185803 0.000159473 0)
(0.185534 0.00013772 0)
(0.185303 0.000118464 0)
(0.185104 0.000101393 0)
(0.184935 8.62387e-05 0)
(0.184793 7.2769e-05 0)
(0.184673 6.07835e-05 0)
(0.184573 5.01102e-05 0)
(0.184493 4.06028e-05 0)
(0.184428 3.21372e-05 0)
(0.184378 2.46093e-05 0)
(0.184341 1.7935e-05 0)
(0.184315 1.20414e-05 0)
(0.1843 6.93416e-06 0)
(0.184293 2.52876e-06 0)
(0.184293 -1.13072e-06 0)
(0.1843 -4.03047e-06 0)
(0.184311 -6.12825e-06 0)
(0.184324 -7.62044e-06 0)
(0.184341 -7.7273e-06 0)
(0.184354 -8.48989e-06 0)
(0.184378 -7.58624e-06 0)
(0.888535 -0.00199859 0)
(0.88461 -0.000564189 0)
(0.87978 0.000256366 0)
(0.874687 0.000902013 0)
(0.86915 0.00114002 0)
(0.86312 0.00120086 0)
(0.856574 0.0013044 0)
(0.849485 0.00149648 0)
(0.841706 0.00179183 0)
(0.833252 0.0021721 0)
(0.824324 0.00260737 0)
(0.815044 0.00309814 0)
(0.805524 0.00362961 0)
(0.79586 0.00419801 0)
(0.786126 0.004805 0)
(0.776366 0.00544378 0)
(0.76658 0.00609839 0)
(0.756745 0.0067621 0)
(0.746824 0.00743754 0)
(0.73678 0.00812535 0)
(0.726574 0.00882545 0)
(0.716171 0.00953936 0)
(0.705533 0.0102683 0)
(0.694621 0.0110113 0)
(0.683385 0.0117648 0)
(0.671766 0.0125224 0)
(0.659693 0.0132753 0)
(0.647088 0.0140127 0)
(0.633875 0.0147228 0)
(0.619984 0.0153935 0)
(0.605363 0.0160137 0)
(0.589981 0.0165731 0)
(0.573835 0.0170622 0)
(0.556949 0.0174721 0)
(0.539377 0.017794 0)
(0.521196 0.018019 0)
(0.502513 0.0181381 0)
(0.483454 0.018143 0)
(0.464165 0.018028 0)
(0.444803 0.017787 0)
(0.42554 0.0174135 0)
(0.406561 0.0169072 0)
(0.388043 0.0162828 0)
(0.370137 0.0155558 0)
(0.352981 0.0147371 0)
(0.336703 0.0138453 0)
(0.321397 0.0129039 0)
(0.307128 0.0119358 0)
(0.293931 0.0109625 0)
(0.281814 0.0100031 0)
(0.270765 0.00907347 0)
(0.26075 0.00818587 0)
(0.251721 0.00734928 0)
(0.243621 0.00656959 0)
(0.236387 0.00584999 0)
(0.22995 0.00519152 0)
(0.224241 0.00459348 0)
(0.219194 0.00405391 0)
(0.214741 0.0035699 0)
(0.210823 0.00313793 0)
(0.20738 0.00275409 0)
(0.20436 0.00241431 0)
(0.201713 0.00211448 0)
(0.199395 0.0018506 0)
(0.197367 0.00161886 0)
(0.195593 0.00141567 0)
(0.194043 0.00123772 0)
(0.192687 0.00108201 0)
(0.191502 0.000945807 0)
(0.190467 0.000826674 0)
(0.189563 0.000722446 0)
(0.188773 0.000631211 0)
(0.188083 0.00055129 0)
(0.187481 0.000481214 0)
(0.186957 0.000419702 0)
(0.1865 0.000365642 0)
(0.186102 0.000318066 0)
(0.185757 0.000276139 0)
(0.185458 0.000239135 0)
(0.185201 0.000206427 0)
(0.184979 0.000177473 0)
(0.184789 0.000151805 0)
(0.184628 0.000129019 0)
(0.184492 0.000108767 0)
(0.184378 9.0747e-05 0)
(0.184284 7.47004e-05 0)
(0.184209 6.0407e-05 0)
(0.184149 4.76807e-05 0)
(0.184103 3.6365e-05 0)
(0.184069 2.63348e-05 0)
(0.184047 1.74865e-05 0)
(0.184034 9.81883e-06 0)
(0.18403 3.23631e-06 0)
(0.184033 -2.31436e-06 0)
(0.184041 -6.72771e-06 0)
(0.184054 -9.84731e-06 0)
(0.18407 -1.1961e-05 0)
(0.184088 -1.22644e-05 0)
(0.184102 -1.29654e-05 0)
(0.184128 -1.21703e-05 0)
(0.831193 0.00282478 0)
(0.817449 0.00265359 0)
(0.804645 0.00265845 0)
(0.792381 0.00337873 0)
(0.779842 0.00402395 0)
(0.767265 0.00452386 0)
(0.755081 0.00496133 0)
(0.743469 0.00534221 0)
(0.732584 0.0056816 0)
(0.722531 0.00600095 0)
(0.713315 0.00631886 0)
(0.704863 0.00666923 0)
(0.697051 0.0070546 0)
(0.689731 0.00748296 0)
(0.682744 0.00796469 0)
(0.675946 0.00850449 0)
(0.669206 0.0090937 0)
(0.662415 0.00972411 0)
(0.655492 0.0103959 0)
(0.648377 0.0111046 0)
(0.641032 0.0118442 0)
(0.633434 0.0126116 0)
(0.625574 0.0134053 0)
(0.617446 0.0142238 0)
(0.609041 0.0150653 0)
(0.600345 0.015927 0)
(0.591327 0.0168044 0)
(0.58194 0.017691 0)
(0.572119 0.018577 0)
(0.561788 0.0194499 0)
(0.550867 0.0202949 0)
(0.539283 0.0210953 0)
(0.526978 0.0218331 0)
(0.513918 0.0224895 0)
(0.5001 0.0230453 0)
(0.485553 0.0234812 0)
(0.47034 0.0237784 0)
(0.454558 0.0239199 0)
(0.438328 0.0238942 0)
(0.421793 0.023689 0)
(0.405119 0.0232921 0)
(0.388492 0.0227011 0)
(0.372096 0.0219371 0)
(0.356089 0.021021 0)
(0.340622 0.0199664 0)
(0.325839 0.0188 0)
(0.311852 0.0175552 0)
(0.298741 0.0162648 0)
(0.286559 0.0149596 0)
(0.27533 0.0136667 0)
(0.265054 0.0124092 0)
(0.255712 0.0112049 0)
(0.247271 0.0100671 0)
(0.239682 0.00900463 0)
(0.232891 0.00802248 0)
(0.22684 0.00712258 0)
(0.221467 0.0063044 0)
(0.216711 0.00556554 0)
(0.212513 0.00490227 0)
(0.208815 0.00430994 0)
(0.205565 0.00378333 0)
(0.202712 0.00331695 0)
(0.200211 0.00290526 0)
(0.198021 0.00254282 0)
(0.196105 0.00222443 0)
(0.194429 0.0019452 0)
(0.192963 0.00170062 0)
(0.191683 0.00148655 0)
(0.190564 0.00129929 0)
(0.189587 0.00113547 0)
(0.188734 0.000992138 0)
(0.18799 0.000866663 0)
(0.18734 0.000756741 0)
(0.186774 0.000660355 0)
(0.186281 0.000575746 0)
(0.185852 0.000501384 0)
(0.185479 0.000435941 0)
(0.185156 0.000378267 0)
(0.184878 0.000327366 0)
(0.184637 0.000282374 0)
(0.184432 0.000242547 0)
(0.184256 0.000207242 0)
(0.184108 0.000175902 0)
(0.183983 0.000148047 0)
(0.18388 0.000123264 0)
(0.183795 0.000101196 0)
(0.183728 8.1541e-05 0)
(0.183675 6.40423e-05 0)
(0.183636 4.84856e-05 0)
(0.183608 3.46994e-05 0)
(0.183591 2.25464e-05 0)
(0.183584 1.19932e-05 0)
(0.183584 2.94743e-06 0)
(0.183591 -4.65154e-06 0)
(0.183603 -1.06892e-05 0)
(0.183619 -1.49656e-05 0)
(0.183638 -1.77392e-05 0)
(0.183659 -1.82522e-05 0)
(0.183676 -1.87573e-05 0)
(0.183704 -1.81295e-05 0)
(0.481403 0.00954843 0)
(0.501485 0.0110056 0)
(0.511292 0.0104318 0)
(0.517938 0.00989396 0)
(0.522803 0.00934364 0)
(0.527124 0.00895263 0)
(0.531115 0.00868072 0)
(0.534675 0.0084688 0)
(0.537804 0.00832642 0)
(0.540544 0.00826296 0)
(0.542896 0.00828379 0)
(0.544822 0.0084073 0)
(0.546265 0.00863599 0)
(0.547198 0.00899252 0)
(0.547596 0.00946061 0)
(0.54743 0.0100385 0)
(0.546673 0.0107079 0)
(0.545314 0.0114456 0)
(0.543352 0.0122431 0)
(0.540799 0.0130875 0)
(0.537682 0.0139653 0)
(0.534039 0.0148683 0)
(0.529914 0.0157918 0)
(0.525352 0.0167331 0)
(0.520396 0.0176917 0)
(0.515083 0.0186689 0)
(0.509434 0.0196668 0)
(0.503453 0.0206865 0)
(0.49712 0.0217263 0)
(0.490393 0.0227799 0)
(0.483208 0.0238359 0)
(0.475493 0.0248772 0)
(0.467169 0.0258811 0)
(0.458169 0.0268207 0)
(0.448443 0.0276655 0)
(0.437971 0.0283834 0)
(0.426764 0.0289417 0)
(0.414871 0.0293108 0)
(0.402371 0.029469 0)
(0.389373 0.0293939 0)
(0.376014 0.0290628 0)
(0.362469 0.0284665 0)
(0.348911 0.0276332 0)
(0.335489 0.0265882 0)
(0.322358 0.0253448 0)
(0.309676 0.0239386 0)
(0.297567 0.0224144 0)
(0.286125 0.020816 0)
(0.275418 0.0191846 0)
(0.265489 0.0175574 0)
(0.256356 0.0159658 0)
(0.248017 0.0144348 0)
(0.240452 0.0129832 0)
(0.23363 0.0116237 0)
(0.227509 0.0103639 0)
(0.222042 0.0092074 0)
(0.217179 0.00815419 0)
(0.212867 0.0072018 0)
(0.209056 0.00634588 0)
(0.205697 0.00558076 0)
(0.202741 0.0049 0)
(0.200145 0.00429669 0)
(0.197869 0.00376381 0)
(0.195875 0.00329445 0)
(0.19413 0.00288197 0)
(0.192605 0.00252009 0)
(0.191272 0.00220302 0)
(0.190108 0.00192546 0)
(0.189091 0.00168258 0)
(0.188204 0.00147009 0)
(0.18743 0.00128414 0)
(0.186756 0.00112134 0)
(0.186168 0.000978705 0)
(0.185657 0.000853626 0)
(0.185213 0.000743825 0)
(0.184827 0.000647319 0)
(0.184493 0.000562386 0)
(0.184205 0.000487537 0)
(0.183957 0.000421477 0)
(0.183745 0.000363089 0)
(0.183563 0.000311405 0)
(0.18341 0.00026559 0)
(0.183281 0.000224924 0)
(0.183174 0.000188784 0)
(0.183087 0.000156631 0)
(0.183017 0.000128004 0)
(0.182962 0.000102509 0)
(0.182921 7.98159e-05 0)
(0.182892 5.96453e-05 0)
(0.182874 4.17753e-05 0)
(0.182865 2.60326e-05 0)
(0.182865 1.23429e-05 0)
(0.182872 6.2175e-07 0)
(0.182885 -9.1672e-06 0)
(0.182903 -1.69202e-05 0)
(0.182925 -2.2419e-05 0)
(0.182948 -2.58241e-05 0)
(0.182973 -2.64914e-05 0)
(0.182994 -2.65587e-05 0)
(0.183026 -2.60501e-05 0)
(0.104622 -0.0519651 0)
(0.123733 -0.0213197 0)
(0.165837 -0.00694767 0)
(0.204235 -0.00312843 0)
(0.236217 -0.00137568 0)
(0.263879 0.000125708 0)
(0.287989 0.00129472 0)
(0.309017 0.00218348 0)
(0.327476 0.00293692 0)
(0.34377 0.00363229 0)
(0.358151 0.00433084 0)
(0.370791 0.00504735 0)
(0.381779 0.00582204 0)
(0.391247 0.00667423 0)
(0.399299 0.00760772 0)
(0.406033 0.00863486 0)
(0.411536 0.00972613 0)
(0.415874 0.0108599 0)
(0.419134 0.0120432 0)
(0.421406 0.0132442 0)
(0.422778 0.0144455 0)
(0.423342 0.0156404 0)
(0.423187 0.0168243 0)
(0.422399 0.0179953 0)
(0.421059 0.0191551 0)
(0.419243 0.0203095 0)
(0.417013 0.0214674 0)
(0.414417 0.0226392 0)
(0.411481 0.0238339 0)
(0.408207 0.0250564 0)
(0.40457 0.026305 0)
(0.400524 0.0275693 0)
(0.396008 0.0288294 0)
(0.39095 0.0300559 0)
(0.385283 0.0312114 0)
(0.378955 0.0322523 0)
(0.371935 0.0331318 0)
(0.364224 0.0338045 0)
(0.35585 0.0342368 0)
(0.346873 0.034391 0)
(0.337383 0.0342287 0)
(0.327526 0.0337277 0)
(0.317442 0.0329233 0)
(0.307245 0.0318415 0)
(0.297092 0.0304901 0)
(0.287135 0.0289142 0)
(0.277499 0.0271698 0)
(0.268284 0.0253115 0)
(0.25957 0.0233919 0)
(0.251417 0.0214588 0)
(0.24386 0.0195537 0)
(0.236913 0.0177099 0)
(0.230576 0.0159529 0)
(0.224834 0.0143007 0)
(0.219661 0.0127647 0)
(0.215025 0.0113506 0)
(0.21089 0.0100599 0)
(0.207216 0.00889044 0)
(0.203962 0.00783777 0)
(0.20109 0.00689552 0)
(0.19856 0.00605619 0)
(0.196337 0.00531164 0)
(0.194388 0.00465348 0)
(0.19268 0.00407337 0)
(0.191186 0.00356326 0)
(0.18988 0.00311552 0)
(0.18874 0.00272306 0)
(0.187745 0.00237938 0)
(0.186878 0.00207857 0)
(0.186123 0.00181533 0)
(0.185466 0.00158493 0)
(0.184894 0.00138318 0)
(0.184398 0.0012064 0)
(0.183968 0.00105137 0)
(0.183595 0.000915272 0)
(0.183274 0.000795646 0)
(0.182997 0.000690366 0)
(0.182759 0.000597586 0)
(0.182557 0.000515705 0)
(0.182385 0.000443336 0)
(0.18224 0.000379281 0)
(0.182118 0.000322505 0)
(0.182019 0.000272116 0)
(0.181938 0.000227341 0)
(0.181874 0.000187511 0)
(0.181825 0.000152054 0)
(0.181789 0.000120485 0)
(0.181764 9.23912e-05 0)
(0.181751 6.74286e-05 0)
(0.181746 4.53222e-05 0)
(0.18175 2.58614e-05 0)
(0.18176 8.93434e-06 0)
(0.181777 -5.53732e-06 0)
(0.181799 -1.7564e-05 0)
(0.181825 -2.70353e-05 0)
(0.181854 -3.37097e-05 0)
(0.181884 -3.76174e-05 0)
(0.181916 -3.82603e-05 0)
(0.181942 -3.75364e-05 0)
(0.18198 -3.6884e-05 0)
(-0.000264103 -0.0695308 0)
(-0.0158297 -0.0214906 0)
(0.0137354 -0.0225989 0)
(0.0335721 -0.0217431 0)
(0.0580584 -0.0188753 0)
(0.0842795 -0.0157115 0)
(0.109616 -0.0130117 0)
(0.133578 -0.0107227 0)
(0.156089 -0.00868408 0)
(0.177078 -0.0068037 0)
(0.1964 -0.00499386 0)
(0.214055 -0.00325278 0)
(0.230014 -0.00150518 0)
(0.244304 0.000276699 0)
(0.256981 0.00208737 0)
(0.26813 0.00391273 0)
(0.277839 0.00573897 0)
(0.286188 0.00756307 0)
(0.293288 0.00936937 0)
(0.299246 0.0111386 0)
(0.30417 0.0128492 0)
(0.30817 0.014498 0)
(0.31135 0.0160825 0)
(0.313807 0.0176028 0)
(0.315636 0.0190638 0)
(0.316927 0.0204754 0)
(0.317761 0.021853 0)
(0.31821 0.023216 0)
(0.318326 0.0245843 0)
(0.318144 0.0259752 0)
(0.317674 0.0274001 0)
(0.316905 0.0288603 0)
(0.315801 0.0303449 0)
(0.314313 0.0318293 0)
(0.312381 0.0332761 0)
(0.309945 0.0346357 0)
(0.306954 0.0358506 0)
(0.303377 0.0368623 0)
(0.299194 0.0376246 0)
(0.29443 0.0380827 0)
(0.289097 0.038156 0)
(0.283317 0.0378417 0)
(0.277159 0.0371915 0)
(0.270689 0.0362049 0)
(0.264063 0.0348575 0)
(0.2574 0.0332167 0)
(0.250802 0.0313498 0)
(0.244367 0.0293201 0)
(0.238178 0.0271901 0)
(0.232301 0.0250187 0)
(0.226786 0.0228576 0)
(0.221662 0.0207494 0)
(0.216945 0.0187274 0)
(0.212639 0.0168159 0)
(0.208735 0.0150308 0)
(0.205219 0.0133815 0)
(0.202068 0.0118714 0)
(0.19926 0.0104997 0)
(0.196768 0.00926231 0)
(0.194563 0.00815271 0)
(0.19262 0.0071628 0)
(0.190911 0.00628356 0)
(0.189412 0.0055055 0)
(0.1881 0.0048191 0)
(0.186954 0.00421506 0)
(0.185954 0.00368454 0)
(0.185083 0.00321929 0)
(0.184325 0.00281169 0)
(0.183667 0.00245481 0)
(0.183096 0.00214243 0)
(0.182602 0.00186895 0)
(0.182175 0.00162945 0)
(0.181806 0.00141957 0)
(0.181489 0.00123549 0)
(0.181217 0.00107389 0)
(0.180985 0.000931846 0)
(0.180788 0.000806842 0)
(0.180622 0.000696688 0)
(0.180483 0.000599483 0)
(0.180367 0.00051358 0)
(0.180273 0.000437556 0)
(0.180197 0.000370183 0)
(0.180138 0.000310402 0)
(0.180093 0.000257293 0)
(0.180062 0.000210062 0)
(0.180042 0.00016803 0)
(0.180032 0.000130618 0)
(0.180031 9.73391e-05 0)
(0.180038 6.77848e-05 0)
(0.180053 4.16281e-05 0)
(0.180073 1.86239e-05 0)
(0.180099 -1.36938e-06 0)
(0.180129 -1.84236e-05 0)
(0.180164 -3.25225e-05 0)
(0.180201 -4.35256e-05 0)
(0.180239 -5.11505e-05 0)
(0.180279 -5.5276e-05 0)
(0.180318 -5.55207e-05 0)
(0.180352 -5.34963e-05 0)
(0.180399 -5.20572e-05 0)
(-0.0234034 -0.0557505 0)
(-0.0296654 -0.0309775 0)
(-0.024564 -0.0305531 0)
(-0.0218174 -0.0283851 0)
(-0.0138031 -0.0284855 0)
(-0.00226588 -0.0277147 0)
(0.0122657 -0.0256882 0)
(0.0282749 -0.0235113 0)
(0.0450884 -0.0212481 0)
(0.0620686 -0.0189142 0)
(0.07865 -0.016449 0)
(0.0944856 -0.0138701 0)
(0.109377 -0.011223 0)
(0.123202 -0.00853074 0)
(0.135894 -0.00581931 0)
(0.147437 -0.00311751 0)
(0.157875 -0.000465735 0)
(0.167252 0.00212367 0)
(0.175636 0.00463583 0)
(0.183091 0.0070535 0)
(0.189686 0.00934706 0)
(0.195516 0.0115177 0)
(0.200658 0.0135643 0)
(0.205185 0.01549 0)
(0.209174 0.0173018 0)
(0.2127 0.019012 0)
(0.215836 0.0206408 0)
(0.218651 0.0222142 0)
(0.221201 0.0237611 0)
(0.22353 0.0253102 0)
(0.225666 0.0268853 0)
(0.227619 0.0285009 0)
(0.229381 0.0301575 0)
(0.230924 0.0318402 0)
(0.232209 0.0335174 0)
(0.233189 0.0351407 0)
(0.233812 0.0366488 0)
(0.234031 0.0379759 0)
(0.233791 0.0390688 0)
(0.233133 0.0398587 0)
(0.231988 0.0403048 0)
(0.230314 0.0402549 0)
(0.228251 0.0398355 0)
(0.22584 0.0390019 0)
(0.223132 0.0377486 0)
(0.220179 0.0361695 0)
(0.21707 0.0343116 0)
(0.213884 0.0322377 0)
(0.210694 0.0300183 0)
(0.207561 0.0277212 0)
(0.204538 0.0254072 0)
(0.201664 0.0231276 0)
(0.198968 0.0209237 0)
(0.196467 0.0188262 0)
(0.194172 0.0168566 0)
(0.192083 0.0150282 0)
(0.190197 0.0133477 0)
(0.188507 0.0118162 0)
(0.187 0.0104309 0)
(0.185665 0.0091858 0)
(0.184487 0.00807291 0)
(0.183452 0.00708284 0)
(0.182547 0.00620555 0)
(0.181757 0.00543074 0)
(0.18107 0.0047483 0)
(0.180475 0.00414848 0)
(0.179961 0.00362214 0)
(0.179518 0.00316082 0)
(0.179137 0.00275676 0)
(0.178812 0.00240299 0)
(0.178535 0.00209323 0)
(0.1783 0.00182192 0)
(0.178102 0.00158415 0)
(0.177936 0.00137562 0)
(0.177799 0.00119255 0)
(0.177686 0.00103166 0)
(0.177596 0.000890093 0)
(0.177524 0.000765366 0)
(0.177469 0.000655326 0)
(0.177429 0.000558105 0)
(0.177402 0.000472088 0)
(0.177387 0.000395886 0)
(0.177381 0.000328297 0)
(0.177385 0.000268278 0)
(0.177396 0.000214924 0)
(0.177414 0.000167467 0)
(0.177439 0.000125253 0)
(0.177469 8.77295e-05 0)
(0.177503 5.44344e-05 0)
(0.177542 2.49972e-05 0)
(0.177584 -8.54763e-07 0)
(0.177629 -2.32793e-05 0)
(0.177677 -4.23373e-05 0)
(0.177727 -5.79809e-05 0)
(0.177778 -7.00159e-05 0)
(0.177829 -7.8089e-05 0)
(0.17788 -8.19051e-05 0)
(0.17793 -8.11061e-05 0)
(0.177973 -7.70118e-05 0)
(0.17803 -7.35933e-05 0)
(-0.0156658 -0.0331849 0)
(-0.0259989 -0.0262727 0)
(-0.0296403 -0.0280879 0)
(-0.0324062 -0.0291543 0)
(-0.033469 -0.0311414 0)
(-0.032211 -0.0319129 0)
(-0.0281837 -0.0320251 0)
(-0.0220658 -0.0313809 0)
(-0.0143426 -0.0300576 0)
(-0.00549158 -0.0281177 0)
(0.00399141 -0.0256573 0)
(0.0135824 -0.0228395 0)
(0.023119 -0.0198247 0)
(0.0324045 -0.0166693 0)
(0.0413121 -0.0134386 0)
(0.0497662 -0.010193 0)
(0.0577377 -0.00698232 0)
(0.0652233 -0.00384893 0)
(0.0722384 -0.000825439 0)
(0.0788083 0.00205241 0)
(0.0849692 0.00479938 0)
(0.0907742 0.00737921 0)
(0.0962418 0.009789 0)
(0.101398 0.0120384 0)
(0.106275 0.0141335 0)
(0.110913 0.0160844 0)
(0.115357 0.0179124 0)
(0.119652 0.0196473 0)
(0.123834 0.0213233 0)
(0.127939 0.0229762 0)
(0.131991 0.0246396 0)
(0.136008 0.0263379 0)
(0.139991 0.0280822 0)
(0.143935 0.0298677 0)
(0.14782 0.0316715 0)
(0.151615 0.0334516 0)
(0.155282 0.035152 0)
(0.158761 0.0367065 0)
(0.162005 0.0380445 0)
(0.165006 0.0390811 0)
(0.167734 0.0397787 0)
(0.170086 0.0400326 0)
(0.172146 0.0398656 0)
(0.173824 0.0393444 0)
(0.175065 0.0383521 0)
(0.175987 0.0369693 0)
(0.176612 0.0352619 0)
(0.176976 0.0332962 0)
(0.17712 0.0311445 0)
(0.177089 0.0288783 0)
(0.176923 0.0265632 0)
(0.176661 0.0242563 0)
(0.176335 0.0220046 0)
(0.175974 0.0198445 0)
(0.1756 0.0178025 0)
(0.17523 0.0158962 0)
(0.174877 0.0141358 0)
(0.174549 0.0125252 0)
(0.174251 0.0110634 0)
(0.173985 0.00974606 0)
(0.173753 0.00856588 0)
(0.173554 0.00751399 0)
(0.173386 0.00658051 0)
(0.173247 0.00575507 0)
(0.173135 0.00502733 0)
(0.173047 0.00438723 0)
(0.17298 0.00382524 0)
(0.172932 0.0033325 0)
(0.172901 0.00290084 0)
(0.172885 0.00252285 0)
(0.172881 0.00219188 0)
(0.172888 0.00190202 0)
(0.172904 0.00164804 0)
(0.172928 0.00142533 0)
(0.17296 0.00122988 0)
(0.172998 0.00105817 0)
(0.17304 0.000907136 0)
(0.173087 0.000774136 0)
(0.173138 0.00065686 0)
(0.173192 0.000553302 0)
(0.173249 0.00046173 0)
(0.173308 0.000380663 0)
(0.173369 0.000308816 0)
(0.173431 0.000245066 0)
(0.173495 0.000188442 0)
(0.17356 0.000138122 0)
(0.173626 9.34137e-05 0)
(0.173693 5.37264e-05 0)
(0.17376 1.85668e-05 0)
(0.173827 -1.24644e-05 0)
(0.173895 -3.96513e-05 0)
(0.173962 -6.31482e-05 0)
(0.17403 -8.2997e-05 0)
(0.174097 -9.91119e-05 0)
(0.174164 -0.000111217 0)
(0.174229 -0.000118844 0)
(0.174293 -0.000121494 0)
(0.174354 -0.000118672 0)
(0.174407 -0.000111388 0)
(0.174476 -0.000104008 0)
(-0.010154 -0.0216499 0)
(-0.0205069 -0.020975 0)
(-0.0274863 -0.0236361 0)
(-0.0338842 -0.0259817 0)
(-0.0389143 -0.0289277 0)
(-0.0428312 -0.0314928 0)
(-0.0452143 -0.033031 0)
(-0.0460694 -0.0335269 0)
(-0.0455092 -0.0331459 0)
(-0.0438312 -0.0319325 0)
(-0.0411924 -0.0299797 0)
(-0.0380117 -0.0274507 0)
(-0.0344158 -0.0245661 0)
(-0.0305419 -0.0214327 0)
(-0.0264893 -0.0181526 0)
(-0.0223181 -0.0148119 0)
(-0.0180671 -0.0114824 0)
(-0.0137608 -0.00822403 0)
(-0.00941666 -0.00508309 0)
(-0.00500729 -0.00209149 0)
(-0.000576292 0.000758098 0)
(0.00391234 0.0034337 0)
(0.008476 0.00593185 0)
(0.0130992 0.00826618 0)
(0.0177665 0.0104352 0)
(0.0224841 0.012441 0)
(0.0272664 0.0143041 0)
(0.0321254 0.0160556 0)
(0.0370734 0.0177296 0)
(0.0421253 0.0193642 0)
(0.0472944 0.0209972 0)
(0.0525904 0.022658 0)
(0.05802 0.0243625 0)
(0.0635851 0.0261126 0)
(0.0692814 0.0278931 0)
(0.0750961 0.0296693 0)
(0.0810067 0.0313959 0)
(0.0869705 0.0330114 0)
(0.0929491 0.0344386 0)
(0.0988791 0.0356114 0)
(0.104708 0.0364806 0)
(0.110345 0.0369533 0)
(0.115742 0.0370298 0)
(0.120903 0.0367473 0)
(0.125722 0.0360427 0)
(0.130176 0.0349373 0)
(0.134251 0.0334909 0)
(0.13795 0.0317699 0)
(0.141281 0.0298429 0)
(0.14426 0.0277774 0)
(0.146907 0.0256377 0)
(0.149251 0.0234809 0)
(0.15132 0.0213552 0)
(0.153142 0.0192993 0)
(0.154748 0.0173424 0)
(0.156164 0.0155048 0)
(0.157413 0.0137996 0)
(0.158518 0.012233 0)
(0.159497 0.0108065 0)
(0.160368 0.00951731 0)
(0.161144 0.00835982 0)
(0.161838 0.00732635 0)
(0.16246 0.00640799 0)
(0.16302 0.00559513 0)
(0.163525 0.00487799 0)
(0.163981 0.00424697 0)
(0.164396 0.00369287 0)
(0.164773 0.00320708 0)
(0.165118 0.00278161 0)
(0.165433 0.00240919 0)
(0.165722 0.00208325 0)
(0.165988 0.00179794 0)
(0.166234 0.00154812 0)
(0.166461 0.00132922 0)
(0.166672 0.00113727 0)
(0.166868 0.000968779 0)
(0.167052 0.000820721 0)
(0.167223 0.000690484 0)
(0.167385 0.00057577 0)
(0.167536 0.000474589 0)
(0.167679 0.000385211 0)
(0.167814 0.000306199 0)
(0.167942 0.000236278 0)
(0.168064 0.000174332 0)
(0.16818 0.000119392 0)
(0.168291 7.06528e-05 0)
(0.168396 2.74481e-05 0)
(0.168497 -1.08069e-05 0)
(0.168595 -4.46069e-05 0)
(0.168688 -7.43524e-05 0)
(0.168778 -0.000100311 0)
(0.168864 -0.000122606 0)
(0.168948 -0.000141253 0)
(0.169029 -0.000156133 0)
(0.169107 -0.000166862 0)
(0.169183 -0.000172817 0)
(0.169255 -0.000173294 0)
(0.169325 -0.000167425 0)
(0.169385 -0.000156025 0)
(0.169462 -0.000141932 0)
(-0.00728561 -0.0114735 0)
(-0.0163793 -0.0148118 0)
(-0.0241049 -0.0182062 0)
(-0.0319304 -0.0212567 0)
(-0.0394233 -0.0246138 0)
(-0.0466388 -0.0276743 0)
(-0.0531327 -0.0300372 0)
(-0.0586089 -0.0314704 0)
(-0.0629728 -0.0319154 0)
(-0.0664308 -0.0315413 0)
(-0.0689301 -0.0300381 0)
(-0.070551 -0.0279613 0)
(-0.0715475 -0.0254238 0)
(-0.0719621 -0.022578 0)
(-0.0718618 -0.019546 0)
(-0.0712821 -0.016427 0)
(-0.0702492 -0.0133006 0)
(-0.0687852 -0.0102288 0)
(-0.0669098 -0.00725894 0)
(-0.0646302 -0.00442429 0)
(-0.0619753 -0.00176497 0)
(-0.0589587 0.000720274 0)
(-0.0555733 0.00305429 0)
(-0.0518412 0.00524353 0)
(-0.0478073 0.00727784 0)
(-0.0434849 0.00914961 0)
(-0.0388793 0.0108794 0)
(-0.0340028 0.0124989 0)
(-0.0288634 0.0140384 0)
(-0.0234609 0.0155341 0)
(-0.0177932 0.0170243 0)
(-0.0118579 0.0185381 0)
(-0.00564904 0.0200911 0)
(0.000840273 0.0216884 0)
(0.0076125 0.0233184 0)
(0.0146674 0.0249507 0)
(0.0219948 0.0265515 0)
(0.0295605 0.0280698 0)
(0.0373187 0.0294394 0)
(0.045207 0.0306016 0)
(0.0531648 0.0315049 0)
(0.0611022 0.0320709 0)
(0.0689263 0.0322844 0)
(0.0765859 0.0321701 0)
(0.0839936 0.0316919 0)
(0.09107 0.0308502 0)
(0.0977582 0.0296867 0)
(0.104023 0.0282592 0)
(0.10984 0.0266288 0)
(0.115199 0.0248558 0)
(0.1201 0.0229978 0)
(0.124555 0.0211073 0)
(0.128583 0.0192293 0)
(0.13221 0.0174006 0)
(0.135464 0.0156501 0)
(0.138376 0.0139985 0)
(0.140976 0.0124596 0)
(0.143294 0.0110413 0)
(0.145359 0.0097463 0)
(0.147197 0.00857355 0)
(0.148833 0.00751897 0)
(0.15029 0.00657636 0)
(0.151587 0.00573815 0)
(0.152742 0.00499598 0)
(0.153773 0.00434119 0)
(0.154694 0.00376517 0)
(0.155517 0.00325965 0)
(0.156253 0.00281679 0)
(0.156914 0.00242929 0)
(0.157507 0.00209046 0)
(0.15804 0.00179424 0)
(0.158521 0.00153526 0)
(0.158955 0.0013088 0)
(0.159348 0.00111065 0)
(0.159704 0.000937157 0)
(0.160028 0.000785085 0)
(0.160323 0.000651683 0)
(0.160592 0.000534559 0)
(0.160838 0.000431586 0)
(0.161063 0.000340933 0)
(0.161271 0.00026097 0)
(0.161461 0.00019045 0)
(0.161637 0.000128204 0)
(0.1618 7.3202e-05 0)
(0.16195 2.45348e-05 0)
(0.16209 -1.85206e-05 0)
(0.16222 -5.6554e-05 0)
(0.162341 -9.00976e-05 0)
(0.162454 -0.000119605 0)
(0.162559 -0.000145473 0)
(0.162658 -0.000167929 0)
(0.162751 -0.000187032 0)
(0.162839 -0.000202768 0)
(0.162922 -0.000215015 0)
(0.163001 -0.000223287 0)
(0.163076 -0.000226814 0)
(0.163147 -0.000224751 0)
(0.163215 -0.0002156 0)
(0.163274 -0.000200594 0)
(0.163349 -0.000177682 0)
(-0.00494358 -0.00552207 0)
(-0.0124653 -0.00988045 0)
(-0.020048 -0.0133264 0)
(-0.0283165 -0.0163104 0)
(-0.0370898 -0.0195705 0)
(-0.0463065 -0.0227309 0)
(-0.0555181 -0.0254231 0)
(-0.0642977 -0.0273555 0)
(-0.0723346 -0.0283613 0)
(-0.079508 -0.0284104 0)
(-0.0857798 -0.0275845 0)
(-0.0910568 -0.026012 0)
(-0.0954793 -0.0239145 0)
(-0.0990878 -0.0214739 0)
(-0.10193 -0.0188242 0)
(-0.104035 -0.0160719 0)
(-0.105424 -0.0132992 0)
(-0.10612 -0.0105682 0)
(-0.106148 -0.00792615 0)
(-0.105534 -0.00540458 0)
(-0.104313 -0.00303803 0)
(-0.102498 -0.000855106 0)
(-0.100106 0.0011869 0)
(-0.0971785 0.00311886 0)
(-0.0937735 0.00491647 0)
(-0.0899151 0.00655958 0)
(-0.0856192 0.00807119 0)
(-0.0809142 0.00948497 0)
(-0.0758221 0.0108243 0)
(-0.0703499 0.0121216 0)
(-0.0645023 0.0134144 0)
(-0.0582818 0.0147296 0)
(-0.051683 0.0160794 0)
(-0.0446956 0.0174694 0)
(-0.037314 0.0188895 0)
(-0.0295299 0.0203108 0)
(-0.0213451 0.0217123 0)
(-0.0127907 0.0230554 0)
(-0.00391392 0.0242815 0)
(0.00522591 0.0253406 0)
(0.0145611 0.0261838 0)
(0.023999 0.0267496 0)
(0.0334306 0.02702 0)
(0.0427714 0.0270085 0)
(0.0519259 0.0266895 0)
(0.0607922 0.0260582 0)
(0.0692858 0.0251417 0)
(0.0773442 0.0239881 0)
(0.0849187 0.0226505 0)
(0.0919756 0.0211797 0)
(0.0984984 0.0196253 0)
(0.104485 0.0180326 0)
(0.109945 0.0164412 0)
(0.114898 0.014884 0)
(0.11937 0.0133871 0)
(0.123392 0.0119698 0)
(0.126997 0.0106456 0)
(0.13022 0.00942232 0)
(0.133094 0.00830354 0)
(0.135654 0.00728915 0)
(0.13793 0.00637628 0)
(0.139952 0.00556005 0)
(0.141748 0.00483422 0)
(0.143343 0.00419179 0)
(0.144758 0.00362536 0)
(0.146015 0.00312752 0)
(0.147133 0.00269113 0)
(0.148126 0.00230938 0)
(0.14901 0.0019759 0)
(0.149797 0.0016848 0)
(0.150499 0.00143071 0)
(0.151125 0.00120897 0)
(0.151686 0.00101546 0)
(0.152187 0.000846468 0)
(0.152637 0.000698846 0)
(0.153041 0.000569692 0)
(0.153404 0.000456666 0)
(0.15373 0.000357708 0)
(0.154025 0.00027092 0)
(0.15429 0.000194707 0)
(0.15453 0.000127632 0)
(0.154747 6.86825e-05 0)
(0.154943 1.68736e-05 0)
(0.155121 -2.87382e-05 0)
(0.155283 -6.89973e-05 0)
(0.155429 -0.000104476 0)
(0.155562 -0.000135645 0)
(0.155683 -0.000162981 0)
(0.155793 -0.000186885 0)
(0.155893 -0.000207746 0)
(0.155985 -0.000225724 0)
(0.156069 -0.000240799 0)
(0.156145 -0.000252941 0)
(0.156216 -0.000262044 0)
(0.156282 -0.000267454 0)
(0.156343 -0.000268476 0)
(0.1564 -0.000264323 0)
(0.156454 -0.000252517 0)
(0.156502 -0.000235621 0)
(0.156561 -0.000203445 0)
(-0.00298675 -0.00173414 0)
(-0.008793 -0.00616832 0)
(-0.0157161 -0.0092772 0)
(-0.0237673 -0.0118305 0)
(-0.032932 -0.0146531 0)
(-0.0431446 -0.0175319 0)
(-0.05402 -0.0201698 0)
(-0.0650811 -0.0222742 0)
(-0.075858 -0.0236319 0)
(-0.0859968 -0.0241413 0)
(-0.0952464 -0.023786 0)
(-0.103464 -0.0227186 0)
(-0.110645 -0.0211084 0)
(-0.116802 -0.0191336 0)
(-0.121969 -0.0169329 0)
(-0.126174 -0.0146159 0)
(-0.129447 -0.0122656 0)
(-0.13182 -0.00994292 0)
(-0.133324 -0.00769366 0)
(-0.134002 -0.00554607 0)
(-0.133908 -0.00352857 0)
(-0.133062 -0.00168902 0)
(-0.131479 1.14143e-05 0)
(-0.129223 0.00164397 0)
(-0.12637 0.00316889 0)
(-0.122951 0.00454801 0)
(-0.118984 0.00581006 0)
(-0.114513 0.00699207 0)
(-0.10957 0.00810805 0)
(-0.104162 0.00918583 0)
(-0.098299 0.0102623 0)
(-0.0919856 0.0113614 0)
(-0.0852158 0.0124899 0)
(-0.077977 0.0136536 0)
(-0.0702611 0.0148437 0)
(-0.0620538 0.0160296 0)
(-0.0533508 0.0172038 0)
(-0.0441828 0.0183407 0)
(-0.0345971 0.0193865 0)
(-0.0246504 0.0203 0)
(-0.0144155 0.0210379 0)
(-0.00398801 0.021553 0)
(0.0065143 0.0218296 0)
(0.0169877 0.021873 0)
(0.0273264 0.0216641 0)
(0.0374143 0.0211966 0)
(0.0471498 0.0204865 0)
(0.0564521 0.0195739 0)
(0.065253 0.0185041 0)
(0.073502 0.017318 0)
(0.0811693 0.0160568 0)
(0.0882418 0.014758 0)
(0.0947208 0.0134548 0)
(0.10062 0.0121752 0)
(0.105962 0.0109417 0)
(0.110778 0.00977122 0)
(0.1151 0.0086756 0)
(0.118967 0.00766225 0)
(0.122416 0.00673472 0)
(0.125484 0.00589344 0)
(0.128209 0.0051364 0)
(0.130624 0.00445979 0)
(0.132762 0.00385857 0)
(0.134654 0.00332698 0)
(0.136327 0.00285891 0)
(0.137806 0.00244817 0)
(0.139113 0.00208881 0)
(0.140268 0.00177512 0)
(0.14129 0.00150175 0)
(0.142193 0.00126367 0)
(0.142993 0.0010563 0)
(0.143701 0.000875781 0)
(0.144328 0.000718695 0)
(0.144884 0.000581821 0)
(0.145378 0.00046266 0)
(0.145815 0.000358638 0)
(0.146204 0.000267907 0)
(0.146549 0.00018879 0)
(0.146856 0.000119643 0)
(0.147127 5.89698e-05 0)
(0.147369 6.02408e-06 0)
(0.147583 -4.03165e-05 0)
(0.147772 -8.08559e-05 0)
(0.14794 -0.000116356 0)
(0.148088 -0.000147591 0)
(0.148218 -0.000174971 0)
(0.148333 -0.000198837 0)
(0.148433 -0.000219598 0)
(0.148521 -0.000237588 0)
(0.148597 -0.00025317 0)
(0.148664 -0.000266437 0)
(0.148721 -0.000277326 0)
(0.148771 -0.000285792 0)
(0.148813 -0.00029182 0)
(0.14885 -0.000294831 0)
(0.148882 -0.000293574 0)
(0.148911 -0.000287792 0)
(0.148937 -0.000274149 0)
(0.148962 -0.000257085 0)
(0.148989 -0.000216644 0)
(-0.0013017 0.000253771 0)
(-0.00540766 -0.00355501 0)
(-0.0114489 -0.00610325 0)
(-0.0188566 -0.00807821 0)
(-0.0277508 -0.0103102 0)
(-0.0381285 -0.0126897 0)
(-0.0497298 -0.0150039 0)
(-0.0621195 -0.0170045 0)
(-0.0747615 -0.0184757 0)
(-0.0871348 -0.0192717 0)
(-0.0987993 -0.019333 0)
(-0.10946 -0.0187402 0)
(-0.118976 -0.0176246 0)
(-0.127296 -0.0161411 0)
(-0.134426 -0.0144205 0)
(-0.140391 -0.0125697 0)
(-0.14523 -0.0106702 0)
(-0.148985 -0.00878028 0)
(-0.151699 -0.00694365 0)
(-0.153431 -0.00518768 0)
(-0.154259 -0.00353751 0)
(-0.15422 -0.00205547 0)
(-0.153334 -0.000696198 0)
(-0.15166 0.000632613 0)
(-0.149305 0.00188291 0)
(-0.1463 0.00299448 0)
(-0.142668 0.00400489 0)
(-0.138466 0.00495456 0)
(-0.133732 0.00584733 0)
(-0.128477 0.00670624 0)
(-0.122707 0.00756781 0)
(-0.116429 0.00845285 0)
(-0.109637 0.00936172 0)
(-0.102314 0.0103002 0)
(-0.0944521 0.011261 0)
(-0.0860315 0.0122095 0)
(-0.0770438 0.0131524 0)
(-0.0675191 0.0140768 0)
(-0.0575059 0.0149316 0)
(-0.047058 0.0156839 0)
(-0.0362515 0.0162976 0)
(-0.0251854 0.0167371 0)
(-0.0139834 0.0169907 0)
(-0.00276056 0.0170588 0)
(0.00836859 0.0169261 0)
(0.0192776 0.0165868 0)
(0.0298532 0.0160474 0)
(0.0400014 0.0153425 0)
(0.0496393 0.0145105 0)
(0.0587035 0.0135824 0)
(0.067155 0.0125911 0)
(0.0749717 0.0115667 0)
(0.0821485 0.0105359 0)
(0.0886942 0.00952162 0)
(0.0946289 0.00854216 0)
(0.099981 0.00761159 0)
(0.104785 0.0067399 0)
(0.10908 0.00593342 0)
(0.112905 0.00519533 0)
(0.116302 0.00452622 0)
(0.11931 0.00392466 0)
(0.121968 0.00338766 0)
(0.124313 0.00291122 0)
(0.126379 0.00249075 0)
(0.128196 0.00212127 0)
(0.129793 0.00179781 0)
(0.131196 0.00151555 0)
(0.132428 0.0012699 0)
(0.133509 0.00105654 0)
(0.134457 0.000871309 0)
(0.135289 0.000710336 0)
(0.136018 0.000570698 0)
(0.136657 0.00044972 0)
(0.137217 0.000344488 0)
(0.137707 0.000253322 0)
(0.138135 0.000173983 0)
(0.138509 0.000105123 0)
(0.138834 4.53976e-05 0)
(0.139117 -6.36918e-06 0)
(0.139362 -5.16671e-05 0)
(0.139574 -9.09894e-05 0)
(0.139755 -0.000125124 0)
(0.13991 -0.000154762 0)
(0.140041 -0.000180519 0)
(0.14015 -0.000203066 0)
(0.140241 -0.000222665 0)
(0.140315 -0.000239559 0)
(0.140373 -0.000254069 0)
(0.140418 -0.000266464 0)
(0.140451 -0.000277207 0)
(0.140473 -0.000286186 0)
(0.140485 -0.000293047 0)
(0.140489 -0.000297981 0)
(0.140486 -0.000301106 0)
(0.140477 -0.000301378 0)
(0.140463 -0.000298894 0)
(0.140448 -0.000292392 0)
(0.14043 -0.000277401 0)
(0.140418 -0.000261837 0)
(0.140395 -0.000215932 0)
(4.57761e-05 0.00108092 0)
(-0.00244761 -0.0018358 0)
(-0.00751832 -0.00372621 0)
(-0.0140055 -0.00511557 0)
(-0.0221448 -0.00673109 0)
(-0.032018 -0.00852281 0)
(-0.0435185 -0.010357 0)
(-0.0563243 -0.0120532 0)
(-0.0699338 -0.0134309 0)
(-0.0837573 -0.0143392 0)
(-0.0972126 -0.0146878 0)
(-0.109836 -0.014495 0)
(-0.12133 -0.0138404 0)
(-0.131539 -0.0128399 0)
(-0.140407 -0.0116025 0)
(-0.147938 -0.0102232 0)
(-0.154169 -0.00877752 0)
(-0.159154 -0.00731913 0)
(-0.162941 -0.00589041 0)
(-0.165608 -0.0045241 0)
(-0.167252 -0.00324695 0)
(-0.167915 -0.0021224 0)
(-0.167689 -0.00106587 0)
(-0.166583 -1.72712e-05 0)
(-0.16472 0.000963726 0)
(-0.162135 0.00181809 0)
(-0.158863 0.00258473 0)
(-0.154976 0.00331009 0)
(-0.150518 0.00399139 0)
(-0.145496 0.00464356 0)
(-0.139919 0.00530186 0)
(-0.133792 0.00598448 0)
(-0.127105 0.00668512 0)
(-0.11984 0.0074099 0)
(-0.111985 0.00815457 0)
(-0.103521 0.00887812 0)
(-0.0944377 0.0095993 0)
(-0.0847605 0.0103187 0)
(-0.0745406 0.0109859 0)
(-0.0638284 0.011576 0)
(-0.0527026 0.0120609 0)
(-0.0412655 0.0124147 0)
(-0.0296451 0.0126303 0)
(-0.0179634 0.0127045 0)
(-0.00634247 0.012625 0)
(0.00508419 0.0123866 0)
(0.0161948 0.0119882 0)
(0.0268838 0.0114608 0)
(0.0370572 0.0108371 0)
(0.0466421 0.0101381 0)
(0.0555924 0.00938913 0)
(0.0638799 0.00861336 0)
(0.0714943 0.00783154 0)
(0.0784406 0.00706134 0)
(0.0847366 0.00631714 0)
(0.0904096 0.00560996 0)
(0.0954945 0.0049477 0)
(0.100031 0.00433541 0)
(0.10406 0.00377566 0)
(0.107626 0.00326899 0)
(0.110772 0.00281432 0)
(0.113539 0.00240932 0)
(0.115967 0.00205087 0)
(0.118093 0.00173541 0)
(0.11995 0.00145905 0)
(0.121571 0.00121787 0)
(0.122982 0.00100814 0)
(0.12421 0.000826339 0)
(0.125277 0.000669177 0)
(0.126201 0.000533366 0)
(0.127002 0.000415536 0)
(0.127694 0.000313776 0)
(0.128291 0.000226121 0)
(0.128804 0.000150246 0)
(0.129244 8.47645e-05 0)
(0.129618 2.8229e-05 0)
(0.129936 -2.02832e-05 0)
(0.130203 -6.2067e-05 0)
(0.130426 -9.79802e-05 0)
(0.130609 -0.000129082 0)
(0.130757 -0.000156104 0)
(0.130875 -0.000179272 0)
(0.130965 -0.000199111 0)
(0.131031 -0.000216138 0)
(0.131076 -0.000231089 0)
(0.131101 -0.000243794 0)
(0.131108 -0.000254271 0)
(0.131101 -0.000263132 0)
(0.131079 -0.000270584 0)
(0.131046 -0.000276918 0)
(0.131002 -0.000281624 0)
(0.130947 -0.000284943 0)
(0.130885 -0.00028713 0)
(0.130816 -0.000287778 0)
(0.130742 -0.000286357 0)
(0.130664 -0.000282589 0)
(0.130586 -0.0002758 0)
(0.130505 -0.000261046 0)
(0.13044 -0.000247465 0)
(0.130344 -0.000200887 0)
(0.0010263 0.00115728 0)
(-6.84814e-05 -0.000785825 0)
(-0.00410919 -0.00202801 0)
(-0.00947481 -0.00290465 0)
(-0.0164926 -0.00395872 0)
(-0.0253192 -0.00517114 0)
(-0.0359946 -0.0064719 0)
(-0.0483442 -0.00774961 0)
(-0.0619807 -0.0088778 0)
(-0.0763528 -0.00973081 0)
(-0.0908239 -0.0102134 0)
(-0.104804 -0.0103026 0)
(-0.117843 -0.0100291 0)
(-0.129646 -0.00946267 0)
(-0.140061 -0.00867878 0)
(-0.149032 -0.00774875 0)
(-0.15657 -0.00673706 0)
(-0.162734 -0.00569432 0)
(-0.167554 -0.00466566 0)
(-0.171137 -0.00366799 0)
(-0.173586 -0.00267221 0)
(-0.174847 -0.0018338 0)
(-0.175311 -0.00117543 0)
(-0.174869 -0.000471148 0)
(-0.173564 0.000242563 0)
(-0.171449 0.000870862 0)
(-0.168599 0.00144209 0)
(-0.165105 0.00199933 0)
(-0.161014 0.00250077 0)
(-0.156332 0.0029645 0)
(-0.151068 0.00343475 0)
(-0.145224 0.00392772 0)
(-0.138784 0.00443487 0)
(-0.131726 0.00496317 0)
(-0.124039 0.00551166 0)
(-0.115699 0.00603482 0)
(-0.106712 0.00655537 0)
(-0.0970819 0.0070846 0)
(-0.0868663 0.00757552 0)
(-0.0761118 0.00801137 0)
(-0.064899 0.0083713 0)
(-0.0533333 0.00863798 0)
(-0.041546 0.0088089 0)
(-0.0296628 0.00887809 0)
(-0.0178119 0.00883559 0)
(-0.00613277 0.0086775 0)
(0.00524703 0.00839602 0)
(0.0162105 0.00801967 0)
(0.0266557 0.00757622 0)
(0.0365012 0.00707734 0)
(0.0456973 0.00654161 0)
(0.0542106 0.00598616 0)
(0.062027 0.00542615 0)
(0.069149 0.00487451 0)
(0.0755926 0.0043418 0)
(0.0813847 0.00383612 0)
(0.0865603 0.00336328 0)
(0.0911599 0.00292697 0)
(0.0952275 0.00252904 0)
(0.0988084 0.00216986 0)
(0.101948 0.00184857 0)
(0.10469 0.00156338 0)
(0.107078 0.00131192 0)
(0.109149 0.00109154 0)
(0.110941 0.000899303 0)
(0.112487 0.000732281 0)
(0.113816 0.000587635 0)
(0.114956 0.000462877 0)
(0.115931 0.000355754 0)
(0.11676 0.000263809 0)
(0.117463 0.000184296 0)
(0.118055 0.00011578 0)
(0.118551 5.62624e-05 0)
(0.118961 7.81148e-06 0)
(0.119298 -3.447e-05 0)
(0.11957 -7.08388e-05 0)
(0.119784 -0.000101633 0)
(0.119948 -0.000127781 0)
(0.120069 -0.000150089 0)
(0.120151 -0.000169369 0)
(0.120198 -0.000185943 0)
(0.120216 -0.000199465 0)
(0.120207 -0.000210782 0)
(0.120175 -0.000220397 0)
(0.120122 -0.000228734 0)
(0.12005 -0.000235238 0)
(0.119962 -0.000240526 0)
(0.11986 -0.000244933 0)
(0.119745 -0.000248342 0)
(0.119619 -0.000250678 0)
(0.119482 -0.00025203 0)
(0.119337 -0.000252808 0)
(0.119185 -0.000252782 0)
(0.119028 -0.000251713 0)
(0.118866 -0.000249108 0)
(0.118702 -0.000244646 0)
(0.11854 -0.000238058 0)
(0.118376 -0.000224684 0)
(0.118242 -0.000213154 0)
(0.118048 -0.000171358 0)
(0.00148905 0.000788788 0)
(0.00152466 -0.000214185 0)
(-0.00134503 -0.000877671 0)
(-0.00538193 -0.00135685 0)
(-0.0109351 -0.00194715 0)
(-0.0182092 -0.0026548 0)
(-0.0273608 -0.00345302 0)
(-0.038362 -0.00428524 0)
(-0.0509858 -0.00507797 0)
(-0.0648161 -0.00574803 0)
(-0.0792736 -0.00621862 0)
(-0.0937338 -0.0064513 0)
(-0.10764 -0.0064422 0)
(-0.120567 -0.00621948 0)
(-0.132236 -0.00582056 0)
(-0.142493 -0.00528497 0)
(-0.151269 -0.00467168 0)
(-0.158636 -0.00405098 0)
(-0.164541 -0.0034328 0)
(-0.169081 -0.00280001 0)
(-0.172351 -0.0021825 0)
(-0.174457 -0.00162024 0)
(-0.175633 -0.00109451 0)
(-0.175909 -0.000518321 0)
(-0.175281 -3.09782e-06 0)
(-0.173717 0.000369205 0)
(-0.171438 0.000693818 0)
(-0.168516 0.00104681 0)
(-0.164948 0.00137626 0)
(-0.160776 0.00167948 0)
(-0.156014 0.00198219 0)
(-0.150649 0.0022968 0)
(-0.144652 0.00262172 0)
(-0.138015 0.00296788 0)
(-0.13071 0.00333289 0)
(-0.12271 0.0036773 0)
(-0.114076 0.00403001 0)
(-0.104758 0.0043884 0)
(-0.0948166 0.00471956 0)
(-0.0842984 0.0050144 0)
(-0.0732853 0.00525866 0)
(-0.0618852 0.00544143 0)
(-0.0502313 0.0055638 0)
(-0.0384486 0.00562017 0)
(-0.0266717 0.00560361 0)
(-0.0150429 0.00551164 0)
(-0.00369628 0.00533086 0)
(0.00723718 0.00508355 0)
(0.0176546 0.0047934 0)
(0.027466 0.00446536 0)
(0.0366197 0.00411258 0)
(0.0450789 0.00374703 0)
(0.0528271 0.00337891 0)
(0.0598649 0.00301694 0)
(0.0662078 0.00266821 0)
(0.0718825 0.00233815 0)
(0.0769249 0.00203059 0)
(0.0813768 0.00174793 0)
(0.0852839 0.0014913 0)
(0.0886934 0.00126082 0)
(0.0916529 0.00105577 0)
(0.0942087 0.00087484 0)
(0.0964046 0.000716317 0)
(0.0982818 0.000578307 0)
(0.0998781 0.000458761 0)
(0.101228 0.000355572 0)
(0.102363 0.000266578 0)
(0.103311 0.000190135 0)
(0.104096 0.000125348 0)
(0.104739 6.9487e-05 0)
(0.105258 2.35293e-05 0)
(0.10567 -1.57493e-05 0)
(0.105988 -5.00651e-05 0)
(0.106225 -7.67702e-05 0)
(0.106391 -9.9313e-05 0)
(0.106495 -0.000119384 0)
(0.106546 -0.000135594 0)
(0.106551 -0.000148905 0)
(0.106515 -0.00016013 0)
(0.106445 -0.000169706 0)
(0.106343 -0.00017732 0)
(0.106214 -0.000183275 0)
(0.106062 -0.00018822 0)
(0.105891 -0.000192108 0)
(0.105701 -0.000194839 0)
(0.105495 -0.000196825 0)
(0.105276 -0.000198437 0)
(0.105046 -0.000199368 0)
(0.104805 -0.000199652 0)
(0.104555 -0.000199429 0)
(0.104299 -0.000198631 0)
(0.104036 -0.000197369 0)
(0.103769 -0.000195671 0)
(0.103499 -0.000193399 0)
(0.103227 -0.000190199 0)
(0.102956 -0.000185861 0)
(0.10269 -0.000180133 0)
(0.102424 -0.000169535 0)
(0.102204 -0.000159523 0)
(0.101893 -0.000128986 0)
(0.00132963 0.000337166 0)
(0.00206163 3.87237e-06 0)
(0.000552009 -0.000214834 0)
(-0.00182561 -0.000365061 0)
(-0.00539023 -0.000585466 0)
(-0.0103829 -0.000881383 0)
(-0.0170403 -0.00123938 0)
(-0.0254685 -0.00163668 0)
(-0.0356209 -0.00205699 0)
(-0.0472965 -0.00246733 0)
(-0.0600969 -0.00281767 0)
(-0.0735022 -0.00307295 0)
(-0.0869648 -0.00321131 0)
(-0.099986 -0.00322938 0)
(-0.11218 -0.00313829 0)
(-0.123292 -0.00297743 0)
(-0.133081 -0.00273614 0)
(-0.141487 -0.00240708 0)
(-0.148472 -0.0020533 0)
(-0.154122 -0.00170932 0)
(-0.158472 -0.0013846 0)
(-0.161649 -0.00109861 0)
(-0.163829 -0.000836474 0)
(-0.165013 -0.000574804 0)
(-0.165203 -0.000332946 0)
(-0.164526 -0.000116688 0)
(-0.163165 0.000114405 0)
(-0.161129 0.00032937 0)
(-0.158422 0.000515976 0)
(-0.155116 0.000685273 0)
(-0.151247 0.00088065 0)
(-0.146779 0.00111423 0)
(-0.141632 0.0013246 0)
(-0.135852 0.00151638 0)
(-0.129373 0.00171197 0)
(-0.122107 0.00183517 0)
(-0.114338 0.00197664 0)
(-0.105853 0.00218024 0)
(-0.096716 0.00236612 0)
(-0.0869788 0.00253218 0)
(-0.0767228 0.00266851 0)
(-0.0660585 0.00276247 0)
(-0.055114 0.00281641 0)
(-0.0440023 0.0028426 0)
(-0.0328701 0.00284204 0)
(-0.0218538 0.00281095 0)
(-0.0110963 0.0027364 0)
(-0.000760257 0.00261565 0)
(0.00907585 0.00245644 0)
(0.0183132 0.00227426 0)
(0.0268991 0.00207821 0)
(0.0347957 0.00187593 0)
(0.0419857 0.0016733 0)
(0.0484701 0.00147524 0)
(0.0542651 0.00128574 0)
(0.0593987 0.00110779 0)
(0.0639083 0.000943418 0)
(0.0678374 0.000793786 0)
(0.0712335 0.000659339 0)
(0.0741456 0.000539948 0)
(0.0766225 0.000435005 0)
(0.0787118 0.000343218 0)
(0.0804579 0.000263659 0)
(0.0819025 0.000195342 0)
(0.0830837 0.000136935 0)
(0.0840354 8.69557e-05 0)
(0.0847889 4.54209e-05 0)
(0.0853719 1.13451e-05 0)
(0.0858073 -1.78087e-05 0)
(0.0861173 -4.35582e-05 0)
(0.0863159 -6.11993e-05 0)
(0.0864183 -7.5978e-05 0)
(0.0864409 -8.81606e-05 0)
(0.086395 -9.88741e-05 0)
(0.0862914 -0.000107152 0)
(0.086137 -0.000113843 0)
(0.0859398 -0.000118683 0)
(0.0857076 -0.000122508 0)
(0.0854451 -0.000125401 0)
(0.0851565 -0.000127139 0)
(0.0848459 -0.000128156 0)
(0.084517 -0.00012909 0)
(0.0841729 -0.000129448 0)
(0.0838161 -0.000129171 0)
(0.0834488 -0.000128548 0)
(0.0830731 -0.000127558 0)
(0.0826909 -0.000126345 0)
(0.0823034 -0.000124966 0)
(0.081912 -0.000123383 0)
(0.0815181 -0.000121637 0)
(0.0811229 -0.000119679 0)
(0.0807277 -0.000117603 0)
(0.0803334 -0.000115404 0)
(0.0799411 -0.000112984 0)
(0.0795528 -0.000110125 0)
(0.0791698 -0.000106788 0)
(0.0787978 -0.000102673 0)
(0.07843 -9.62466e-05 0)
(0.0781232 -8.77522e-05 0)
(0.0777052 -7.44255e-05 0)
(0.000629861 6.0509e-05 0)
(0.0011495 1.52796e-05 0)
(0.000829697 2.15279e-05 0)
(0.00025932 1.20219e-05 0)
(-0.000751578 2.22602e-07 0)
(-0.00235739 -1.43142e-06 0)
(-0.00475327 -2.36167e-05 0)
(-0.00813866 -9.2547e-05 0)
(-0.0126784 -0.00019332 0)
(-0.0184502 -0.000307006 0)
(-0.0254116 -0.000433506 0)
(-0.0334021 -0.000559618 0)
(-0.0421623 -0.000670926 0)
(-0.0513654 -0.000755053 0)
(-0.0606645 -0.000798418 0)
(-0.0697344 -0.000794235 0)
(-0.0782795 -0.000766873 0)
(-0.0861556 -0.000777663 0)
(-0.09321 -0.000763517 0)
(-0.0993652 -0.000687304 0)
(-0.104548 -0.000599313 0)
(-0.10881 -0.000515463 0)
(-0.112258 -0.00043731 0)
(-0.114868 -0.000339958 0)
(-0.116616 -0.000253017 0)
(-0.117644 -0.000201415 0)
(-0.118072 -0.000147202 0)
(-0.117852 -8.07992e-05 0)
(-0.117029 -3.27152e-05 0)
(-0.11569 6.72695e-06 0)
(-0.113847 3.63315e-05 0)
(-0.111457 6.34379e-05 0)
(-0.108484 0.000113424 0)
(-0.104951 0.000184565 0)
(-0.10082 0.000270864 0)
(-0.0960894 0.000386656 0)
(-0.0908639 0.000477256 0)
(-0.0850091 0.000549264 0)
(-0.0785533 0.000614597 0)
(-0.0715524 0.000672277 0)
(-0.0640788 0.000719617 0)
(-0.0562465 0.000772308 0)
(-0.0481495 0.000843154 0)
(-0.0398314 0.000880144 0)
(-0.0314766 0.000874275 0)
(-0.0231723 0.000834168 0)
(-0.0150662 0.000727861 0)
(-0.00742888 0.000636776 0)
(-0.000220486 0.000587549 0)
(0.00646771 0.00053042 0)
(0.0125865 0.000469655 0)
(0.0181073 0.000408551 0)
(0.0230221 0.000348859 0)
(0.0273399 0.000292021 0)
(0.0310835 0.000239138 0)
(0.0342862 0.000190936 0)
(0.0369882 0.000147807 0)
(0.0392346 0.000109858 0)
(0.0410719 7.69761e-05 0)
(0.042547 4.88952e-05 0)
(0.043705 2.52087e-05 0)
(0.044588 5.83765e-06 0)
(0.0452344 -9.99352e-06 0)
(0.0456793 -2.29456e-05 0)
(0.0459539 -3.35075e-05 0)
(0.0460855 -4.26357e-05 0)
(0.0460956 -4.87773e-05 0)
(0.0460027 -5.06883e-05 0)
(0.0458284 -5.28481e-05 0)
(0.0455901 -5.49728e-05 0)
(0.0453003 -5.60313e-05 0)
(0.0449685 -5.73614e-05 0)
(0.0446046 -5.81993e-05 0)
(0.0442151 -5.88662e-05 0)
(0.0438067 -5.81423e-05 0)
(0.0433846 -5.69113e-05 0)
(0.042953 -5.65639e-05 0)
(0.0425154 -5.57358e-05 0)
(0.0420746 -5.4424e-05 0)
(0.0416329 -5.31101e-05 0)
(0.0411925 -5.17175e-05 0)
(0.0407549 -5.00781e-05 0)
(0.0403211 -4.84514e-05 0)
(0.0398923 -4.68729e-05 0)
(0.0394692 -4.53087e-05 0)
(0.039053 -4.37383e-05 0)
(0.0386438 -4.22411e-05 0)
(0.0382419 -4.07824e-05 0)
(0.0378477 -3.93288e-05 0)
(0.0374616 -3.78795e-05 0)
(0.0370839 -3.64305e-05 0)
(0.0367149 -3.50445e-05 0)
(0.0363547 -3.3697e-05 0)
(0.0360035 -3.23609e-05 0)
(0.0356623 -3.09666e-05 0)
(0.0353315 -2.9589e-05 0)
(0.0350148 -2.79124e-05 0)
(0.0347069 -2.63863e-05 0)
(0.034452 -2.11169e-05 0)
(0.0341218 -2.03362e-05 0)
(0.886518 -0.0001779 0)
(0.886715 -0.000558898 0)
(0.887075 -0.000931548 0)
(0.887621 -0.00131238 0)
(0.888298 -0.00169003 0)
(0.889012 -0.00207601 0)
(0.889797 -0.0024916 0)
(0.890501 -0.00286274 0)
(0.891058 -0.00315035 0)
(0.890687 -0.00342671 0)
(0.889083 -0.00363016 0)
(0.886547 -0.00346247 0)
(0.879811 -0.00208769 0)
(0.861859 -6.92184e-05 0)
(0.829381 0.000465086 0)
(0.781992 0.000259811 0)
(0.724108 0.0056396 0)
(0.620569 0.0152978 0)
(0.470915 0.0187546 0)
(0.210728 0.0106799 0)
(0.884465 -0.00021111 0)
(0.884668 -0.000628049 0)
(0.885069 -0.00103552 0)
(0.885649 -0.00143224 0)
(0.886387 -0.00181629 0)
(0.887247 -0.00217788 0)
(0.888137 -0.00250845 0)
(0.888948 -0.00280402 0)
(0.889501 -0.00304506 0)
(0.889512 -0.00319678 0)
(0.88821 -0.00325707 0)
(0.884791 -0.00308654 0)
(0.877218 -0.00310881 0)
(0.862733 -0.00273482 0)
(0.835181 -0.00167388 0)
(0.785693 0.000190526 0)
(0.706498 0.00098871 0)
(0.599349 0.00105224 0)
(0.452191 0.000802148 0)
(0.208052 8.25166e-05 0)
(0.88061 -0.000292229 0)
(0.880824 -0.000881117 0)
(0.881248 -0.00147405 0)
(0.881873 -0.00206575 0)
(0.882682 -0.00265506 0)
(0.883644 -0.00324065 0)
(0.884714 -0.00381924 0)
(0.885809 -0.00438502 0)
(0.886793 -0.00492883 0)
(0.887434 -0.00542694 0)
(0.887341 -0.00587455 0)
(0.885183 -0.0062271 0)
(0.879658 -0.00638342 0)
(0.867384 -0.00631538 0)
(0.842783 -0.00591016 0)
(0.798156 -0.00496815 0)
(0.72526 -0.00342147 0)
(0.616856 -0.00159265 0)
(0.462972 -0.000205805 0)
(0.20954 0.000269731 0)
(0.873717 -0.000344641 0)
(0.87393 -0.00103322 0)
(0.874354 -0.00172028 0)
(0.874981 -0.00240602 0)
(0.875802 -0.00309006 0)
(0.876795 -0.00377072 0)
(0.877926 -0.00444514 0)
(0.879132 -0.00510893 0)
(0.880306 -0.00575553 0)
(0.88126 -0.00637527 0)
(0.88165 -0.00694719 0)
(0.880833 -0.00744628 0)
(0.877439 -0.00779911 0)
(0.868731 -0.00790833 0)
(0.849437 -0.0076065 0)
(0.810878 -0.00667481 0)
(0.741965 -0.00502377 0)
(0.632691 -0.00290809 0)
(0.472298 -0.000995231 0)
(0.210452 2.4371e-07 0)
(0.862353 -0.000409504 0)
(0.862571 -0.001231 0)
(0.863007 -0.00205476 0)
(0.863662 -0.00287765 0)
(0.864533 -0.00369891 0)
(0.865616 -0.00451731 0)
(0.866898 -0.00533048 0)
(0.868349 -0.00613428 0)
(0.869917 -0.0069223 0)
(0.871497 -0.00768431 0)
(0.872885 -0.00840404 0)
(0.87368 -0.00905444 0)
(0.873037 -0.00958869 0)
(0.869113 -0.00991994 0)
(0.857845 -0.00989802 0)
(0.83104 -0.00921565 0)
(0.774844 -0.00754673 0)
(0.671184 -0.00483538 0)
(0.50181 -0.0018444 0)
(0.219338 1.73494e-05 0)
(0.84664 -0.000488801 0)
(0.846856 -0.00146931 0)
(0.847291 -0.00245281 0)
(0.847949 -0.00343673 0)
(0.848837 -0.00442136 0)
(0.849964 -0.00540646 0)
(0.851335 -0.00639091 0)
(0.852953 -0.00737233 0)
(0.854812 -0.0083467 0)
(0.856884 -0.00930713 0)
(0.859102 -0.010242 0)
(0.86131 -0.0111316 0)
(0.863148 -0.0119405 0)
(0.863754 -0.0126 0)
(0.861041 -0.0129817 0)
(0.848932 -0.0128664 0)
(0.814607 -0.0116384 0)
(0.731182 -0.00875708 0)
(0.558599 -0.00451186 0)
(0.236605 -0.000109088 0)
(0.830416 -0.000609299 0)
(0.830621 -0.00182621 0)
(0.831035 -0.00304223 0)
(0.831665 -0.00426347 0)
(0.832524 -0.00549412 0)
(0.833624 -0.0067362 0)
(0.834984 -0.00798953 0)
(0.836623 -0.00925735 0)
(0.838563 -0.0105392 0)
(0.840824 -0.011833 0)
(0.843419 -0.0131333 0)
(0.846336 -0.0144293 0)
(0.849498 -0.0157015 0)
(0.852658 -0.0169136 0)
(0.855058 -0.01796 0)
(0.854674 -0.0186506 0)
(0.841605 -0.0185477 0)
(0.794273 -0.0167193 0)
(0.648633 -0.0122997 0)
(0.282726 -0.00221797 0)
(0.815381 -0.000699016 0)
(0.815546 -0.00209186 0)
(0.815884 -0.00348307 0)
(0.816404 -0.00488857 0)
(0.81712 -0.00631728 0)
(0.818048 -0.00777413 0)
(0.819205 -0.00925561 0)
(0.820611 -0.0107828 0)
(0.822304 -0.0123601 0)
(0.82433 -0.0139931 0)
(0.826741 -0.0156864 0)
(0.82959 -0.0174417 0)
(0.83293 -0.0192582 0)
(0.83678 -0.0211388 0)
(0.841037 -0.0230562 0)
(0.845097 -0.0247139 0)
(0.846804 -0.0258902 0)
(0.82858 -0.026563 0)
(0.744658 -0.0241904 0)
(0.403919 -0.00886022 0)
(0.804134 -0.000591276 0)
(0.804216 -0.00179395 0)
(0.804374 -0.00303738 0)
(0.804617 -0.00432076 0)
(0.804958 -0.00564741 0)
(0.805415 -0.00702914 0)
(0.805997 -0.00850338 0)
(0.806726 -0.0100647 0)
(0.807645 -0.0117265 0)
(0.808801 -0.0135083 0)
(0.810248 -0.0154281 0)
(0.812056 -0.0175043 0)
(0.814313 -0.0197558 0)
(0.817131 -0.0221997 0)
(0.820632 -0.0248532 0)
(0.824799 -0.0277343 0)
(0.829156 -0.0300471 0)
(0.831884 -0.0337262 0)
(0.799566 -0.0351486 0)
(0.568021 -0.0132113 0)
(0.800444 -0.000209217 0)
(0.80046 -0.000613595 0)
(0.800486 -0.00101503 0)
(0.800524 -0.00144571 0)
(0.800577 -0.00191374 0)
(0.800648 -0.00243084 0)
(0.800744 -0.00301235 0)
(0.800873 -0.00367878 0)
(0.801046 -0.0044556 0)
(0.801273 -0.00537511 0)
(0.801568 -0.00647774 0)
(0.801949 -0.00781502 0)
(0.802443 -0.00945523 0)
(0.80309 -0.0114837 0)
(0.803953 -0.0139696 0)
(0.805132 -0.0169092 0)
(0.806293 -0.0211647 0)
(0.806853 -0.0261892 0)
(0.802039 -0.036778 0)
(0.702117 -0.00415669 0)
)
;

boundaryField
{
    inLet
    {
        type            fixedValue;
        value           uniform (0.8 0 0);
    }
    outLet
    {
        type            zeroGradient;
    }
    walls
    {
        type            noSlip;
    }
    frontAndBack
    {
        type            empty;
    }
    sym
    {
        type            symmetry;
    }
    slave
    {
        type            noSlip;
    }
}


// ************************************************************************* //
